4	45
5	37
5	19
5	46
5	23
6	45
6	34
6	48
6	34
6	11
6	34
6	47
6	46
6	47
7	21
7	35
7	12
7	18
7	35
7	8
7	8
7	22
7	7
7	7
7	8
7	7
7	7
7	7
7	7
7	7
7	21
7	34
7	7
7	7
7	8
7	8
7	8
7	7
7	7
7	8
8	27
8	37
8	8
8	18
8	24
8	17
8	8
8	8
8	8
8	24
8	19
8	8
8	19
8	8
8	8
8	8
8	21
8	8
8	15
8	16
8	23
8	8
8	15
8	8
8	8
8	8
8	8
8	8
8	16
8	8
8	8
8	8
8	8
8	8
8	8
8	15
8	8
8	21
8	21
8	8
8	8
8	8
8	8
8	8
8	24
8	8
8	8
8	24
8	8
8	8
8	8
8	23
8	9
8	9
8	15
8	21
8	8
8	9
8	15
8	27
8	15
8	10
8	28
8	28
8	8
8	9
8	16
8	10
8	8
8	10
8	16
8	10
8	16
8	16
8	9
8	35
9	9
9	10
9	9
9	9
9	23
9	23
9	10
9	37
9	9
9	45
9	9
9	9
9	11
9	9
9	10
9	38
9	9
9	23
9	9
9	23
9	9
9	9
9	36
9	9
9	9
9	22
9	9
9	24
9	9
9	9
9	23
9	21
9	9
9	23
9	9
9	9
9	9
9	23
9	9
9	36
9	23
9	9
9	9
9	10
9	9
9	40
9	10
9	9
9	36
9	36
9	27
9	16
9	9
9	9
9	10
9	16
9	10
9	10
9	16
9	10
9	10
9	16
9	10
9	28
9	28
9	28
10	10
10	10
10	10
10	10
10	36
10	10
10	22
10	37
10	10
10	37
10	38
10	38
10	35
10	38
10	38
10	22
10	35
10	23
10	23
10	10
10	10
10	38
10	38
10	10
10	38
10	23
10	11
10	23
10	11
10	11
10	11
10	22
10	10
10	10
10	38
10	44
10	22
10	44
10	23
10	38
10	11
10	10
10	10
10	11
10	43
10	11
10	22
10	23
10	16
10	10
10	37
10	37
10	10
10	11
10	11
10	11
10	37
10	10
10	45
10	23
10	22
10	11
10	17
11	37
11	11
11	11
11	37
11	37
11	23
11	11
11	37
11	37
11	11
11	37
11	23
11	37
11	11
11	37
11	11
11	21
11	17
11	16
11	22
11	46
11	25
11	24
11	12
11	47
11	44
11	23
11	43
11	18
11	17
11	22
11	23
11	43
11	21
11	17
11	17
11	11
11	13
11	11
11	21
11	13
11	26
11	13
11	14
11	14
11	12
11	26
11	11
11	26
11	11
11	11
11	11
11	11
11	11
11	11
11	11
11	12
11	34
11	14
11	11
11	11
11	11
11	37
11	11
11	12
11	13
11	11
11	12
11	35
11	11
11	12
11	12
11	11
11	11
11	12
11	13
11	12
11	12
11	12
12	41
12	14
12	35
12	12
12	12
12	12
12	12
12	12
12	39
12	30
12	30
12	12
12	29
12	16
12	19
12	39
12	30
12	39
12	15
12	15
12	15
12	30
12	12
12	38
12	13
12	13
12	12
12	14
12	13
12	13
12	36
12	12
12	14
12	16
12	13
12	13
12	12
12	13
12	13
12	12
12	16
12	16
12	16
12	27
12	13
12	13
12	17
12	16
12	12
12	18
12	13
12	14
12	12
12	13
12	16
12	13
12	14
12	13
12	36
12	16
12	13
12	12
12	13
12	30
12	12
12	29
13	13
13	13
13	13
13	29
13	41
13	13
13	29
13	13
13	39
13	16
13	29
13	46
13	40
13	16
13	16
13	13
13	37
13	37
13	38
13	13
13	18
13	39
13	15
13	13
13	13
13	13
13	17
13	17
13	13
13	18
13	14
13	18
13	18
13	25
13	14
13	14
13	13
13	13
13	27
13	38
13	13
13	13
13	21
13	13
13	13
13	38
13	15
13	18
13	13
13	37
13	22
13	14
13	27
13	13
13	13
13	14
13	55
14	26
14	14
14	27
14	27
14	14
14	26
14	21
14	14
14	14
14	14
14	17
14	15
14	18
14	14
14	27
14	14
14	37
14	14
14	27
14	14
14	14
14	14
14	14
14	14
14	31
14	14
14	31
14	14
14	14
14	14
15	16
15	16
15	33
15	18
15	27
15	44
15	15
15	16
15	23
15	23
15	15
15	15
15	15
15	17
15	15
15	17
15	17
15	15
15	17
15	15
15	15
15	15
15	17
15	17
15	27
15	15
15	17
15	17
15	17
16	16
16	16
16	16
16	16
16	17
16	16
16	16
16	16
16	27
16	16
16	27
16	16
16	16
16	18
16	37
16	16
16	37
16	16
16	16
16	17
16	17
16	16
16	16
16	16
16	16
16	16
16	18
16	16
16	16
16	16
16	37
16	17
16	19
16	17
16	19
16	22
16	17
16	16
16	16
16	16
16	18
16	18
16	16
16	17
16	16
16	16
16	16
16	16
16	16
16	18
16	18
16	17
16	17
17	18
17	17
17	18
17	31
17	17
17	27
17	17
17	17
17	17
17	17
17	17
17	17
17	17
17	37
17	37
17	40
17	17
17	17
17	17
17	17
17	17
17	17
17	40
17	17
17	17
17	40
17	18
17	40
17	40
17	26
17	17
17	40
17	17
17	41
17	18
17	40
17	17
17	17
17	18
17	18
17	41
17	37
17	18
17	18
17	18
17	41
17	18
17	40
18	30
18	18
18	18
18	18
18	18
18	37
18	18
18	18
18	18
18	18
18	18
18	18
18	18
18	18
18	18
18	41
18	18
18	18
18	18
18	18
18	27
18	18
19	19
19	19
19	19
19	19
19	19
19	19
19	19
19	19
19	19
19	24
19	19
19	19
19	19
19	19
19	19
19	19
19	19
19	19
19	19
19	23
19	19
19	22
19	19
19	19
19	20
19	20
19	52
19	20
19	20
19	19
19	19
19	20
19	20
19	31
19	19
20	20
20	21
20	20
20	20
20	55
20	20
20	24
20	24
20	20
20	20
20	20
20	20
20	24
20	20
20	20
20	20
20	20
20	20
20	20
20	24
20	20
20	20
20	20
20	36
20	30
20	20
20	24
20	31
20	20
20	20
20	21
20	32
20	20
20	32
20	20
20	20
20	21
20	32
20	32
20	32
20	32
20	20
20	21
20	31
20	32
20	32
20	20
20	23
20	20
20	20
20	20
20	20
20	20
20	20
20	20
20	32
20	20
20	30
20	20
20	20
20	20
20	55
20	54
20	30
20	54
20	54
20	20
20	20
20	54
20	52
20	20
20	31
21	32
21	25
21	21
21	21
21	32
21	21
21	29
21	21
21	30
21	32
21	30
21	21
21	55
21	21
21	21
21	21
21	21
21	21
21	26
21	26
21	25
21	21
21	21
21	26
21	21
21	21
21	26
21	25
21	54
21	21
21	21
21	25
21	21
21	26
21	21
21	21
21	24
21	25
21	21
21	21
21	21
21	21
21	21
21	54
21	21
21	54
21	24
21	21
21	24
21	23
21	25
21	21
21	21
21	21
21	21
21	21
21	25
21	23
21	24
21	24
21	24
21	24
21	25
21	21
21	48
21	48
21	48
21	24
21	25
21	21
21	21
21	21
21	44
21	21
21	21
21	37
21	21
21	21
21	21
21	22
22	22
22	23
22	23
22	43
22	22
22	46
22	44
22	22
22	44
22	44
22	32
22	22
22	48
22	22
22	22
22	23
22	22
22	23
22	23
22	22
22	22
22	38
22	22
22	23
22	51
22	22
22	24
22	22
22	33
22	22
22	23
22	22
22	22
22	38
22	22
22	22
22	22
22	22
22	22
22	22
22	22
22	23
22	23
22	23
22	51
22	51
22	34
22	22
22	22
22	23
22	23
22	38
22	23
22	22
22	22
22	43
23	42
23	23
23	34
23	44
23	23
23	23
23	26
23	23
23	23
23	23
23	23
23	23
23	23
23	26
23	23
23	23
23	23
23	38
23	38
23	23
23	23
23	38
23	23
23	23
23	23
23	38
23	23
23	23
23	40
23	45
23	24
23	24
23	23
23	23
23	24
23	25
23	45
23	54
23	23
23	23
23	45
23	23
23	48
23	23
23	23
23	46
24	24
24	24
24	24
24	35
24	24
24	24
24	24
24	24
24	24
24	24
24	24
24	26
24	24
24	24
24	24
24	24
24	24
24	46
24	25
24	25
24	25
24	24
24	24
24	24
24	48
24	48
24	24
24	24
24	24
24	24
24	24
24	45
24	25
24	24
24	24
24	45
24	25
24	25
24	25
24	45
24	24
24	25
24	45
24	24
24	25
24	46
24	46
24	25
24	48
24	25
24	25
24	25
24	24
24	25
24	24
24	25
24	25
24	24
24	45
24	25
24	25
24	25
24	25
24	25
25	48
25	25
25	25
25	25
25	25
25	25
25	25
25	25
25	25
25	45
25	25
25	25
25	25
25	25
25	25
25	25
25	25
25	25
25	25
25	25
25	25
25	25
25	25
25	25
25	25
25	25
25	25
25	25
25	25
25	45
25	32
25	25
25	25
25	45
25	25
25	25
25	25
25	25
25	25
25	25
25	25
25	25
25	25
25	45
25	45
25	47
25	25
25	25
25	25
25	25
25	25
25	25
25	26
26	26
26	37
26	26
26	26
26	26
26	26
26	26
26	26
26	26
26	26
26	26
26	26
26	26
26	27
26	27
26	27
26	27
26	39
26	27
26	38
26	28
26	38
26	28
26	26
26	28
27	53
27	27
27	27
27	27
27	54
27	27
27	27
27	27
27	27
27	27
27	27
27	27
27	27
27	27
27	27
27	30
27	29
27	52
27	55
27	27
27	54
27	54
27	27
27	27
27	52
27	33
27	27
27	27
27	54
27	28
27	27
27	27
27	36
27	27
27	27
27	28
27	28
27	27
27	27
27	30
27	51
27	27
27	35
27	29
27	29
27	27
27	27
27	28
27	27
27	40
27	27
27	27
27	27
27	28
27	40
27	36
27	27
27	28
27	28
28	28
28	28
28	28
28	28
28	39
28	28
28	28
28	39
28	28
28	36
28	28
28	38
28	28
28	28
28	39
28	29
28	29
28	28
28	28
28	28
28	28
28	28
28	28
28	28
28	28
28	28
28	28
28	28
28	28
28	28
28	28
28	28
28	39
28	28
28	28
28	28
28	28
28	28
28	28
28	28
28	28
28	28
28	28
28	28
28	28
28	28
28	28
28	28
28	29
28	29
28	28
29	40
29	29
29	29
29	29
29	39
29	39
29	29
29	29
29	29
29	53
29	29
29	29
29	29
29	29
29	29
29	56
29	35
29	29
29	29
29	29
29	29
29	43
29	52
29	55
29	29
29	30
29	29
29	29
29	29
29	29
29	41
29	39
29	29
29	29
29	29
29	29
29	29
29	55
29	30
29	29
29	29
29	53
29	35
29	29
29	40
29	39
29	55
29	29
29	29
29	55
29	29
29	29
29	29
29	52
29	29
29	55
29	41
29	29
29	29
29	55
29	56
29	29
29	56
29	35
29	30
29	30
29	50
30	30
30	30
30	50
30	47
30	49
30	30
30	39
30	36
30	30
30	30
30	30
30	49
30	53
30	30
30	30
30	49
30	51
30	67
30	30
30	30
30	30
30	30
30	49
30	49
30	55
30	30
30	30
30	30
30	53
30	55
30	30
30	31
30	54
30	39
30	47
30	30
30	30
30	47
30	47
30	30
30	30
30	30
30	30
30	54
30	30
30	30
30	30
30	30
30	54
30	31
30	30
30	54
30	30
30	31
30	54
30	31
30	54
30	30
30	54
30	30
30	30
30	30
30	30
30	32
30	30
30	30
30	31
30	30
30	30
30	53
30	30
30	30
30	31
30	55
30	55
30	55
30	30
30	31
30	55
30	55
30	30
31	31
31	31
31	31
31	31
31	31
31	31
31	31
31	31
31	31
31	31
31	31
31	31
31	31
31	31
31	31
31	32
31	32
31	31
31	31
31	31
31	32
31	31
31	31
31	31
31	31
31	31
31	32
31	32
31	31
31	31
31	31
31	31
31	31
31	31
31	31
31	31
31	32
31	31
31	31
31	32
31	31
31	31
31	31
31	31
31	31
31	31
31	31
31	31
31	31
31	31
31	31
31	31
31	31
31	31
31	31
31	31
31	31
31	31
31	52
31	52
31	32
31	31
31	31
31	55
31	52
31	32
32	32
32	32
32	32
32	32
32	32
32	103
32	32
32	58
32	49
32	32
32	32
32	32
32	32
32	32
32	32
32	32
32	32
32	32
32	45
32	45
32	32
32	32
32	48
32	45
32	32
32	32
32	47
32	46
32	45
32	97
32	47
32	47
32	57
32	32
32	57
32	32
32	46
32	32
32	32
32	32
32	48
32	36
32	57
32	36
32	47
32	44
32	32
32	46
32	32
32	36
32	32
32	47
32	32
32	44
32	47
32	32
32	32
32	51
32	57
32	32
32	46
32	48
32	47
32	45
32	32
32	32
32	48
32	47
32	33
32	44
32	47
32	32
32	75
32	48
32	33
32	34
33	34
33	34
33	33
33	34
33	33
33	56
33	33
33	100
33	33
33	34
33	34
33	34
33	34
33	56
33	75
33	34
33	76
33	34
33	76
33	34
33	33
33	34
33	34
33	33
33	33
33	94
33	59
33	33
33	34
33	80
33	33
33	33
33	33
33	58
33	33
33	59
33	43
33	43
33	58
33	34
33	34
33	33
33	33
33	33
33	33
33	63
33	33
33	35
33	33
33	34
33	76
33	76
33	76
33	33
33	62
33	62
33	33
33	61
33	33
33	62
33	33
33	33
33	33
33	58
33	58
33	37
33	86
33	33
33	75
33	58
33	86
33	59
33	33
33	101
33	59
33	33
33	33
33	76
33	33
33	33
33	80
33	59
33	37
33	36
33	40
33	36
33	100
33	36
33	62
33	99
33	85
33	33
33	33
33	43
33	43
33	60
33	61
33	63
33	33
33	85
33	43
33	34
33	43
33	35
33	99
33	67
33	33
33	67
33	33
33	67
33	99
33	67
33	62
33	86
33	85
34	59
34	34
34	60
34	61
34	61
34	42
34	35
34	34
34	64
34	60
34	60
34	60
34	42
34	98
34	95
34	61
34	41
34	61
34	34
34	63
34	34
34	36
34	58
34	34
34	34
34	34
34	34
34	34
34	58
34	34
34	34
34	57
34	58
34	34
34	34
34	34
34	63
34	34
34	59
34	57
34	63
34	58
34	58
34	58
34	58
34	34
34	34
34	34
34	34
34	58
34	58
34	34
34	34
34	58
34	34
34	35
34	58
34	34
34	34
34	35
34	35
34	58
34	46
34	43
34	58
34	58
34	34
34	34
34	75
34	58
34	43
34	35
34	58
34	76
35	35
35	35
35	59
35	58
35	43
35	76
35	43
35	75
35	43
35	35
35	56
35	38
35	38
35	35
35	38
35	50
35	39
35	35
35	48
35	48
35	35
35	35
35	35
35	35
35	35
35	35
35	36
35	35
35	38
35	35
35	47
35	35
35	45
35	35
35	35
35	35
35	57
35	35
35	35
35	35
35	35
35	36
35	36
35	36
36	36
36	36
36	36
36	36
36	36
36	36
36	36
36	36
36	57
36	57
36	36
36	40
36	57
36	36
36	36
36	38
36	38
36	57
36	57
36	36
36	36
36	36
36	41
36	36
36	36
36	57
36	57
36	36
36	36
36	36
36	57
36	36
36	37
36	37
36	36
36	39
37	37
37	37
37	37
37	37
37	37
37	37
37	37
37	37
37	37
37	37
37	37
37	37
37	37
37	37
37	38
37	38
37	37
37	38
37	37
38	38
38	38
38	38
38	38
38	38
38	38
38	38
38	38
38	38
38	43
38	39
38	38
38	38
38	38
38	38
38	39
38	39
38	38
38	38
38	39
38	40
38	39
38	38
38	39
39	39
39	39
39	39
39	39
39	40
39	40
39	40
39	51
39	39
39	39
39	39
39	39
39	54
39	56
39	40
39	40
39	39
39	39
40	42
40	46
40	51
40	40
40	48
40	40
40	41
40	40
40	40
40	40
40	40
40	40
40	40
40	40
40	40
40	40
40	40
40	40
40	40
40	40
40	40
40	41
40	41
40	55
40	55
40	40
40	52
40	40
40	41
40	41
40	40
40	40
40	40
40	40
40	55
41	41
41	52
41	41
41	55
42	48
43	47
43	51
43	47
43	44
43	57
43	46
43	44
43	46
43	51
43	48
43	46
43	43
43	57
43	51
43	51
44	46
44	44
44	48
44	46
44	47
44	46
44	46
44	45
44	44
44	44
44	48
44	48
44	65
44	98
44	64
44	98
44	53
44	47
44	65
44	66
44	66
44	66
44	45
44	45
44	78
44	45
45	47
45	47
45	79
45	45
45	59
45	49
45	66
45	49
45	48
45	45
45	78
45	46
45	45
45	46
45	47
45	45
45	45
45	71
45	45
45	45
45	45
45	45
45	47
45	48
45	49
45	45
45	45
45	45
45	45
45	48
45	48
45	47
45	45
45	48
45	45
45	45
45	45
45	45
45	45
45	45
45	48
45	45
45	45
45	45
45	45
45	66
45	45
45	45
45	55
45	48
45	46
45	49
45	48
45	45
45	45
45	68
45	46
45	56
45	46
45	47
46	49
46	46
46	46
46	46
46	46
46	46
46	48
46	46
46	46
46	46
46	49
46	46
46	49
46	46
46	46
46	46
46	65
46	46
46	47
46	46
46	46
46	49
46	46
46	46
46	93
46	46
46	47
46	47
46	47
46	50
46	48
46	46
46	46
46	46
46	46
46	48
46	56
46	48
46	100
46	48
46	100
46	100
46	56
46	47
46	48
46	79
46	100
46	47
46	47
46	100
46	56
46	47
46	79
46	48
46	80
46	80
46	48
46	79
46	47
46	48
46	47
46	46
46	46
46	46
46	47
46	46
46	47
46	46
47	48
47	47
47	47
47	47
47	48
47	47
47	47
47	48
47	48
47	99
47	47
47	47
47	47
47	51
47	50
47	51
47	47
47	47
47	47
47	47
47	47
47	47
47	49
47	47
47	79
47	47
47	49
47	48
47	49
47	47
47	56
47	49
47	51
47	47
47	50
47	49
47	49
47	47
47	47
47	47
47	56
47	50
47	49
47	48
47	49
47	54
47	55
47	47
47	49
47	48
47	49
47	49
47	49
47	47
47	56
47	49
47	47
47	48
47	48
47	47
47	48
47	49
47	49
48	52
48	48
48	49
48	48
48	75
48	48
48	48
48	48
48	48
48	48
48	48
48	48
48	50
48	49
48	48
48	70
48	48
48	71
48	48
48	48
48	48
48	48
48	50
48	50
48	49
48	48
48	71
48	48
48	71
48	49
48	48
48	48
48	71
48	49
48	48
48	48
48	48
48	48
48	48
48	101
48	71
48	93
48	48
48	94
48	48
48	94
48	48
48	48
48	48
48	94
48	94
48	93
48	48
48	49
48	48
49	49
49	49
49	49
49	49
49	49
49	49
49	82
49	49
49	49
49	49
49	49
49	49
49	49
49	49
49	49
49	50
49	49
49	49
49	49
49	49
49	49
49	49
49	94
49	49
49	49
49	49
49	49
49	49
49	70
49	71
49	70
49	71
49	50
49	50
49	70
49	49
49	49
49	51
49	51
49	50
49	50
50	50
50	50
50	50
50	50
50	50
50	50
50	68
50	56
50	50
50	50
50	68
50	50
50	68
50	50
50	50
50	50
50	50
50	55
50	50
50	50
50	50
50	50
50	50
50	56
50	51
50	50
50	50
50	50
50	51
50	51
50	76
50	76
50	76
50	55
50	50
50	51
50	50
50	51
51	51
51	51
51	51
51	51
51	51
51	68
51	51
51	68
51	68
51	68
51	51
51	51
51	56
51	51
51	51
51	51
51	57
51	51
51	51
51	57
51	51
51	55
51	51
51	52
51	51
51	51
51	51
51	56
51	52
52	52
52	54
52	52
52	52
52	52
52	55
52	52
52	52
52	52
52	52
52	52
52	52
52	55
52	67
52	52
52	52
52	52
52	70
52	71
52	52
52	52
52	71
52	71
52	67
52	70
52	71
52	71
52	71
52	55
52	70
52	65
52	55
52	59
52	52
52	65
52	55
52	54
52	54
53	71
53	70
53	70
53	70
53	58
53	55
53	55
53	56
53	55
53	53
53	59
53	54
53	54
53	54
53	59
53	58
53	55
53	58
53	55
53	54
54	54
54	54
54	58
54	58
54	54
54	54
54	54
54	54
54	54
54	54
54	54
54	54
54	54
54	54
54	55
54	55
54	54
54	54
54	54
54	55
54	54
54	54
54	54
54	54
54	54
54	54
54	55
54	54
54	55
54	55
54	54
54	55
54	54
54	54
54	54
54	59
54	55
54	54
54	54
54	55
54	55
54	55
54	55
54	59
54	55
54	59
54	54
54	55
54	54
54	54
54	55
54	54
54	54
54	55
54	54
54	55
55	55
55	55
55	55
55	55
55	55
55	55
55	55
55	55
55	55
55	55
55	55
55	55
55	55
55	59
55	56
55	55
55	55
55	55
55	55
55	55
55	70
55	55
55	58
55	55
55	74
55	55
55	55
55	55
55	55
55	58
55	55
55	55
55	58
55	55
55	55
55	55
55	59
55	76
55	59
55	70
55	56
56	64
56	56
56	56
56	73
56	56
56	56
56	64
56	73
56	56
56	56
56	70
56	64
56	56
56	56
56	70
56	56
56	64
56	57
56	56
56	75
56	56
56	64
56	75
56	75
56	64
56	64
56	100
56	56
56	76
56	56
56	56
56	56
56	56
56	56
56	56
56	56
56	56
56	73
56	56
56	73
56	73
56	67
56	74
56	64
56	73
56	56
56	56
56	68
56	73
56	99
56	56
56	56
56	56
56	56
56	56
56	57
56	56
56	56
56	57
56	57
56	57
56	56
56	57
56	65
56	56
56	65
57	72
57	60
57	74
57	57
57	64
57	72
57	69
57	68
57	66
57	72
57	72
57	72
57	72
57	72
57	63
57	68
57	57
57	57
57	63
57	74
57	67
57	68
57	73
57	73
57	63
57	62
57	57
57	57
57	57
57	63
57	57
57	68
57	66
57	57
57	57
57	57
57	57
57	57
57	57
57	57
57	58
57	57
57	57
57	66
57	66
57	121
57	66
57	67
57	58
57	57
57	68
57	57
57	59
57	57
57	67
57	58
57	67
57	67
57	58
57	58
57	58
57	64
58	64
58	58
58	67
58	67
58	60
58	58
58	60
58	60
58	58
58	60
58	70
58	58
58	67
58	74
58	69
58	59
58	62
58	59
58	67
58	58
58	70
58	59
58	59
58	58
58	58
58	58
58	58
58	58
58	66
58	85
58	58
58	58
58	59
58	58
58	58
58	58
58	59
58	58
58	104
58	59
58	58
58	59
58	86
58	58
58	58
58	66
58	86
58	58
58	58
58	58
58	58
58	58
58	80
58	58
58	59
59	59
59	62
59	85
59	70
59	63
59	59
59	59
59	59
59	62
59	70
59	59
59	59
59	59
59	59
59	62
59	67
59	59
59	59
59	62
59	59
59	59
59	85
59	67
59	101
59	85
59	59
59	64
59	67
59	65
59	86
59	99
59	101
59	65
59	99
59	86
59	70
59	59
59	75
59	99
59	123
59	59
59	97
59	70
59	70
59	65
59	63
59	71
59	71
59	99
59	59
59	67
59	103
59	98
59	59
59	65
59	59
59	64
59	61
60	60
60	73
60	71
60	60
60	73
60	71
60	98
60	67
60	64
60	60
60	64
60	64
60	60
60	69
60	60
60	98
60	60
60	70
60	70
60	98
60	60
60	67
60	60
60	70
60	60
60	70
60	94
60	98
60	71
60	60
60	67
60	60
60	96
60	61
60	70
60	60
60	70
60	60
60	60
60	62
60	60
60	70
60	60
60	67
60	60
60	60
60	60
60	68
60	60
60	60
60	67
60	60
60	68
60	60
60	67
60	60
60	122
60	60
60	64
60	61
60	61
60	61
60	121
60	60
60	60
60	61
60	60
60	61
60	60
60	61
60	61
60	61
60	61
60	61
60	61
61	61
61	64
61	61
61	99
61	61
61	99
61	61
61	69
61	99
61	99
61	61
61	61
61	118
61	61
61	121
61	61
61	64
61	61
61	64
61	61
61	61
61	61
61	61
61	61
61	61
61	77
61	64
61	99
61	64
61	61
61	76
61	61
61	61
61	99
61	61
61	61
61	61
61	61
61	61
61	61
61	77
61	65
61	65
61	76
61	96
61	65
61	85
61	80
61	61
61	61
61	62
61	61
61	61
61	96
61	121
61	77
61	79
61	85
61	84
61	85
61	77
61	100
61	103
61	122
61	85
61	96
61	77
61	96
61	62
61	122
61	62
61	123
61	77
62	79
62	85
62	121
62	79
62	62
62	62
62	103
62	105
62	75
62	104
62	62
62	75
62	75
62	84
62	78
62	78
62	62
62	122
62	77
62	77
62	115
62	115
62	122
62	62
62	115
62	64
62	100
62	77
62	121
62	62
62	62
62	99
62	62
62	78
62	97
62	122
62	121
62	64
62	97
62	97
62	78
62	85
62	104
62	98
62	120
62	96
62	89
62	89
62	74
62	101
62	75
62	85
62	83
62	78
62	62
62	75
62	75
62	62
62	62
62	62
62	62
62	68
62	63
62	100
62	67
62	62
62	76
62	64
62	62
62	62
62	63
62	62
62	63
62	63
62	73
63	63
63	101
63	67
63	101
63	66
63	67
63	64
63	63
63	98
63	99
63	67
63	101
63	63
63	63
63	63
63	63
63	102
63	66
63	67
63	66
63	63
63	67
63	67
63	63
63	63
63	63
63	63
63	63
63	63
63	63
63	63
63	63
63	67
63	63
63	64
63	63
63	63
63	104
63	66
63	63
63	63
63	102
63	66
63	66
63	101
63	63
63	63
63	98
63	86
63	101
63	63
63	63
63	63
63	73
63	63
63	63
63	63
63	63
63	64
63	63
63	63
63	102
63	64
63	64
63	98
63	64
63	72
63	64
63	64
64	74
64	64
64	68
64	64
64	98
64	99
64	64
64	68
64	69
64	69
64	68
64	98
64	69
64	64
64	67
64	64
64	68
64	64
64	67
64	64
64	69
64	68
64	64
64	68
64	98
64	67
64	67
64	74
64	70
64	70
64	64
64	67
64	69
64	67
64	67
64	97
64	68
64	64
64	69
64	64
64	64
64	73
64	70
64	64
64	64
64	73
64	64
64	64
64	64
64	64
64	64
64	64
64	73
64	64
64	70
64	64
64	122
64	64
64	64
64	64
64	64
64	122
64	64
64	64
64	119
64	64
64	70
64	65
64	64
64	65
64	70
64	119
64	119
64	119
64	65
65	119
65	65
65	73
65	119
65	73
65	119
65	70
65	70
65	119
65	70
65	70
65	120
65	65
65	65
65	65
65	65
65	65
65	65
65	90
65	121
65	73
65	65
65	83
65	65
65	65
65	65
65	65
65	65
65	65
65	121
65	65
65	65
65	65
65	65
65	65
65	103
65	65
65	65
65	65
65	65
65	65
65	65
65	65
65	65
65	77
65	65
65	100
65	65
65	87
65	65
65	65
65	65
65	65
65	87
65	65
65	103
65	99
65	99
65	99
65	65
65	65
65	65
65	65
65	73
65	65
65	65
65	65
65	66
65	98
65	67
65	65
65	65
65	65
65	65
65	65
65	65
65	65
65	102
65	65
65	66
65	101
65	66
65	66
65	66
65	66
65	66
65	102
65	102
65	66
65	66
65	66
65	65
65	65
65	66
65	65
65	66
65	66
65	66
66	66
66	75
66	66
66	66
66	66
66	66
66	86
66	86
66	66
66	66
66	66
66	66
66	66
66	102
66	66
66	66
66	66
66	66
66	103
66	102
66	66
66	119
66	68
66	66
66	86
66	66
66	79
66	98
66	84
66	83
66	73
66	68
66	67
66	95
66	91
66	98
66	66
66	66
66	84
66	78
66	66
66	66
66	66
66	66
66	83
66	120
66	66
66	66
66	86
66	101
66	91
66	91
66	66
66	66
66	91
66	66
66	66
66	120
66	66
66	66
66	85
66	91
66	66
66	67
66	73
66	67
66	78
67	67
67	99
67	84
67	67
67	67
67	98
67	67
67	101
67	68
67	72
67	99
67	67
67	68
67	67
67	67
67	73
67	67
67	67
67	67
67	67
67	99
67	67
67	75
67	73
67	67
67	73
67	75
67	73
67	85
67	85
67	67
67	67
67	72
67	87
67	67
67	67
67	75
67	70
67	67
67	67
67	74
67	74
67	67
67	67
67	75
67	75
67	69
67	72
67	67
67	67
67	67
67	72
67	75
67	74
67	85
67	67
67	67
67	67
67	67
67	73
67	72
67	67
67	76
67	72
67	67
67	70
67	70
67	69
67	72
67	68
67	68
68	68
68	68
68	68
68	68
68	68
68	73
68	68
68	73
68	68
68	68
68	71
68	68
68	68
68	68
68	72
68	72
68	68
68	72
68	72
68	68
68	68
68	68
68	72
68	68
68	102
68	68
68	68
68	68
68	88
68	103
68	98
68	75
68	74
68	81
68	72
68	68
68	73
68	68
68	68
68	68
68	68
68	73
68	68
68	69
68	69
69	73
69	76
69	71
69	69
69	71
69	71
69	99
69	102
69	74
69	72
69	71
69	71
69	69
69	72
69	70
69	70
69	70
69	72
69	69
69	69
69	69
69	70
69	69
69	70
69	70
69	69
69	69
69	70
69	72
69	70
70	73
70	72
70	70
70	70
70	70
70	70
70	70
70	70
70	70
70	70
70	70
70	70
70	70
70	70
70	70
70	70
70	70
70	70
70	70
70	70
70	70
70	70
70	70
70	70
70	70
70	70
70	70
70	70
70	70
70	76
70	76
70	76
70	70
70	70
70	70
70	70
70	70
70	75
70	70
70	70
70	70
70	70
70	70
70	70
70	70
70	76
70	70
70	70
70	70
70	70
70	70
70	83
70	74
70	81
70	70
70	71
70	74
70	70
70	70
70	71
70	70
70	70
70	70
70	71
70	100
70	71
70	70
70	71
70	70
70	71
70	73
70	71
70	71
70	71
70	71
70	71
71	71
71	71
71	71
71	71
71	74
71	71
71	74
71	71
71	101
71	74
71	71
71	71
71	100
71	72
71	71
71	71
71	71
71	73
71	74
71	71
71	74
71	74
71	77
71	74
71	72
71	102
71	101
71	71
71	72
71	93
71	71
71	71
71	93
71	101
71	77
71	100
71	71
71	71
71	71
71	73
71	71
71	100
71	103
71	72
72	93
72	72
72	72
72	74
72	72
72	72
72	72
72	72
72	76
72	72
72	73
72	102
72	76
72	72
72	72
72	73
72	73
72	101
72	101
72	73
72	102
72	73
72	98
72	73
72	72
72	99
72	72
72	72
72	72
72	101
72	98
72	100
72	72
72	72
72	73
72	88
72	72
72	73
72	72
72	72
72	72
72	73
72	99
72	88
72	73
72	72
72	73
72	73
73	73
73	102
73	74
73	73
73	73
73	73
73	73
73	73
73	73
73	73
73	73
73	74
73	73
73	73
73	93
73	73
73	73
73	102
73	73
73	101
73	73
73	101
73	102
73	103
73	101
73	73
73	102
73	73
73	73
73	102
73	73
73	103
73	73
73	74
73	73
73	73
73	74
74	77
74	102
74	102
74	74
74	74
74	74
74	77
74	74
74	102
74	74
74	74
74	101
74	74
74	97
74	78
74	75
74	83
74	74
74	74
74	74
74	76
74	83
74	74
74	76
74	76
74	102
74	78
74	74
74	102
74	102
74	102
74	74
74	74
74	97
74	88
74	74
74	120
74	79
74	74
74	74
74	74
74	89
74	79
74	74
74	89
74	74
74	79
74	89
74	74
74	74
74	88
74	108
74	75
74	79
75	79
75	79
75	78
75	89
75	75
75	75
75	121
75	75
75	92
75	93
75	95
75	89
75	89
75	75
75	78
75	96
75	89
75	75
75	92
75	103
75	89
75	104
75	92
75	78
75	75
75	99
75	75
75	99
75	101
75	75
75	75
75	99
75	75
75	75
75	79
75	75
75	102
75	78
75	78
75	80
75	99
75	100
75	80
75	97
75	76
75	75
75	75
75	89
75	89
75	78
75	75
75	75
75	76
75	76
75	78
75	75
75	75
75	79
75	75
75	75
75	75
75	76
75	75
75	75
75	76
75	75
75	76
76	76
76	76
76	77
76	76
76	76
76	76
76	76
76	76
76	76
76	76
76	80
76	80
76	76
76	76
76	76
76	76
76	76
76	76
76	76
76	76
76	76
76	76
76	76
76	76
76	76
76	76
76	76
76	76
76	76
76	76
76	76
76	77
76	76
76	76
76	76
76	76
76	76
76	76
76	77
76	80
76	76
76	77
76	77
76	76
76	76
76	100
76	100
76	76
76	80
77	77
77	100
77	100
77	77
77	101
77	100
77	99
77	93
77	93
77	93
77	77
77	80
77	80
77	77
77	78
77	100
77	102
77	77
77	100
77	101
77	77
77	100
77	77
77	77
77	101
77	101
77	78
77	77
77	100
77	77
77	101
77	100
77	77
77	101
77	77
77	102
77	101
77	84
77	85
77	102
77	102
77	101
77	77
77	78
77	77
77	79
77	78
77	77
77	77
77	79
77	77
77	78
77	118
77	78
77	101
77	115
78	115
78	78
78	78
78	78
78	78
78	97
78	85
78	97
78	78
78	78
78	116
78	97
78	118
78	79
78	118
78	78
78	78
78	78
78	97
78	78
78	79
78	79
78	118
78	78
78	78
78	98
78	78
78	101
78	78
78	80
78	79
78	118
78	78
78	82
78	78
78	79
78	96
78	83
78	80
78	78
78	78
78	113
78	79
78	78
78	79
78	79
78	81
78	82
78	98
78	98
78	78
78	113
78	79
78	78
78	79
78	82
78	101
78	81
78	81
78	102
78	80
78	113
78	89
78	90
78	79
79	101
79	80
79	102
79	79
79	118
79	118
79	79
79	89
79	118
79	118
79	79
79	79
79	84
79	118
79	120
79	79
79	118
79	120
79	120
79	79
79	117
79	90
79	79
79	79
79	79
79	120
79	118
79	118
79	118
79	118
79	118
79	90
79	120
79	79
79	79
79	121
79	91
79	114
79	79
79	79
79	120
79	114
79	83
79	117
79	89
79	79
79	79
79	79
79	96
79	79
79	88
79	79
79	80
79	79
79	104
79	79
79	79
79	89
79	80
79	79
79	79
79	79
79	79
79	79
79	79
79	79
79	83
79	83
79	101
79	80
79	101
79	99
79	80
79	79
79	100
79	80
79	100
79	84
79	80
79	93
79	80
79	80
79	100
79	80
79	79
80	80
80	99
80	80
80	99
80	99
80	99
80	100
80	94
80	80
80	80
80	80
80	99
80	80
80	80
80	80
80	80
80	80
80	80
80	80
80	80
80	80
80	100
80	86
80	80
80	80
80	80
80	100
80	100
80	100
80	100
80	80
80	99
80	99
80	80
80	81
80	81
80	82
80	81
80	124
80	124
80	80
80	124
80	100
80	124
80	124
80	114
80	80
80	91
80	81
80	86
80	124
80	91
81	109
81	93
81	114
81	103
81	103
81	101
81	115
81	117
81	118
81	81
81	81
81	81
81	109
81	113
81	81
81	93
81	117
81	115
81	115
81	90
81	114
81	82
81	114
81	115
81	115
81	86
81	93
81	82
81	82
81	82
81	81
81	81
81	81
81	114
81	115
81	116
81	106
81	109
81	115
81	82
81	81
81	81
81	86
81	114
82	109
82	82
82	110
82	82
82	82
82	82
82	101
82	115
82	88
82	118
82	92
82	119
82	113
82	113
82	113
82	119
82	115
82	117
82	119
82	117
82	119
82	109
82	121
82	114
82	93
82	121
82	82
82	90
82	114
82	108
82	82
82	91
82	119
82	91
82	108
82	108
82	109
82	109
82	99
83	91
83	123
83	123
83	91
83	104
83	90
83	124
83	101
83	83
83	120
83	113
83	124
83	88
83	123
83	89
83	89
83	83
83	83
83	124
83	111
83	90
83	101
83	89
83	104
83	120
83	83
83	83
83	90
83	98
83	84
83	119
83	83
83	91
83	84
83	83
83	84
83	91
83	91
83	84
83	90
83	92
84	84
84	111
84	90
84	109
84	111
84	90
84	111
84	101
84	84
84	124
84	109
84	90
84	120
84	84
84	111
84	122
84	114
84	108
84	84
84	102
84	122
84	97
84	91
84	122
84	103
84	84
84	86
84	111
84	84
84	122
84	111
84	84
84	90
84	122
84	91
84	85
85	104
85	85
85	86
85	85
85	85
85	85
85	99
85	98
85	115
85	85
85	86
85	85
85	86
85	85
85	87
85	87
85	85
85	94
85	85
85	85
85	101
85	86
85	86
85	85
85	99
85	98
85	100
85	85
85	86
85	97
85	98
85	97
85	86
85	97
85	99
85	86
86	86
86	94
86	94
86	114
86	94
86	87
86	86
86	86
86	114
86	94
86	86
86	86
86	99
86	94
86	94
86	86
86	97
86	94
86	94
86	90
86	110
86	86
86	102
86	86
86	94
86	114
86	86
86	86
86	99
86	86
86	86
86	86
86	98
86	99
86	86
86	101
86	98
86	93
86	91
86	96
86	114
86	116
86	90
86	99
86	110
86	86
86	87
86	118
87	87
87	118
87	119
87	87
87	87
87	87
87	87
87	87
87	121
87	87
87	87
87	111
87	87
87	117
87	109
87	111
87	105
87	87
87	87
87	121
87	121
87	119
87	92
87	87
87	108
87	115
87	88
87	105
87	105
87	90
87	87
87	88
87	88
87	87
87	87
87	108
87	87
87	87
87	104
87	88
87	105
87	118
88	88
88	88
88	116
88	116
88	114
88	105
88	88
88	88
88	95
88	94
88	104
88	93
88	104
88	88
88	88
88	88
88	88
88	95
88	92
88	96
88	95
88	88
88	88
88	89
88	95
88	120
88	89
88	120
88	88
88	107
88	105
89	120
89	105
89	89
89	89
89	104
89	105
89	112
89	89
89	96
89	96
89	96
89	104
89	92
89	96
89	92
89	115
89	89
89	92
89	89
89	89
89	120
89	120
89	89
89	96
89	89
89	96
89	90
90	90
90	90
90	105
90	105
90	103
90	92
90	90
90	90
90	104
90	121
90	120
90	103
90	103
90	104
90	104
90	104
90	104
90	104
90	90
90	119
90	108
90	108
90	91
90	107
90	90
90	112
90	90
90	110
91	91
91	111
91	91
91	111
91	94
91	111
91	94
91	117
91	112
91	102
91	109
91	95
91	121
91	121
91	118
91	91
91	120
91	122
91	97
91	91
91	95
92	111
92	111
92	93
92	109
92	112
92	92
92	92
92	121
92	104
92	119
92	92
92	115
92	121
92	123
92	92
92	119
92	116
92	103
92	117
92	117
92	104
92	117
92	105
92	94
92	92
93	117
93	93
93	116
93	93
93	93
93	109
93	102
93	118
93	117
93	97
93	93
93	100
93	100
93	100
93	109
93	101
93	93
93	93
93	103
93	101
93	103
93	93
93	114
93	102
93	101
93	114
93	110
93	101
93	114
93	93
93	114
93	94
94	115
94	94
94	100
94	95
94	102
94	102
94	102
94	94
94	97
94	101
94	123
94	94
94	114
94	123
94	114
94	94
94	95
94	95
94	112
94	95
94	117
94	116
94	94
94	94
94	102
94	114
94	124
94	94
94	116
95	112
95	124
95	111
95	114
95	112
95	117
95	112
95	101
95	95
95	95
95	116
95	95
95	95
95	95
96	96
96	96
96	96
96	123
96	96
96	97
96	120
96	96
96	99
96	99
96	96
96	96
96	97
96	123
96	124
96	99
96	118
96	118
96	96
96	118
96	118
96	96
96	97
96	114
96	112
96	111
96	114
96	114
96	97
97	99
97	97
97	97
97	98
97	98
97	97
97	97
97	97
97	98
97	98
97	98
97	97
97	98
97	98
97	97
97	99
97	97
97	98
97	98
97	99
97	98
97	98
97	98
98	98
98	98
98	98
98	98
98	98
98	98
98	102
98	102
98	98
98	98
98	98
98	110
98	98
98	98
98	100
98	102
98	100
98	98
98	98
98	120
98	98
98	98
98	98
98	98
98	100
98	101
99	99
99	99
99	99
99	99
99	99
99	99
99	99
99	100
99	100
99	103
99	99
99	99
99	123
99	99
99	99
99	122
99	123
99	99
99	99
99	123
99	99
99	100
99	104
99	99
99	100
99	101
99	99
99	102
99	99
100	100
100	100
100	100
100	100
100	100
100	100
100	100
100	100
100	102
100	100
100	100
100	100
100	100
100	100
100	100
100	100
100	100
100	100
100	100
100	115
100	100
101	101
101	101
101	101
101	101
101	102
101	101
101	101
101	101
101	110
101	115
101	116
101	116
101	101
101	102
101	116
101	118
101	103
101	101
101	101
101	101
101	101
101	109
101	120
101	101
101	101
101	118
101	101
101	102
102	102
102	102
102	102
102	102
102	102
102	102
102	123
102	102
102	102
102	102
102	102
102	102
102	102
102	102
102	117
102	118
102	102
102	102
102	102
103	103
103	103
103	103
103	103
103	103
103	103
103	103
103	103
103	103
103	103
103	103
103	103
103	103
103	103
103	103
103	103
103	103
103	103
103	103
103	103
103	116
103	103
103	103
103	103
103	103
103	105
103	116
103	103
103	103
103	105
103	120
103	118
103	116
103	116
103	120
103	103
103	106
104	116
104	116
104	119
104	104
104	104
104	119
104	104
104	104
104	104
104	107
104	119
104	105
104	104
104	104
104	104
104	104
104	124
104	104
104	113
104	118
104	104
104	104
104	104
104	104
104	106
104	104
104	121
104	123
104	104
104	104
104	108
104	104
104	105
104	104
104	105
104	121
104	112
104	104
104	109
104	124
104	104
104	119
104	104
105	123
105	122
105	106
105	120
105	105
105	105
105	106
105	106
105	105
105	105
105	105
105	121
105	106
105	121
105	121
105	105
105	105
105	105
105	105
105	105
105	105
105	105
105	105
105	105
105	105
105	107
105	106
105	105
105	105
105	105
105	120
105	107
105	105
105	105
105	105
105	105
105	120
105	105
105	105
105	105
105	106
106	106
106	106
106	106
106	106
106	120
106	106
106	106
106	106
106	120
106	107
106	120
106	121
106	120
106	106
106	120
106	106
106	107
106	106
106	106
106	106
106	107
106	106
106	106
106	110
106	107
106	122
107	109
107	107
107	107
107	107
107	119
107	120
107	119
107	109
107	107
107	110
107	111
107	108
107	108
107	107
107	113
107	112
107	107
107	111
107	107
107	107
107	107
107	107
107	107
108	112
108	110
108	110
108	110
108	108
108	117
108	121
108	108
108	110
108	111
108	121
108	121
108	108
108	121
108	121
108	122
108	119
108	121
108	108
108	122
108	109
109	111
109	110
109	109
109	119
109	119
109	116
109	110
109	109
109	109
109	109
109	118
109	109
109	116
109	116
109	121
109	117
109	109
109	109
109	109
109	109
109	119
109	109
109	122
109	109
109	110
109	110
109	110
110	119
110	112
110	110
110	110
110	110
110	110
110	111
110	110
110	110
111	122
111	122
111	111
111	122
111	111
111	111
111	111
111	113
111	111
111	111
111	111
111	111
111	111
111	111
111	113
111	112
111	112
111	111
111	112
111	117
111	116
112	123
112	112
112	112
112	112
112	117
112	112
112	112
112	112
112	112
112	124
112	124
112	124
112	123
112	114
112	124
112	124
112	112
112	114
112	113
113	113
113	113
113	113
113	113
113	116
113	113
113	113
113	113
113	115
113	118
113	118
113	113
113	114
113	116
113	113
113	115
113	115
113	117
114	114
114	114
114	114
114	114
114	115
114	114
114	114
114	115
114	114
114	115
114	114
114	114
114	114
114	114
114	115
114	114
114	114
114	114
114	114
115	115
115	115
115	115
115	115
115	115
115	115
115	115
115	115
115	117
115	115
115	115
115	117
115	117
115	117
115	115
115	115
115	115
115	115
115	115
115	115
115	117
115	115
115	117
115	115
115	117
115	117
115	115
115	115
115	116
115	118
115	116
116	116
116	116
116	118
116	116
116	116
116	118
116	116
116	116
116	116
116	117
116	118
116	116
116	116
116	116
116	116
116	116
116	116
116	116
116	116
116	117
116	116
116	116
116	119
116	117
117	117
117	117
117	117
117	117
117	117
117	117
117	117
117	117
117	117
117	117
117	117
117	117
117	117
117	117
117	117
117	117
117	117
117	117
117	117
117	118
117	118
118	118
118	118
118	118
118	118
118	118
118	118
118	121
118	118
118	118
118	118
118	120
118	118
118	118
118	118
118	119
118	118
118	118
118	118
118	119
118	118
118	118
118	119
118	118
118	118
118	118
118	118
118	118
118	118
118	118
118	118
118	118
118	118
118	119
118	118
118	120
118	118
118	122
118	118
118	119
118	122
118	118
119	119
119	119
119	119
119	119
119	119
119	119
119	120
119	119
119	119
119	120
119	119
119	119
119	119
119	119
119	119
119	122
119	119
119	119
119	119
119	119
119	119
119	119
119	121
119	121
119	121
119	121
119	120
119	119
119	119
120	120
120	120
120	120
120	120
120	120
120	120
120	120
120	121
120	121
120	120
120	120
120	120
120	120
120	120
120	120
120	120
120	120
120	120
120	120
120	121
120	120
120	120
120	120
120	120
120	120
120	120
120	120
120	120
120	120
120	120
120	120
120	120
120	120
120	120
120	120
120	120
120	120
120	120
120	120
120	120
120	120
120	120
120	120
120	121
120	120
120	120
120	121
120	121
121	121
121	121
121	121
121	121
121	121
121	121
121	121
121	121
121	121
121	121
121	121
121	121
121	121
121	121
121	121
121	121
121	121
121	121
121	121
121	121
121	121
121	122
121	121
121	121
121	121
121	121
121	121
121	121
121	121
121	121
121	121
121	122
121	122
121	121
121	121
121	121
121	122
121	121
121	121
121	121
121	121
121	121
121	122
121	122
122	122
122	122
122	122
122	122
122	122
122	122
122	122
122	122
122	122
122	122
122	122
122	122
122	122
122	122
122	122
122	122
122	122
122	122
122	124
122	122
122	124
122	124
122	122
122	123
122	122
122	122
122	122
122	122
122	123
122	122
122	122
122	124
122	124
122	122
122	123
122	124
123	123
123	123
123	123
123	123
123	123
123	123
123	123
123	123
123	123
123	123
123	123
123	123
123	124
124	124
124	124
124	124
124	124
124	124
124	124
124	124
124	124
