3	3
3	3
3	8
3	3
3	28
3	3
3	3
3	3
3	3
3	3
3	3
3	28
3	28
3	48
3	28
3	3
3	19
3	11
3	3
3	29
3	3
3	18
3	18
3	18
3	18
3	19
3	11
3	3
3	3
3	7
3	3
3	10
3	10
3	3
3	3
3	30
3	7
3	3
3	9
3	3
3	3
3	11
3	10
3	3
3	3
3	3
3	3
3	3
3	27
3	27
3	11
3	3
3	57
3	29
3	11
3	17
3	3
3	12
3	27
3	11
3	27
3	3
3	28
3	7
3	18
3	3
3	3
3	3
3	55
3	55
3	3
3	3
3	3
3	3
3	20
3	3
3	28
3	28
3	28
3	20
3	19
3	19
4	14
4	4
4	4
4	19
4	19
4	19
4	4
4	4
4	19
4	19
4	4
4	6
4	5
4	5
4	19
4	17
4	30
4	18
4	19
4	4
4	20
4	19
4	5
4	4
4	4
4	5
4	4
4	4
4	4
4	17
4	4
4	5
4	7
4	4
4	9
4	30
4	30
4	4
4	4
4	29
4	4
4	4
4	4
4	4
4	7
4	6
4	4
4	4
4	4
4	5
4	46
4	5
4	33
4	4
4	4
4	4
4	62
4	5
4	55
4	4
4	5
4	4
4	5
4	4
4	29
4	4
4	4
4	4
4	5
4	4
4	4
4	4
4	26
4	4
4	4
4	4
4	4
4	4
4	4
4	62
4	5
4	65
5	5
5	5
5	5
5	56
5	25
5	48
5	5
5	5
5	56
5	9
5	56
5	44
5	5
5	5
5	5
5	5
5	16
5	13
5	45
5	5
5	5
5	14
5	17
5	5
5	5
5	5
5	43
5	5
5	5
5	5
5	5
5	54
5	5
5	59
5	33
5	5
5	5
5	5
5	5
5	32
5	7
5	5
5	7
5	5
5	32
5	6
5	5
5	54
5	54
5	54
5	5
5	53
5	5
5	5
5	53
5	53
5	5
5	5
5	6
5	5
5	53
5	5
5	5
5	6
5	50
5	53
5	53
5	6
5	6
5	6
5	53
5	6
5	5
5	6
5	5
5	53
5	53
6	6
6	6
6	6
6	6
6	6
6	53
6	53
6	10
6	32
6	6
6	32
6	6
6	6
6	6
6	6
6	6
6	50
6	6
6	6
6	6
6	53
6	57
6	6
6	53
6	6
6	6
6	53
6	53
6	6
6	6
6	17
6	53
6	53
6	53
6	6
6	6
6	20
6	6
6	6
6	51
6	19
6	51
6	6
6	50
6	6
6	51
6	50
6	19
6	6
6	6
6	19
6	6
6	51
6	6
6	6
6	6
6	51
6	6
6	6
6	51
6	6
6	6
6	51
6	32
6	6
6	6
6	6
6	7
6	48
6	51
6	51
6	6
6	6
6	64
6	6
6	31
6	32
6	65
6	6
6	56
6	50
6	7
6	51
6	7
7	7
7	7
7	31
7	57
7	19
7	57
7	7
7	7
7	31
7	7
7	7
7	7
7	7
7	46
7	50
7	7
7	7
7	57
7	18
7	7
7	7
7	7
7	29
7	7
7	46
7	7
7	44
7	49
7	7
7	46
7	46
7	46
7	30
7	7
7	29
7	28
7	7
7	31
7	31
7	7
7	7
7	7
7	7
7	8
7	8
7	8
7	8
7	8
7	49
7	28
7	7
7	49
7	49
7	31
7	27
7	31
7	11
7	8
7	17
7	19
7	7
7	7
7	7
7	7
7	29
7	29
7	7
7	7
7	29
7	17
7	7
7	7
7	30
7	7
7	30
7	7
7	8
7	7
7	7
7	17
8	8
8	17
8	8
8	30
8	8
8	8
8	27
8	30
8	8
8	8
8	8
8	54
8	8
8	8
8	17
8	8
8	8
8	8
8	30
8	31
8	27
8	8
8	8
8	8
8	38
8	8
8	20
8	9
8	8
8	8
8	17
8	8
8	8
8	8
8	8
8	17
8	8
8	8
8	8
8	8
8	8
8	8
8	8
8	9
8	8
8	8
8	8
8	26
8	62
8	26
8	8
8	8
8	8
8	9
8	8
9	9
9	13
9	16
9	16
9	16
9	27
9	16
9	30
9	30
9	9
9	30
9	13
9	9
9	16
9	19
9	16
9	9
9	18
9	19
9	17
9	30
9	30
9	13
9	21
9	15
9	13
9	11
9	35
9	9
9	10
9	9
9	31
9	12
9	9
9	11
9	47
9	12
9	19
9	12
9	10
9	12
9	10
9	12
9	10
9	38
9	15
9	17
9	12
9	48
9	9
9	11
9	9
9	10
9	10
9	39
9	10
9	10
9	11
9	10
9	45
10	10
10	10
10	10
10	10
10	10
10	10
10	38
10	10
10	10
10	29
10	11
10	10
10	11
10	22
10	10
10	22
10	10
10	29
10	10
10	10
10	10
10	10
10	10
10	10
10	10
10	11
10	11
11	11
11	11
11	11
11	11
11	11
11	47
11	11
11	36
11	49
11	29
11	11
11	11
11	39
11	11
11	11
11	11
11	11
11	11
11	11
11	12
11	11
11	11
11	11
11	44
11	12
11	31
11	12
11	11
11	47
11	11
11	46
11	37
11	46
11	46
11	11
11	47
11	11
11	11
11	11
11	25
11	15
11	11
11	12
12	17
12	17
12	12
12	12
12	12
12	46
12	25
12	15
12	17
12	12
12	17
12	50
12	15
12	17
12	12
12	12
12	12
12	17
12	17
12	18
12	48
12	37
12	50
12	37
12	37
12	37
12	12
12	13
12	47
12	12
12	49
12	17
12	49
12	49
12	17
12	12
12	17
12	14
12	12
12	12
12	13
12	12
12	12
12	12
12	15
12	12
12	12
12	13
12	12
12	14
12	45
12	37
12	45
12	45
12	44
12	45
12	12
12	13
12	13
12	16
12	13
12	13
12	17
12	14
12	14
12	14
12	14
12	17
12	14
12	15
12	16
13	17
13	13
13	17
13	14
13	13
13	39
13	38
13	13
13	15
13	13
13	13
13	13
13	13
13	13
13	13
13	13
13	13
13	13
13	13
13	13
13	14
13	15
13	13
13	13
13	45
13	13
13	16
13	13
13	13
13	13
13	13
13	13
13	13
13	14
13	38
13	13
13	17
13	14
13	42
13	17
13	38
13	50
13	49
14	14
14	38
14	14
14	48
14	49
14	50
14	14
14	49
14	39
14	49
14	49
14	14
14	17
14	30
14	30
14	52
14	19
14	14
14	19
14	50
14	49
14	49
14	14
14	14
14	15
14	17
14	39
14	39
14	14
14	15
14	15
14	59
14	47
14	47
14	15
14	47
14	25
14	19
15	33
15	59
15	15
15	31
15	15
15	15
15	46
15	15
15	47
15	47
15	47
15	15
15	31
15	33
15	47
15	18
15	18
15	19
15	17
15	15
15	17
15	47
15	17
15	15
15	15
15	25
15	17
15	50
15	41
15	49
15	44
15	44
15	29
15	37
15	37
15	18
15	15
15	45
15	18
15	45
15	15
15	45
15	45
15	17
15	18
15	18
16	16
16	16
16	32
16	16
16	16
16	16
16	24
16	16
16	37
16	46
16	30
16	16
16	24
16	46
16	16
16	42
16	37
16	16
16	18
16	19
16	30
16	16
16	16
16	18
16	16
16	16
16	30
16	27
16	16
16	27
16	17
16	17
16	19
16	16
16	16
16	16
16	19
16	27
16	16
16	56
16	42
16	16
16	16
16	17
16	16
16	56
16	42
16	16
16	16
17	57
17	57
17	26
17	27
17	17
17	17
17	27
17	30
17	19
17	49
17	19
17	49
17	49
17	19
17	19
17	30
17	18
17	50
17	17
17	17
17	19
17	18
17	17
17	18
17	18
17	18
17	37
17	17
17	18
17	17
17	50
17	45
17	17
17	17
17	17
17	18
17	17
17	18
17	17
17	17
17	18
17	17
17	18
17	18
17	17
17	18
17	18
17	17
17	18
18	18
18	18
18	18
18	37
18	18
18	37
18	18
18	47
18	47
18	19
18	33
18	50
18	47
18	45
18	37
18	47
18	18
18	18
18	37
18	19
18	19
18	18
18	18
18	18
18	19
18	18
18	18
18	19
18	20
18	47
18	19
18	47
18	37
18	18
18	19
18	18
18	19
18	19
18	18
18	45
18	19
18	50
18	19
18	18
18	47
18	19
18	47
18	18
18	19
19	20
19	45
19	19
19	47
19	20
19	50
19	28
19	19
19	19
19	45
19	19
19	20
19	19
19	19
19	19
19	30
19	47
19	46
19	29
19	19
19	47
19	47
19	19
19	20
19	19
19	19
19	19
19	19
19	19
19	19
19	46
19	19
19	52
19	19
19	19
19	24
19	46
19	20
19	49
19	29
19	19
19	19
19	32
19	19
19	19
19	19
19	48
19	48
19	46
19	19
19	19
19	31
19	20
19	19
19	50
20	20
20	20
20	20
20	51
20	20
20	51
20	42
20	42
20	20
20	34
20	44
20	46
20	57
20	48
20	56
20	45
20	23
20	20
20	20
20	40
20	35
20	50
20	45
20	45
20	20
20	50
20	20
20	57
20	20
20	29
20	20
20	46
20	20
20	46
20	20
20	56
20	36
20	45
20	20
20	24
20	24
20	45
20	57
20	29
20	22
20	35
20	39
20	40
20	39
20	21
20	29
20	46
20	22
20	44
20	29
20	27
20	22
20	20
20	22
20	20
20	22
20	22
20	22
20	58
20	39
20	22
20	20
20	20
20	40
20	38
20	47
20	20
20	40
20	20
20	21
20	22
20	21
20	38
20	25
20	38
20	21
20	21
20	38
20	20
20	27
20	27
20	27
21	29
21	27
21	27
21	40
21	21
21	30
21	38
21	21
21	44
21	41
21	43
21	38
21	44
21	38
21	40
21	24
21	24
21	24
21	23
21	21
21	23
21	63
21	21
21	45
21	21
21	68
21	21
21	68
21	21
21	22
21	21
21	47
21	47
21	21
21	21
21	47
21	63
21	37
21	21
21	63
21	21
21	63
21	21
21	58
21	21
21	22
21	37
21	37
21	37
21	22
21	22
21	21
22	23
22	22
22	22
22	22
22	22
22	22
22	22
22	22
22	53
22	47
22	22
22	39
22	22
22	34
22	24
22	43
22	22
22	58
22	22
22	22
22	22
22	22
22	23
22	22
22	22
22	22
22	22
22	22
22	23
22	22
22	23
22	22
22	22
22	22
22	23
22	23
22	23
22	22
22	23
23	23
23	55
23	23
23	34
23	23
23	51
23	23
23	23
23	23
23	55
23	23
23	23
23	23
23	23
23	23
23	23
23	23
23	23
23	57
23	23
23	23
23	23
23	55
23	23
23	23
23	23
23	23
23	24
23	23
23	23
23	23
23	23
23	23
23	52
23	23
23	40
23	24
23	45
23	26
23	44
23	26
23	45
23	55
23	54
23	23
23	23
23	59
23	45
23	23
23	23
23	23
23	25
23	26
23	23
23	46
23	43
23	32
23	46
23	32
23	23
23	33
23	55
23	42
23	24
23	27
23	42
24	39
24	26
24	24
24	46
24	37
24	24
24	24
24	51
24	24
24	24
24	24
24	24
24	27
24	39
24	24
24	24
24	24
24	24
24	39
24	44
24	24
24	24
24	41
24	26
24	24
24	24
24	24
24	24
24	24
24	24
24	24
24	25
24	24
24	26
24	26
24	45
24	64
24	44
24	56
24	26
24	41
24	24
24	24
24	24
24	24
24	24
24	41
25	43
25	25
25	38
25	44
25	41
25	40
25	41
25	52
25	39
25	41
25	37
25	25
25	42
25	25
25	25
25	42
25	25
25	44
25	41
25	42
25	25
25	43
25	43
25	46
25	53
25	25
25	42
25	42
25	25
25	46
25	44
25	46
25	43
25	42
25	25
25	25
25	43
25	40
25	25
25	46
25	42
25	25
25	42
25	44
25	45
25	42
25	25
25	26
25	26
25	41
25	39
25	25
25	34
25	34
25	56
26	43
26	42
26	65
26	66
26	42
26	54
26	26
26	42
26	66
26	66
26	43
26	43
26	26
26	43
26	38
26	26
26	33
26	34
26	45
26	52
26	26
26	45
26	26
26	26
26	69
26	51
26	62
26	26
26	26
26	45
26	26
26	41
26	41
26	26
26	40
26	48
26	39
26	54
27	27
27	38
27	38
27	38
27	41
27	27
27	28
27	27
27	30
27	40
27	29
27	28
27	58
27	27
27	38
27	27
27	27
27	27
27	27
27	38
27	27
27	27
27	30
27	28
27	28
27	29
27	30
27	28
27	30
27	28
27	28
28	28
28	30
28	28
28	28
28	28
28	28
28	28
28	28
28	28
28	28
28	28
28	28
28	30
28	28
28	37
28	28
28	28
28	30
28	29
28	28
28	41
28	28
28	28
28	28
28	28
28	28
28	28
28	28
28	28
28	43
28	30
29	30
29	29
29	29
29	29
29	29
29	29
29	29
29	46
29	29
29	29
29	47
29	47
29	46
29	29
29	29
29	47
29	29
29	29
29	29
29	31
29	32
29	29
29	29
29	29
29	29
29	29
29	29
29	29
29	45
29	29
29	29
29	29
29	30
29	30
29	47
29	46
29	50
29	57
29	29
29	31
29	29
29	29
29	50
29	57
29	29
29	46
29	56
29	32
29	30
29	30
29	30
29	30
29	30
29	31
30	30
30	50
30	31
30	31
30	30
30	30
30	30
30	54
30	30
30	54
30	30
30	40
30	46
30	31
30	30
30	30
30	30
30	31
30	31
30	30
30	30
30	30
30	31
30	30
30	48
30	30
30	30
30	30
30	30
30	30
30	30
30	31
30	30
31	49
31	31
31	55
31	31
31	32
31	57
31	31
31	31
31	57
31	31
31	46
31	32
31	31
31	32
31	59
31	31
31	31
31	31
31	31
31	31
31	31
31	31
31	32
31	48
31	52
31	59
31	31
31	32
31	31
31	32
31	54
31	32
31	54
31	31
31	32
31	31
31	48
31	48
31	46
31	32
31	31
31	57
31	32
31	31
31	32
31	54
31	32
31	57
31	57
31	57
31	31
31	32
31	57
31	57
32	32
32	32
32	32
32	51
32	48
32	32
32	47
32	47
32	54
32	57
32	32
32	40
32	32
32	32
32	32
32	32
32	57
32	57
32	64
32	47
32	50
32	32
32	32
32	32
32	64
32	47
32	32
32	32
32	54
32	57
32	53
32	48
32	32
32	32
32	32
32	54
32	50
32	32
32	53
32	51
32	69
32	32
32	32
32	49
32	69
32	64
32	32
32	48
32	32
32	33
32	33
32	33
32	55
32	33
32	47
32	64
32	69
32	48
32	64
32	49
32	48
32	33
32	32
32	64
32	32
32	32
32	32
32	59
32	55
32	33
32	33
32	55
32	33
32	32
32	64
32	46
32	48
33	55
33	48
33	45
33	55
33	45
33	33
33	33
33	47
33	48
33	59
33	56
33	48
33	33
33	59
33	33
33	59
33	33
33	59
33	56
33	64
33	59
33	33
33	64
33	33
33	64
33	33
33	64
33	33
33	55
33	33
33	33
33	47
33	51
33	51
33	33
33	33
33	33
33	33
33	59
33	55
33	59
33	33
33	59
33	33
33	55
33	55
33	53
33	59
33	52
33	55
33	59
33	33
33	33
33	34
33	44
33	39
33	33
33	33
33	33
33	34
33	52
33	33
33	33
33	59
33	55
33	53
33	59
33	35
33	33
33	57
33	59
33	59
33	42
33	43
34	39
34	55
34	34
34	34
34	42
34	34
34	39
34	39
34	59
34	55
34	55
34	55
34	43
34	55
34	59
34	34
34	43
34	52
34	38
34	35
34	59
34	55
34	59
34	52
34	52
34	40
34	39
34	34
34	36
34	36
34	68
34	36
34	36
34	68
34	42
34	42
34	42
34	34
34	34
34	36
34	35
34	35
34	35
34	34
34	34
34	34
34	35
34	36
34	34
34	34
34	34
34	35
34	34
34	56
34	35
34	35
34	34
34	56
34	34
34	34
34	34
34	34
34	56
34	56
34	34
34	36
34	34
34	36
34	35
34	36
34	35
34	35
34	56
34	35
34	35
35	57
35	42
35	35
35	35
35	35
35	40
35	35
35	57
35	35
35	57
35	57
35	57
35	57
35	35
35	35
35	35
35	35
35	35
35	35
35	35
35	35
35	57
35	35
35	35
35	57
35	35
35	35
35	36
35	56
35	35
35	35
35	35
35	35
35	36
35	35
35	35
35	37
35	35
35	36
35	35
35	43
35	59
35	59
35	36
35	55
35	67
35	35
35	35
35	36
35	55
35	59
35	36
35	55
35	55
35	43
35	35
35	59
35	59
35	35
35	35
35	58
35	35
35	40
35	58
35	58
35	35
35	35
35	35
35	68
35	57
35	35
35	57
35	35
35	68
35	68
35	57
35	35
35	68
35	36
35	67
35	57
35	36
35	35
35	35
35	36
35	57
35	36
36	57
36	68
36	57
36	57
36	58
36	58
36	36
36	42
36	40
36	68
36	36
36	40
36	40
36	67
36	40
36	36
36	58
36	58
36	67
36	40
36	36
36	36
36	67
36	40
36	68
36	40
36	68
36	36
36	68
36	36
36	36
36	36
36	39
36	42
36	36
36	36
36	36
36	67
36	40
36	36
36	67
36	36
36	42
36	36
36	36
36	36
36	68
36	57
36	63
36	63
36	37
36	40
36	68
36	42
36	36
36	56
36	36
36	58
36	36
36	37
36	36
36	37
36	44
36	42
36	37
37	37
37	37
37	37
37	37
37	56
37	68
37	56
37	37
37	40
37	56
37	44
37	37
37	37
37	37
37	37
37	37
37	37
37	43
37	44
37	44
37	39
37	41
37	39
37	37
37	43
37	44
37	44
37	38
37	52
37	44
37	40
37	46
37	39
37	46
37	43
37	39
37	38
37	44
37	39
37	39
38	39
38	43
38	39
38	38
38	65
38	38
38	44
38	38
38	41
38	43
38	38
38	44
38	38
38	38
38	38
38	69
38	39
38	40
38	38
38	52
38	48
39	48
39	39
39	39
39	39
39	39
39	39
39	39
39	39
39	39
39	39
39	41
39	42
39	41
39	43
39	39
39	58
39	40
39	40
39	40
40	68
40	58
40	60
40	57
40	40
40	40
40	40
40	40
40	57
40	40
40	58
40	46
40	57
40	57
40	57
40	57
40	40
40	40
40	57
40	57
40	40
40	40
40	57
40	58
40	58
40	40
40	41
40	41
41	41
41	41
41	41
41	41
41	41
41	41
41	43
41	42
41	41
41	42
41	41
41	43
41	41
41	55
41	42
41	42
41	41
41	44
41	47
41	66
41	41
42	54
42	66
42	66
42	67
42	42
42	42
42	43
42	42
42	42
42	44
42	44
42	56
42	67
42	44
42	57
42	56
42	56
42	53
42	42
42	42
42	42
42	42
42	42
42	42
42	56
42	56
42	52
42	42
42	52
42	44
42	52
42	42
42	42
42	44
42	52
42	44
42	42
42	43
42	42
42	55
42	43
42	66
42	56
42	56
42	52
42	56
42	46
42	43
42	45
42	42
42	46
43	45
43	65
43	44
43	46
43	43
43	43
43	43
43	44
43	44
43	43
43	51
43	51
43	52
43	45
43	43
43	71
43	65
43	43
43	65
43	43
43	55
43	43
43	43
43	65
43	63
43	43
43	43
43	57
43	46
43	55
43	43
43	65
43	43
43	43
43	43
43	64
43	57
43	55
43	43
43	43
43	43
43	43
43	57
43	64
43	59
43	43
43	43
43	57
43	55
43	57
43	43
43	43
43	43
43	55
43	54
43	43
43	43
43	43
43	44
43	44
43	44
43	43
43	44
43	43
43	43
43	44
43	45
43	44
44	52
44	44
44	44
44	52
44	44
44	56
44	44
44	44
44	44
44	56
44	45
44	44
44	52
44	44
44	44
44	45
44	45
44	45
44	44
44	56
44	56
44	52
44	52
44	56
44	45
44	56
44	44
44	44
44	44
44	45
44	44
44	45
44	45
44	44
44	45
44	44
44	45
44	46
44	46
44	46
44	45
44	44
44	56
44	48
44	46
44	46
44	46
44	57
44	46
44	45
44	46
44	45
44	45
44	44
44	45
44	44
44	44
44	45
44	45
44	44
44	44
44	45
44	50
44	45
45	45
45	45
45	46
45	45
45	45
45	45
45	64
45	45
45	45
45	45
45	45
45	45
45	45
45	45
45	45
45	48
45	56
45	56
45	48
45	46
45	45
45	45
45	45
45	45
45	45
45	55
45	48
45	45
45	45
45	45
45	45
45	45
45	62
45	45
45	45
45	49
45	46
45	45
45	64
45	45
45	56
45	57
46	46
46	56
46	48
46	46
46	46
46	48
46	46
46	46
46	50
46	46
46	46
46	46
46	56
46	46
46	51
46	56
46	57
46	46
46	49
46	49
46	46
46	49
46	46
46	46
46	49
46	49
46	46
46	46
46	46
46	47
46	47
46	46
46	46
46	48
46	46
46	48
46	47
46	46
46	48
46	47
47	47
47	47
47	47
47	47
47	47
47	47
47	47
47	47
47	47
47	47
47	47
47	47
47	47
47	48
47	78
47	47
47	47
47	47
47	47
47	47
47	47
47	47
47	47
47	47
47	47
47	48
47	47
47	47
47	47
47	47
47	47
47	47
47	47
47	47
47	47
48	48
48	48
48	48
48	55
48	55
48	48
48	48
48	48
48	48
48	48
48	48
48	50
48	48
48	48
48	48
48	48
48	50
48	48
48	57
48	48
48	55
48	56
48	48
48	48
48	48
48	51
48	48
48	48
48	48
48	48
48	48
48	48
48	48
48	48
48	48
48	48
48	48
48	48
48	48
48	48
48	48
48	49
48	49
49	49
49	49
49	49
49	49
49	54
49	49
49	62
49	50
49	69
49	69
49	90
49	49
49	49
49	50
49	49
49	49
49	50
49	50
49	49
49	49
49	50
49	49
49	49
49	49
49	49
49	49
49	50
49	50
49	51
49	49
49	52
49	52
49	50
49	50
49	49
49	49
49	49
49	49
49	50
49	50
49	49
49	49
49	69
49	49
49	50
49	49
49	49
49	50
49	50
49	50
49	50
49	50
49	50
49	49
49	51
49	50
50	50
50	50
50	50
50	50
50	50
50	50
50	50
50	50
50	50
50	50
50	50
50	50
50	50
50	50
50	50
50	50
50	50
50	50
50	50
50	50
50	51
50	57
50	70
50	65
50	56
50	64
50	56
50	50
50	50
50	50
50	50
50	64
50	50
50	51
50	56
50	64
50	50
50	51
50	50
50	51
50	51
50	51
50	50
51	56
51	51
51	51
51	51
51	65
51	56
51	57
51	51
51	51
51	51
51	51
51	51
51	51
51	51
51	51
51	56
51	51
51	51
51	51
51	51
51	51
51	51
51	70
51	70
51	51
51	68
51	55
51	55
51	51
51	65
51	53
51	52
51	51
51	51
51	52
51	51
51	55
51	52
51	51
51	72
51	52
51	51
51	52
51	51
51	51
51	51
51	72
51	51
51	55
51	55
51	51
51	72
51	65
51	65
51	71
52	52
52	52
52	52
52	52
52	53
52	53
52	53
52	53
52	52
52	67
52	52
52	52
52	52
52	52
52	70
52	69
52	52
52	69
52	69
52	52
52	78
52	52
52	53
52	69
52	52
52	69
52	81
52	52
52	52
52	52
52	79
52	80
52	52
52	52
52	79
52	88
52	52
52	52
52	52
52	79
52	91
52	52
52	69
52	69
52	53
52	79
52	52
52	52
52	52
52	66
52	66
52	80
52	52
52	52
52	52
52	52
52	79
52	53
52	78
52	52
52	65
52	65
52	80
52	78
52	71
52	72
52	72
52	78
52	72
52	78
52	71
52	66
52	80
52	71
52	71
52	71
52	79
52	66
52	78
52	83
52	65
52	71
52	80
52	55
52	78
52	53
52	53
52	88
52	52
52	55
52	69
52	69
52	52
52	53
52	52
52	55
52	52
52	55
52	56
52	78
52	55
52	52
52	53
52	53
52	55
52	55
52	53
52	55
52	78
52	66
52	52
52	52
52	83
52	53
52	53
53	68
53	65
53	90
53	53
53	77
53	71
53	55
53	56
53	55
53	56
53	92
53	91
53	55
53	89
53	89
53	55
53	74
53	53
53	74
53	53
53	69
53	53
53	79
53	53
53	53
53	53
53	53
53	53
53	53
53	53
53	53
53	79
53	53
53	53
53	53
53	53
53	53
53	53
53	79
53	53
53	53
53	79
53	53
53	53
53	53
53	53
53	53
53	53
53	53
53	53
53	53
53	53
53	54
53	53
53	71
53	53
53	67
53	53
53	53
53	53
53	54
53	54
53	67
54	66
54	54
54	66
54	54
54	54
54	67
54	54
54	66
54	54
54	54
54	54
54	67
54	54
54	54
54	54
54	71
54	65
54	54
54	66
54	54
54	54
54	54
54	54
54	54
54	71
54	54
54	54
54	54
54	54
54	54
54	71
54	66
54	54
54	74
54	67
54	72
54	54
54	54
54	54
54	54
54	54
54	54
54	54
54	54
54	54
54	55
54	54
54	54
54	62
54	54
54	54
54	54
54	54
54	54
54	63
54	63
54	63
54	62
54	54
54	87
54	54
54	54
54	54
54	54
54	54
54	63
54	54
54	54
54	57
54	63
54	54
54	77
54	54
54	54
54	63
55	55
55	55
55	57
55	55
55	55
55	65
55	55
55	65
55	77
55	70
55	55
55	57
55	71
55	72
55	55
55	77
55	72
55	65
55	65
55	71
55	55
55	71
55	55
55	55
55	55
55	58
55	55
55	55
55	55
55	55
55	71
55	71
55	71
55	72
55	55
55	55
55	55
55	55
55	77
55	66
55	65
55	55
55	65
55	65
55	56
55	56
55	55
55	55
55	55
55	55
55	55
55	55
55	59
55	56
55	56
55	56
55	55
55	55
56	56
56	56
56	68
56	68
56	56
56	56
56	56
56	57
56	56
56	57
56	56
56	56
56	65
56	57
56	56
56	57
56	64
56	57
56	57
56	56
56	56
56	57
56	57
56	57
56	65
56	56
56	57
56	57
56	64
56	57
56	63
57	57
57	64
57	57
57	57
57	57
57	64
57	57
57	57
57	58
57	57
57	64
57	57
57	57
57	57
57	57
57	57
57	64
57	57
57	65
57	57
57	57
57	65
57	65
57	65
57	57
57	57
57	57
57	69
57	57
57	57
57	57
57	57
57	62
57	57
57	57
57	57
57	57
57	70
57	70
57	70
57	57
57	70
57	58
57	58
57	57
57	58
57	57
57	57
57	57
57	58
57	57
57	57
57	57
57	57
57	57
57	57
57	57
57	87
57	58
57	87
57	58
57	58
57	86
58	58
58	58
58	58
58	59
58	59
58	59
58	59
58	58
58	58
58	87
58	58
58	58
58	58
58	61
58	87
58	61
58	87
58	59
58	58
58	58
58	61
58	59
58	59
58	87
58	58
58	58
58	58
58	58
58	87
58	58
58	58
58	87
58	58
58	77
58	59
58	88
58	88
58	58
58	58
58	58
58	58
58	88
58	77
58	64
58	58
58	58
58	58
58	58
58	64
58	64
58	62
58	58
58	58
58	58
58	58
58	68
58	58
58	58
58	58
58	58
58	58
58	58
58	58
58	58
58	59
58	59
58	58
59	60
59	60
59	59
59	61
59	61
59	59
59	59
59	87
59	59
59	59
59	87
59	59
59	88
59	59
59	59
59	60
59	76
59	87
59	76
59	59
59	59
59	87
59	88
59	59
59	100
59	88
59	87
59	59
59	59
59	59
59	59
59	86
59	59
59	59
59	59
59	87
59	86
59	59
59	59
59	59
59	61
59	59
59	60
59	88
59	88
59	88
59	88
59	59
59	59
59	86
59	86
59	59
59	87
59	86
59	59
59	59
59	75
59	59
59	59
59	59
59	59
59	59
59	60
59	59
59	59
59	59
59	59
59	59
59	59
59	60
59	100
59	60
59	59
59	59
59	59
59	59
59	60
59	61
59	60
59	59
59	61
59	75
59	60
59	59
60	76
60	100
60	60
60	60
60	60
60	60
60	60
60	60
60	60
60	60
60	60
60	60
60	75
60	87
60	74
60	60
60	60
60	60
60	60
60	60
60	60
60	60
60	60
60	60
60	60
60	60
60	60
60	60
60	60
60	76
60	86
60	60
60	76
60	60
60	60
60	60
60	80
60	60
60	85
60	76
60	76
60	60
60	60
60	60
60	61
60	61
60	60
60	61
60	61
60	87
60	77
60	61
60	61
61	61
61	61
61	87
61	61
61	61
61	61
61	61
61	61
61	61
61	61
61	61
61	61
61	61
61	61
61	61
61	87
61	61
61	61
61	61
61	61
61	87
61	61
61	64
61	64
61	87
61	87
61	61
61	87
61	61
61	61
61	61
61	87
61	64
61	61
61	61
61	61
61	61
61	61
61	87
61	61
61	87
61	61
61	61
61	61
61	63
61	87
61	61
61	93
61	61
61	61
61	62
61	61
61	62
61	62
61	61
61	61
61	62
61	64
61	62
61	62
62	62
62	62
62	62
62	62
62	62
62	75
62	62
62	62
62	92
62	93
62	64
62	64
62	62
62	62
62	62
62	62
62	62
62	81
62	62
62	62
62	62
62	68
62	62
62	62
62	62
62	62
62	62
62	78
62	62
62	63
62	62
62	63
62	90
62	63
62	63
62	63
62	62
62	63
62	101
62	62
62	62
62	62
62	63
62	62
62	62
62	63
62	62
62	62
62	63
62	63
62	62
62	63
62	63
62	63
62	63
62	64
62	64
62	64
62	63
62	64
62	64
62	63
62	63
62	63
63	63
63	64
63	63
63	63
63	63
63	63
63	63
63	63
63	64
63	63
63	63
63	63
63	63
63	63
63	63
63	63
63	63
63	63
63	64
63	63
63	64
63	63
63	63
63	63
63	63
63	63
63	97
63	63
63	63
63	63
63	64
63	63
63	63
63	63
63	64
63	63
63	63
63	63
63	63
63	63
63	63
63	63
63	63
63	63
63	63
63	63
63	64
63	63
63	63
63	63
63	64
63	63
63	63
63	63
63	64
63	64
63	64
64	64
64	64
64	64
64	64
64	64
64	64
64	65
64	64
64	64
64	65
64	64
64	65
64	64
64	64
64	64
64	65
64	64
64	65
64	64
64	65
64	64
64	64
64	64
64	64
64	71
64	65
64	64
64	65
64	64
64	92
64	64
64	64
64	70
64	64
64	64
64	64
64	64
64	64
64	65
64	64
64	64
64	103
64	70
64	64
64	87
64	65
64	65
64	65
64	65
64	65
64	87
65	87
65	65
65	65
65	65
65	65
65	65
65	65
65	87
65	65
65	65
65	65
65	65
65	95
65	65
65	87
65	65
65	65
65	65
65	65
65	93
65	71
65	65
65	65
65	87
65	65
65	65
65	65
65	93
65	88
65	65
65	65
65	65
65	88
65	65
65	88
65	88
65	65
65	88
65	65
65	72
65	96
65	77
65	88
65	92
65	66
65	71
65	88
65	75
65	73
65	66
65	65
65	66
65	66
65	73
65	73
66	72
66	92
66	89
66	66
66	71
66	71
66	83
66	72
66	80
66	81
66	89
66	71
66	89
66	91
66	71
66	66
66	71
66	89
66	80
66	66
66	80
66	82
66	71
66	89
66	83
66	66
66	67
66	71
66	66
66	103
66	71
66	95
66	78
66	78
66	103
66	103
66	103
66	66
66	66
66	82
66	103
66	71
66	82
66	82
66	66
66	81
66	96
66	66
66	66
66	73
66	107
66	73
66	66
66	73
66	73
66	82
66	82
66	68
66	104
66	73
66	104
66	72
66	66
66	104
66	66
66	66
66	100
66	91
66	67
66	67
66	66
66	67
66	66
66	66
66	107
66	66
66	67
66	67
66	67
67	67
67	79
67	67
67	105
67	67
67	67
67	67
67	73
67	67
67	67
67	67
67	67
67	67
67	67
67	67
67	67
67	72
67	67
67	67
67	67
67	67
67	67
67	72
67	72
67	67
67	71
67	67
67	67
67	67
67	67
67	73
67	73
67	91
67	104
67	67
67	67
67	67
67	74
67	67
67	107
67	104
67	67
67	79
67	79
67	67
67	67
67	79
67	104
67	67
67	67
67	67
67	79
67	67
67	79
67	79
67	67
67	67
67	105
67	67
67	67
67	104
67	67
67	67
67	67
67	79
67	67
67	67
67	68
67	67
67	67
67	67
67	67
67	67
67	104
67	96
67	68
68	104
68	81
68	76
68	103
68	68
68	77
68	81
68	71
68	71
68	68
68	71
68	75
68	103
68	103
68	71
68	71
68	82
68	71
68	68
68	68
68	103
68	68
68	68
68	68
68	72
68	68
68	89
68	75
68	72
68	68
68	89
68	68
68	68
68	72
68	96
68	78
68	72
68	72
68	78
68	68
68	74
68	72
68	72
68	78
68	72
68	68
68	68
68	68
68	78
68	68
68	68
68	68
68	68
68	68
68	68
68	68
68	68
68	69
68	68
68	68
68	68
68	96
68	68
68	69
68	68
68	68
68	68
68	69
69	69
69	69
69	69
69	69
69	102
69	69
69	69
69	69
69	69
69	69
69	69
69	69
69	69
69	69
69	88
69	69
69	69
69	69
69	69
69	69
69	69
69	102
69	69
69	69
69	69
69	69
69	69
69	69
69	84
69	69
69	69
69	69
69	102
69	89
69	69
69	88
69	69
69	69
69	69
69	78
69	69
69	69
69	79
69	69
69	101
69	79
69	69
69	69
69	69
69	75
69	69
69	79
69	69
69	69
69	79
69	69
69	69
69	106
69	69
69	69
69	70
69	70
70	72
70	70
70	106
70	70
70	70
70	70
70	97
70	70
70	70
70	106
70	70
70	70
70	94
70	78
70	70
70	79
70	70
70	70
70	70
70	70
70	70
70	70
70	70
70	70
70	94
70	70
70	95
70	70
70	70
70	70
70	102
70	70
70	70
70	70
70	70
70	70
70	70
70	78
70	78
70	70
70	70
70	78
70	70
70	70
70	78
70	95
70	70
70	78
70	78
70	70
70	70
70	83
70	70
70	78
70	78
70	70
70	78
70	94
70	94
70	79
70	78
70	70
70	102
70	79
70	83
70	70
70	70
70	78
70	70
70	102
70	84
70	78
70	70
70	78
70	79
70	79
70	83
70	83
70	70
70	72
70	72
70	72
70	72
70	83
70	79
70	79
71	71
71	98
71	78
71	72
71	89
71	83
71	78
71	71
71	90
71	71
71	71
71	79
71	88
71	77
71	89
71	71
71	71
71	71
71	89
71	89
71	71
71	71
71	71
71	72
71	71
71	90
71	71
71	71
71	77
71	71
71	72
71	71
71	71
71	90
71	81
71	71
71	83
71	71
71	71
71	71
71	73
71	72
71	72
71	72
71	71
71	101
71	71
71	103
71	71
71	71
71	72
71	83
71	72
71	71
71	72
71	72
71	72
71	72
71	71
71	71
71	71
71	103
71	72
71	71
71	71
71	81
71	92
71	71
71	71
71	71
71	72
71	72
71	75
71	71
71	72
72	74
72	74
72	77
72	77
72	75
72	72
72	74
72	78
72	80
72	72
72	77
72	72
72	72
72	75
72	72
72	77
72	72
72	72
72	72
72	72
72	72
72	88
72	75
72	72
72	72
72	72
72	72
72	75
72	91
72	72
72	72
72	75
72	72
72	72
72	72
72	72
72	72
72	75
72	75
72	72
72	75
72	72
72	84
72	92
72	72
72	72
72	88
72	72
72	72
72	73
72	72
72	88
72	72
72	72
72	88
72	76
72	73
72	72
72	88
72	73
72	72
72	88
72	72
72	72
72	72
72	88
72	72
72	73
72	72
72	72
72	73
72	92
72	73
72	72
72	73
72	73
73	95
73	77
73	73
73	73
73	73
73	73
73	73
73	75
73	95
73	95
73	76
73	76
73	76
73	73
73	73
73	73
73	88
73	74
73	76
73	73
73	73
73	73
73	73
73	73
73	73
73	73
73	104
73	104
73	74
73	73
73	73
73	73
73	75
73	73
73	74
73	74
73	78
73	73
73	77
73	78
73	74
73	74
73	88
73	73
73	73
73	90
73	73
73	93
73	74
73	73
73	73
73	74
73	73
73	73
73	73
73	75
73	80
73	92
73	74
73	74
73	73
73	88
73	74
73	88
73	73
73	89
73	74
73	89
73	88
73	74
73	73
73	73
73	88
73	88
74	89
74	74
74	74
74	74
74	74
74	74
74	92
74	74
74	77
74	74
74	74
74	76
74	89
74	74
74	88
74	88
74	88
74	89
74	90
74	88
74	74
74	88
74	77
74	79
74	74
74	89
74	74
74	103
74	74
74	74
74	91
74	89
74	90
74	89
74	78
74	89
74	91
74	74
74	88
74	78
74	74
74	74
74	74
74	90
74	89
74	81
74	74
74	74
74	74
74	74
74	84
74	74
74	74
74	85
74	85
74	74
74	85
74	74
74	75
74	74
74	76
74	75
75	75
75	87
75	75
75	92
75	75
75	75
75	75
75	75
75	75
75	75
75	75
75	75
75	97
75	75
75	75
75	75
75	75
75	81
75	75
75	75
75	75
75	76
75	75
75	75
75	75
75	75
75	100
75	75
75	75
75	75
75	75
75	75
75	75
75	76
75	75
75	100
75	100
75	75
75	100
75	100
75	75
75	96
75	75
75	77
75	75
75	75
75	95
75	75
75	100
75	75
75	75
75	75
75	75
75	100
75	75
75	75
75	75
75	75
75	76
76	95
76	76
76	87
76	76
76	86
76	92
76	87
76	88
76	76
76	76
76	88
76	76
76	76
76	91
76	76
76	76
76	76
76	76
76	76
76	96
76	76
76	76
76	76
76	76
76	76
76	76
76	76
76	76
76	88
76	88
76	76
76	76
76	76
76	76
76	94
76	94
76	76
76	76
76	77
76	76
76	76
76	94
76	76
76	76
76	76
76	94
76	94
76	76
76	76
76	76
76	94
76	94
76	76
76	76
76	76
76	76
76	81
76	76
76	76
76	76
76	76
76	76
76	76
76	82
76	81
76	76
76	82
76	82
76	81
76	107
76	82
76	81
76	81
76	76
76	77
76	77
76	81
77	82
77	77
77	81
77	81
77	81
77	81
77	86
77	88
77	81
77	81
77	103
77	81
77	85
77	85
77	86
77	82
77	82
77	81
77	88
77	77
77	77
77	77
77	77
77	88
77	88
77	88
77	77
77	88
77	77
77	82
77	77
77	77
77	82
77	81
77	82
77	96
77	82
77	82
77	81
77	90
77	89
77	89
77	88
77	77
77	82
77	77
77	77
77	77
77	88
77	81
77	77
77	89
77	88
77	90
77	88
77	77
77	88
77	88
77	96
77	77
77	90
77	91
77	88
77	78
77	78
77	77
77	78
77	78
77	77
77	77
77	77
77	77
77	78
77	77
77	77
77	77
77	77
77	77
77	77
77	77
77	78
77	78
78	96
78	78
78	78
78	78
78	78
78	78
78	78
78	103
78	103
78	94
78	78
78	95
78	103
78	102
78	78
78	78
78	95
78	78
78	78
78	78
78	78
78	78
78	78
78	91
78	78
78	78
78	78
78	78
78	78
78	78
78	78
78	88
78	78
78	78
78	96
78	78
78	78
78	78
78	78
78	83
78	78
78	78
78	98
78	79
78	80
78	78
78	78
78	78
78	78
78	78
78	78
78	80
78	80
78	78
78	78
79	79
79	106
79	79
79	106
79	79
79	88
79	88
79	88
79	79
79	79
79	94
79	79
79	103
79	106
79	83
79	79
79	101
79	103
79	79
79	79
79	79
79	83
79	79
79	101
79	101
79	101
79	103
79	83
79	83
79	96
79	83
79	92
79	79
79	97
79	104
79	91
79	91
79	79
79	79
79	79
79	102
79	84
79	91
79	91
79	79
79	79
79	79
79	79
79	85
79	85
79	79
79	79
79	79
79	79
79	79
79	79
79	85
79	79
79	79
79	79
79	91
79	79
79	79
79	91
79	79
79	79
79	79
79	79
79	79
79	79
79	79
79	99
80	80
80	80
80	106
80	80
80	80
80	103
80	80
80	80
80	80
80	80
80	80
80	80
80	80
80	115
80	103
80	80
80	104
80	97
80	103
80	97
80	96
80	115
80	80
80	80
80	82
80	97
80	103
80	80
80	100
80	80
80	80
80	80
80	80
80	80
80	80
80	80
80	97
80	80
80	96
80	107
80	80
80	80
80	80
80	100
80	80
80	80
80	112
80	110
80	96
80	82
80	111
80	103
80	82
80	82
80	114
80	115
80	115
80	114
80	80
80	110
80	111
80	80
80	110
80	89
80	80
80	80
80	80
80	111
80	111
80	81
80	95
80	89
80	80
80	81
80	81
80	82
80	84
80	81
80	81
80	110
80	80
80	81
80	81
80	81
80	81
80	81
81	89
81	81
81	81
81	89
81	81
81	81
81	82
81	83
81	103
81	81
81	100
81	84
81	81
81	83
81	81
81	81
81	81
81	84
81	81
81	81
81	85
81	81
81	81
81	81
81	81
81	81
81	81
81	81
81	81
81	81
81	82
81	85
81	82
81	81
81	90
81	82
81	81
81	81
81	81
81	81
81	84
81	111
81	82
81	81
81	81
81	81
81	81
81	111
81	82
81	82
81	82
81	103
81	82
81	82
81	82
81	82
81	85
81	85
81	81
81	81
81	82
81	85
81	85
81	90
81	85
81	85
81	81
81	104
81	86
81	81
81	96
81	96
81	81
81	81
81	82
81	96
81	82
81	96
81	96
81	96
81	81
81	96
81	86
81	81
81	104
81	81
81	82
81	85
82	82
82	96
82	90
82	90
82	82
82	82
82	82
82	82
82	82
82	82
82	82
82	86
82	82
82	82
82	103
82	96
82	84
82	96
82	84
82	82
82	82
82	82
82	82
82	82
82	96
82	82
82	82
82	85
82	82
82	82
82	82
82	83
82	82
82	104
82	82
82	84
82	96
82	84
82	84
82	82
82	82
82	82
82	82
82	115
82	82
82	91
82	82
82	82
82	82
82	91
82	91
82	82
82	106
82	90
82	121
82	82
82	82
82	83
82	83
82	96
82	82
82	83
82	82
82	82
82	82
82	82
82	121
82	83
82	110
82	82
82	82
82	83
82	82
82	110
82	110
82	110
82	82
82	82
82	83
82	110
82	110
82	100
83	110
83	83
83	110
83	103
83	99
83	99
83	99
83	119
83	83
83	83
83	118
83	83
83	118
83	101
83	83
83	103
83	83
83	101
83	83
83	101
83	99
83	110
83	84
83	84
83	83
83	83
83	84
83	97
83	83
83	83
83	102
83	83
83	83
83	84
83	83
83	83
83	83
83	83
83	83
83	97
83	83
83	83
83	83
83	83
83	83
83	83
83	84
83	83
83	97
83	84
83	83
83	84
83	84
84	84
84	84
84	84
84	97
84	84
84	84
84	84
84	84
84	84
84	113
84	102
84	97
84	84
84	84
84	84
84	84
84	102
84	84
84	84
84	84
84	84
84	84
84	85
84	85
84	84
84	84
84	84
84	89
84	85
84	102
84	96
84	90
84	84
84	84
84	84
84	84
84	102
84	85
84	85
84	96
84	85
84	102
84	97
84	84
84	102
84	102
84	84
84	85
84	102
84	84
84	84
84	84
84	102
84	84
84	102
84	84
84	84
84	84
84	84
84	116
84	116
84	84
84	85
84	84
84	85
84	116
84	84
84	85
84	84
85	97
85	85
85	85
85	90
85	85
85	116
85	85
85	85
85	85
85	116
85	85
85	116
85	117
85	85
85	88
85	86
85	86
85	85
85	88
85	116
85	116
85	86
85	85
85	85
85	116
85	106
85	119
85	107
85	86
85	118
85	85
85	85
85	85
85	85
85	85
85	85
85	85
85	85
85	118
85	105
85	85
85	85
85	85
85	85
85	97
85	86
85	90
85	86
85	85
85	86
86	118
86	115
86	115
86	88
86	86
86	86
86	86
86	115
86	89
86	86
86	86
86	90
86	86
86	86
86	86
86	104
86	86
86	86
86	86
86	86
86	86
86	86
86	86
86	118
86	86
86	113
86	86
86	86
86	118
86	112
86	112
86	112
86	118
86	112
86	109
86	110
86	86
86	110
86	86
86	86
86	86
86	110
86	87
86	111
86	86
86	86
86	86
86	86
86	87
86	87
86	87
86	87
87	93
87	87
87	87
87	87
87	87
87	115
87	87
87	87
87	93
87	94
87	87
87	93
87	87
87	93
87	87
87	87
87	87
87	87
87	87
87	87
87	87
87	87
87	103
87	87
87	87
87	93
87	87
87	87
87	87
87	87
87	87
87	93
87	93
87	87
87	88
87	87
87	87
87	93
87	87
87	87
87	87
87	87
87	93
87	89
87	87
87	87
87	87
88	88
88	88
88	88
88	88
88	88
88	96
88	88
88	88
88	88
88	88
88	88
88	88
88	88
88	88
88	95
88	88
88	88
88	88
88	88
88	95
88	88
88	95
88	88
88	88
88	88
88	88
88	88
88	88
88	92
88	88
88	88
88	95
88	88
88	88
88	88
88	88
88	88
88	88
88	119
88	88
88	89
88	89
88	89
88	88
88	89
88	88
88	88
88	88
88	89
88	89
88	89
88	89
88	92
88	89
88	89
88	89
88	88
88	88
88	98
88	98
88	108
88	88
88	88
88	98
89	89
89	89
89	89
89	91
89	89
89	89
89	89
89	104
89	89
89	89
89	89
89	89
89	89
89	89
89	104
89	89
89	90
89	108
89	108
89	89
89	92
89	118
89	95
89	89
89	108
89	89
89	89
89	89
89	89
89	90
89	89
89	92
89	92
89	89
89	104
89	89
89	89
89	90
89	89
89	91
89	89
89	89
89	89
89	89
89	89
89	89
89	89
89	89
89	89
89	89
89	91
89	89
89	89
89	89
89	89
90	90
90	90
90	90
90	96
90	108
90	96
90	96
90	111
90	111
90	90
90	108
90	90
90	90
90	90
90	96
90	90
90	103
90	111
90	96
90	115
90	90
90	90
90	90
90	96
90	96
90	90
90	96
90	103
90	90
90	90
90	103
90	90
90	90
90	90
90	103
90	103
90	90
90	100
90	90
90	110
90	90
90	91
90	90
90	90
90	91
90	90
90	104
90	91
91	91
91	103
91	103
91	91
91	91
91	91
91	91
91	91
91	91
91	91
91	91
91	91
91	91
91	91
91	93
91	104
91	103
91	91
91	92
91	103
91	92
91	92
91	91
91	91
91	91
91	92
91	91
91	91
91	91
91	110
91	91
91	91
91	91
91	91
91	118
92	92
92	103
92	92
92	92
92	92
92	103
92	103
92	93
92	104
92	93
92	93
92	103
92	92
92	103
92	104
92	103
92	95
92	93
92	92
92	92
92	92
92	92
92	92
92	92
92	103
92	92
93	93
93	93
93	103
93	93
93	104
93	93
93	93
93	93
93	93
93	93
93	93
93	93
93	93
93	93
93	105
93	103
93	93
93	103
93	104
93	104
93	104
93	93
93	103
93	93
93	93
93	93
93	93
93	93
93	93
93	104
93	93
93	103
93	93
93	93
93	104
93	94
93	93
93	116
93	93
93	103
93	103
93	103
93	103
93	93
93	103
93	103
93	98
93	93
93	103
93	106
94	94
94	94
94	94
94	94
94	94
94	94
94	94
94	94
94	95
94	107
94	95
94	94
94	94
94	94
94	121
94	94
94	94
94	94
94	94
94	95
94	94
94	94
94	94
94	94
94	94
94	95
94	121
94	95
94	95
94	94
94	121
94	94
94	95
94	121
94	121
94	121
94	96
94	95
94	95
94	94
94	95
94	95
95	96
95	95
95	95
95	95
95	95
95	95
95	95
95	95
95	95
95	95
95	121
95	95
95	95
95	121
95	95
95	95
95	95
95	95
95	95
95	95
95	95
95	95
95	95
95	95
95	95
95	121
95	95
95	95
95	95
95	95
95	95
95	95
95	121
95	95
95	120
95	95
95	95
95	95
95	95
95	95
95	95
95	95
95	121
95	95
95	121
95	95
95	95
95	95
95	95
95	95
95	95
95	115
95	115
95	115
95	95
95	115
95	115
95	115
95	115
95	115
95	95
95	95
95	95
95	95
95	95
95	95
95	95
95	95
95	95
95	95
95	95
95	113
95	95
95	113
95	113
95	113
95	113
95	95
95	113
95	113
95	95
95	115
95	95
95	95
95	95
95	95
95	95
96	96
96	96
96	96
96	96
96	115
96	113
96	113
96	113
96	113
96	113
96	96
96	114
96	96
96	96
96	107
96	107
96	107
96	96
96	108
96	96
96	108
96	108
96	108
96	96
96	108
96	107
96	96
96	109
96	107
96	96
96	104
96	104
96	96
96	108
96	96
96	108
96	96
96	96
96	108
96	103
96	108
96	108
96	113
96	107
96	107
96	107
96	96
96	96
96	100
96	96
96	111
96	111
96	108
96	108
96	114
96	103
96	96
96	96
96	107
96	107
96	113
96	114
96	115
96	96
96	107
96	115
96	115
96	96
96	96
96	96
96	115
96	101
96	96
96	96
96	96
96	96
96	96
96	101
96	96
96	97
96	97
96	97
97	97
97	97
97	97
97	97
97	97
97	97
97	97
97	97
97	97
97	97
97	100
97	108
97	110
97	102
97	102
97	100
97	102
97	97
97	97
97	97
97	98
97	120
97	97
97	97
97	98
97	100
97	98
97	98
97	97
97	97
97	98
97	97
97	97
97	97
97	97
97	97
97	97
97	97
97	97
97	97
97	97
97	97
97	97
97	97
97	97
97	97
97	97
97	97
97	97
97	118
97	118
97	97
97	97
97	97
97	101
97	97
97	97
97	97
97	98
97	98
97	117
97	98
97	97
97	97
97	98
97	97
97	97
97	98
98	98
98	98
98	98
98	98
98	98
98	98
98	98
98	98
98	98
98	98
98	98
98	98
98	98
98	98
98	98
98	98
98	118
98	98
98	98
98	98
98	98
98	98
98	100
98	98
98	98
98	98
98	98
98	98
98	98
98	98
98	98
98	98
98	98
98	98
98	98
98	98
98	117
98	98
98	98
98	98
98	98
98	100
98	100
98	98
98	100
98	98
98	98
98	98
98	120
98	120
98	98
98	98
98	98
98	100
98	98
98	98
98	106
98	106
99	99
99	119
99	118
99	112
99	112
99	112
99	119
99	99
99	99
99	112
99	99
99	112
99	99
99	99
99	99
99	99
99	112
99	118
99	99
99	118
99	99
99	99
99	118
99	99
99	99
99	99
99	118
99	118
99	100
99	99
99	100
99	119
99	99
99	118
99	99
99	99
99	118
99	99
99	100
99	99
99	111
99	118
99	118
99	111
99	99
99	100
99	99
99	100
99	99
99	100
99	100
100	100
100	100
100	100
100	100
100	100
100	100
100	100
100	111
100	100
100	110
100	111
100	100
100	100
100	100
100	100
100	100
100	100
100	100
100	100
100	100
100	100
100	100
100	119
100	100
100	100
100	107
100	100
100	100
100	100
100	107
100	100
100	100
100	120
100	120
100	100
100	100
100	100
100	100
100	100
100	120
100	100
100	100
100	120
100	100
100	100
100	100
100	100
100	100
100	100
100	100
100	100
100	100
100	106
100	106
100	100
100	100
100	106
100	100
100	106
100	106
100	107
100	107
100	107
100	107
100	100
100	101
100	100
100	115
100	100
100	100
100	115
100	100
100	100
101	101
101	101
101	101
101	116
101	101
101	101
101	101
101	106
101	101
101	101
101	116
101	101
101	101
101	101
101	101
101	101
101	101
101	101
101	101
101	101
101	101
101	101
101	101
101	101
101	101
101	101
101	101
101	101
101	101
101	101
101	101
101	101
101	101
101	101
101	101
101	101
101	102
101	101
101	102
101	101
101	101
101	101
101	101
101	101
101	101
101	102
101	102
101	101
101	101
101	101
101	101
101	101
101	101
101	102
101	102
101	101
101	102
101	102
101	101
101	101
101	102
101	102
102	102
102	102
102	102
102	102
102	102
102	102
102	102
102	102
102	102
102	102
102	102
102	102
102	102
102	102
102	102
102	102
102	102
102	102
102	102
102	102
102	102
102	102
102	102
102	102
102	102
102	102
102	102
102	102
102	102
102	102
102	103
102	103
102	102
102	102
102	102
102	102
102	102
102	102
102	102
102	102
102	102
103	103
103	117
103	103
103	103
103	103
103	103
103	103
103	103
103	103
103	103
103	103
103	103
103	103
103	103
103	103
103	103
103	103
103	103
103	103
103	103
103	103
103	103
103	103
103	104
103	103
103	103
103	103
103	104
104	104
104	104
104	104
104	104
104	104
104	104
104	104
104	104
104	104
104	104
104	104
104	104
104	104
104	104
104	104
104	104
104	104
104	104
104	104
104	105
104	106
104	104
104	104
104	104
104	106
104	106
104	104
104	105
104	104
104	115
104	104
104	107
104	104
104	104
104	106
104	105
104	115
104	104
104	105
104	107
104	105
104	104
104	104
104	104
105	119
105	119
105	105
105	106
105	105
105	108
105	107
105	105
105	109
105	105
105	105
105	105
105	107
105	107
105	105
105	115
105	105
105	105
105	107
105	115
105	105
105	115
105	105
105	119
105	105
105	105
105	105
105	105
105	119
105	105
105	105
105	106
105	119
105	119
105	105
105	119
105	105
105	105
105	105
105	105
105	106
105	119
105	105
105	105
105	105
105	119
105	106
105	106
105	119
105	105
105	105
105	105
105	105
105	107
105	105
105	120
105	105
105	105
105	105
105	105
105	107
105	115
105	105
105	115
105	105
105	105
105	119
105	105
105	105
106	106
106	109
106	106
106	106
106	106
106	106
106	106
106	120
106	116
106	120
106	106
106	106
106	106
106	119
106	120
106	119
106	119
106	120
106	106
106	121
106	106
106	106
106	106
106	106
106	120
106	106
106	106
106	121
106	107
106	106
106	106
106	106
106	106
106	107
106	106
106	116
106	116
106	116
106	106
106	119
106	106
106	106
106	106
106	121
106	121
106	107
106	107
106	106
106	106
106	106
106	106
106	107
106	107
107	107
107	107
107	107
107	120
107	107
107	120
107	107
107	107
107	107
107	113
107	107
107	111
107	119
107	119
107	119
107	115
107	115
107	107
107	107
107	109
107	113
107	112
107	107
107	107
107	107
107	107
107	113
107	114
107	115
107	107
107	107
107	119
107	119
107	107
107	119
107	107
107	113
107	113
107	111
107	114
107	107
107	115
107	114
107	119
107	109
107	119
107	109
107	108
107	108
107	108
107	107
107	114
107	107
107	108
107	108
107	108
107	119
107	114
107	119
107	108
107	108
108	108
108	108
108	108
108	114
108	109
108	108
108	108
108	108
108	119
108	108
108	108
108	108
108	108
108	108
108	109
108	108
108	108
108	108
108	108
108	113
108	108
108	113
108	109
108	109
108	109
108	109
108	108
108	109
108	109
108	108
108	108
108	108
108	114
108	118
108	109
108	108
108	108
108	112
108	113
108	118
108	108
108	111
108	108
108	112
108	108
108	112
108	109
108	113
108	108
108	108
108	113
108	109
108	113
109	109
109	115
109	109
109	109
109	109
109	109
109	109
109	114
109	109
109	114
109	112
109	114
109	112
109	114
109	109
109	112
109	119
109	112
109	113
109	109
109	113
109	112
109	109
109	109
109	113
109	109
109	109
109	118
109	118
109	109
109	109
109	109
109	109
109	109
109	109
109	119
109	109
109	109
109	118
109	118
109	109
109	109
109	109
109	109
109	112
109	109
109	121
109	114
109	109
109	109
109	109
109	118
109	109
109	114
109	109
109	109
109	118
109	118
109	109
109	109
109	109
109	109
109	118
109	110
109	114
109	113
109	114
109	113
109	112
109	111
109	118
109	113
109	109
109	118
109	110
109	110
109	112
109	111
109	109
109	115
109	112
109	114
109	109
109	110
109	110
109	114
110	110
110	110
110	110
110	110
110	114
110	110
110	110
110	110
110	111
110	111
110	110
110	110
110	110
110	110
110	110
110	110
110	111
110	110
110	110
110	119
110	110
110	110
110	110
110	110
110	119
110	110
110	110
110	111
110	110
110	110
110	110
110	110
110	110
110	110
110	110
110	112
110	110
110	110
110	111
110	111
110	110
110	110
110	111
111	111
111	111
111	111
111	111
111	111
111	111
111	111
111	111
111	111
111	111
111	111
111	111
111	113
111	114
111	113
111	114
111	112
111	117
111	111
111	111
111	111
111	111
111	112
111	111
111	111
111	111
112	112
112	112
112	112
112	112
112	118
112	112
112	118
112	114
112	114
112	112
112	112
112	118
112	112
112	118
112	114
112	114
112	112
112	112
112	113
112	112
112	112
112	112
112	112
112	112
112	112
112	112
112	112
112	112
112	112
112	112
112	112
112	112
112	118
112	112
112	118
112	118
112	114
112	112
112	113
112	118
112	113
112	114
112	114
112	112
112	112
112	113
112	112
112	112
112	113
112	118
112	118
112	114
112	115
112	112
112	113
112	118
112	113
112	113
112	119
112	112
112	113
112	113
112	112
112	113
112	112
112	114
112	118
112	113
112	114
113	114
113	113
113	114
113	113
113	113
113	119
113	113
113	113
113	114
113	113
113	115
113	114
113	114
113	113
113	113
113	113
113	113
113	113
113	115
113	115
113	115
113	113
113	114
113	114
113	113
113	113
113	113
113	113
113	113
113	113
113	113
113	115
113	113
113	114
113	113
113	113
113	113
113	115
113	115
113	115
113	115
113	114
113	113
113	113
113	113
113	114
113	113
113	113
113	113
113	113
113	113
113	113
113	113
113	113
113	113
113	113
113	115
113	113
113	113
113	113
113	113
113	113
113	114
113	114
113	115
113	113
113	113
113	113
113	114
113	114
113	114
113	114
113	114
113	114
113	114
114	114
114	114
114	114
114	114
114	114
114	114
114	114
114	114
114	114
114	114
114	114
114	114
114	114
114	114
114	115
114	114
114	114
114	114
114	114
114	114
114	114
114	114
114	114
114	115
114	114
114	115
114	114
114	114
114	115
114	115
114	114
114	114
114	114
114	114
114	114
114	114
114	114
114	114
114	114
114	114
114	114
114	114
114	114
114	114
114	114
114	114
114	114
115	115
115	115
115	115
115	115
115	115
115	115
115	115
115	115
115	115
115	115
115	115
115	115
115	115
115	119
115	115
115	115
115	120
115	118
115	115
115	115
115	115
115	119
115	115
115	115
115	115
115	115
115	115
115	116
115	115
115	115
115	115
115	118
115	115
115	115
115	115
115	115
115	115
115	115
115	115
115	115
115	115
115	115
115	116
115	115
115	115
115	115
115	115
115	115
115	115
115	115
115	116
115	116
116	116
116	116
116	116
116	116
116	116
116	116
116	116
116	116
116	116
116	121
116	116
116	116
116	116
116	116
116	116
116	116
116	116
116	116
116	116
116	116
116	117
116	116
116	116
116	116
116	116
116	116
116	120
116	116
116	116
116	116
116	116
116	116
116	116
116	116
116	116
116	116
116	116
116	116
116	116
116	116
116	116
116	116
116	117
116	117
116	117
116	117
117	117
117	117
117	117
117	117
117	117
117	117
117	117
117	117
117	117
117	117
117	117
117	117
117	117
117	117
117	117
117	117
117	117
117	117
117	117
117	117
117	117
117	117
117	117
117	117
117	117
117	117
117	117
117	117
117	117
117	117
117	117
117	117
117	117
117	117
117	117
117	117
117	117
117	117
117	117
117	117
117	117
117	117
117	117
117	117
117	117
117	117
117	117
117	117
117	117
117	117
117	117
117	117
117	117
117	117
117	117
117	117
117	117
117	117
117	117
117	117
117	117
117	117
117	117
118	118
118	118
118	118
118	118
118	118
118	118
118	118
118	118
118	118
118	118
118	118
118	118
118	118
118	118
118	118
118	118
118	118
118	118
118	118
118	118
118	118
118	118
118	118
118	119
118	118
118	118
118	119
118	118
118	118
118	118
118	118
118	118
118	119
118	119
118	118
118	118
118	118
118	118
118	118
118	118
118	119
118	119
118	118
118	118
119	119
119	119
119	119
119	119
119	119
119	119
119	121
119	119
119	119
119	119
119	119
119	119
119	119
119	119
119	119
119	119
119	119
119	119
119	119
119	119
119	119
119	119
119	119
119	120
119	119
119	119
119	119
119	119
119	119
119	119
119	119
119	119
119	119
119	119
119	119
119	119
119	119
119	120
119	119
119	119
119	119
119	119
119	119
119	119
119	119
119	119
119	120
119	119
119	119
119	119
119	119
119	120
119	120
119	120
120	120
120	120
120	120
120	120
120	120
120	120
120	120
120	120
120	120
120	120
120	120
120	120
120	120
120	120
120	120
120	120
120	120
120	120
120	120
120	120
120	120
120	120
120	120
120	120
120	120
120	120
120	120
120	120
120	120
120	120
120	120
120	120
120	120
120	120
121	121
121	121
121	121
121	121
121	121
121	121
121	121
121	121
121	121
121	121
121	121
121	121
121	121
121	121
121	121
121	121
121	121
121	121
121	121
121	121
121	121
121	121
121	121
121	121
121	121
121	121
121	121
121	121
121	121
121	121
121	121
121	121
121	121
121	121
121	121
121	121
121	121
121	121
121	121
121	121
121	121
121	121
121	121
