3	3
3	20
3	5
3	3
3	4
3	3
3	5
3	5
3	5
3	3
3	3
3	3
3	4
3	23
3	3
4	4
4	18
4	4
4	4
4	4
4	4
4	33
4	5
4	4
4	4
4	8
4	4
4	15
4	5
4	4
4	7
4	7
4	7
4	4
4	4
4	24
4	8
4	28
4	25
4	25
4	8
4	4
4	4
4	8
4	8
4	24
4	4
4	4
4	8
4	6
4	4
4	35
4	28
4	40
4	6
4	4
4	4
4	4
4	4
4	20
4	6
4	22
4	4
4	4
4	22
4	22
4	4
4	4
4	26
4	4
4	4
4	4
4	4
4	4
4	30
4	30
4	5
4	35
4	6
4	6
4	20
4	29
4	7
4	7
4	4
4	7
4	6
4	6
4	26
4	6
4	4
4	6
4	19
4	6
4	4
4	4
4	28
4	29
4	9
4	4
4	5
4	5
4	15
4	4
4	5
4	20
4	12
5	26
5	5
5	5
5	25
5	20
5	5
5	5
5	5
5	41
5	5
5	5
5	5
5	5
5	5
5	5
5	5
5	20
5	34
5	5
5	5
5	5
5	5
5	5
5	5
5	20
5	5
5	5
5	5
5	5
5	5
5	5
5	5
5	5
5	14
5	6
5	5
5	5
5	5
5	15
5	5
5	26
5	5
5	15
5	20
5	16
5	5
5	26
5	5
5	20
5	20
5	5
5	20
5	26
5	5
5	5
5	20
5	5
5	28
5	7
5	5
5	5
5	7
5	6
5	7
5	5
5	5
5	5
5	19
5	7
5	5
5	6
5	5
5	6
5	8
6	8
6	6
6	26
6	6
6	6
6	6
6	8
6	6
6	6
6	6
6	6
6	14
6	26
6	8
6	6
6	6
6	19
6	6
6	6
6	6
6	19
6	19
6	6
6	6
6	19
6	26
6	7
6	26
6	21
6	28
6	21
6	21
6	21
6	7
6	26
6	21
6	21
6	6
6	41
6	20
6	6
6	21
6	8
6	6
6	6
6	6
6	20
6	21
6	6
6	6
6	6
6	6
6	6
6	6
6	6
6	26
6	6
6	21
6	9
6	26
6	6
6	6
6	6
6	20
6	20
6	6
6	6
6	6
6	20
6	20
6	6
6	6
6	9
6	26
6	19
6	21
6	7
6	22
6	6
6	20
6	19
6	20
6	22
6	6
6	6
6	19
6	7
6	7
6	26
6	7
6	22
6	22
7	7
7	23
7	25
7	7
7	7
7	25
7	7
7	7
7	7
7	7
7	7
7	34
7	7
7	8
7	7
7	8
7	7
7	8
7	7
7	34
7	7
7	25
7	7
7	7
7	7
7	7
7	7
7	8
7	8
7	7
7	8
7	7
7	8
7	7
7	20
7	7
7	7
7	8
7	8
7	8
7	10
7	7
7	10
7	7
7	7
7	7
7	22
7	7
7	11
7	7
7	7
7	7
7	7
7	7
7	7
7	7
7	7
7	34
7	8
7	7
7	11
7	8
8	11
8	8
8	10
8	8
8	8
8	8
8	19
8	8
8	19
8	10
8	8
8	8
8	8
8	8
8	10
8	8
8	8
8	8
8	8
8	8
8	8
8	34
8	8
8	8
8	8
8	8
8	8
8	8
8	8
8	34
8	8
8	34
8	8
8	8
8	25
8	24
8	8
8	12
8	8
8	17
8	8
8	8
8	8
8	8
8	8
8	9
8	8
8	8
8	8
8	8
8	13
8	9
8	9
8	12
8	9
8	12
8	9
8	12
8	22
8	9
8	9
8	8
8	9
8	9
8	8
8	8
8	9
8	12
8	9
9	9
9	9
9	9
9	9
9	9
9	12
9	12
9	9
9	9
9	9
9	9
9	9
9	9
9	25
9	12
9	9
9	9
9	25
9	20
9	20
9	12
9	12
9	9
9	9
9	9
9	9
9	12
9	12
9	9
9	9
9	9
9	9
9	9
9	9
9	9
9	10
9	9
9	9
9	9
9	12
9	12
9	12
9	10
9	12
9	12
9	12
9	34
9	12
9	9
9	9
9	9
9	9
9	9
9	9
9	12
9	9
9	9
9	34
9	9
9	9
9	9
9	9
9	9
9	12
9	9
9	9
9	12
9	9
9	9
9	9
9	9
9	12
9	12
9	18
9	9
9	9
9	10
9	12
9	12
9	9
9	9
9	9
9	10
10	12
10	10
10	10
10	42
10	24
10	24
10	10
10	10
10	11
10	10
10	42
10	34
10	24
10	11
10	11
10	10
10	10
10	18
10	34
10	10
10	10
10	34
10	11
10	20
10	42
10	21
10	21
10	42
10	18
10	10
10	34
10	21
10	11
10	10
10	21
10	21
10	21
10	10
10	10
10	10
10	18
10	10
10	10
10	10
10	10
10	18
10	34
10	18
10	10
10	22
10	10
10	21
10	10
10	42
10	18
10	10
10	21
10	10
10	10
10	21
10	21
10	10
10	10
10	21
10	10
10	10
10	21
10	10
10	11
10	10
10	10
10	22
10	18
10	34
10	18
10	11
10	13
10	10
10	17
10	10
10	10
10	17
10	11
10	11
10	11
10	10
10	13
10	10
10	11
10	17
11	15
11	11
11	11
11	11
11	15
11	17
11	18
11	11
11	33
11	11
11	17
11	11
11	11
11	11
11	13
11	13
11	11
11	11
11	13
11	13
11	11
11	11
11	11
11	11
11	11
11	11
11	11
11	11
11	11
11	11
11	11
11	25
11	22
11	34
11	13
11	13
11	11
11	11
11	11
11	22
11	11
11	11
11	11
11	14
11	22
11	11
11	11
11	13
11	11
11	40
11	13
11	11
11	11
11	41
11	41
11	11
11	41
11	11
11	11
11	13
11	23
11	11
11	11
12	24
12	24
12	12
12	25
12	25
12	12
12	14
12	14
12	24
12	12
12	13
12	19
12	13
12	12
12	14
12	14
12	13
12	14
12	12
12	12
12	12
12	15
12	12
12	42
12	12
12	13
12	12
12	12
12	12
12	12
12	34
12	15
12	12
12	14
12	12
12	12
12	14
12	15
12	12
12	15
12	12
12	12
12	12
12	13
12	15
12	13
12	15
12	12
12	12
12	13
12	13
13	14
13	13
13	17
13	13
13	15
13	15
13	14
13	13
13	13
13	13
13	15
13	13
13	13
13	15
13	15
13	13
13	14
13	13
13	13
13	15
13	15
13	14
13	42
13	41
13	14
13	14
13	13
13	13
13	13
13	13
13	13
13	13
13	13
13	13
13	13
13	13
13	13
13	13
13	42
13	13
13	33
13	33
13	14
13	21
13	28
13	13
13	13
13	14
13	13
13	15
13	14
13	13
13	13
13	14
13	13
13	15
13	14
13	13
13	14
13	14
13	14
14	14
14	14
14	14
14	14
14	14
14	14
14	14
14	14
14	14
14	14
14	14
14	14
14	14
14	14
14	14
14	14
14	15
14	15
14	34
14	43
14	15
14	14
14	14
14	14
14	14
14	33
14	15
14	15
14	33
14	34
14	15
14	20
14	15
14	15
14	14
14	14
14	14
14	15
14	15
14	15
14	15
14	14
14	14
14	14
15	15
15	15
15	15
15	15
15	15
15	15
15	15
15	15
15	15
15	28
15	28
15	24
15	15
15	15
15	29
15	29
15	15
15	18
15	28
15	28
15	28
15	28
15	28
15	30
15	15
15	34
15	30
15	15
15	15
15	15
15	17
15	15
15	34
15	55
15	17
15	28
15	28
15	15
15	15
15	16
15	15
15	29
15	42
15	31
15	29
15	16
15	16
15	31
15	15
15	16
15	16
15	15
15	16
16	34
16	34
16	16
16	16
16	16
16	54
16	29
16	16
16	16
16	16
16	53
16	16
16	53
16	16
16	29
16	29
16	30
16	16
16	16
16	52
16	16
16	16
16	27
16	16
16	32
16	32
16	37
16	33
16	45
16	16
16	17
16	16
16	16
16	27
16	16
16	16
16	16
16	37
16	16
16	17
16	16
16	16
16	16
16	45
16	16
16	16
16	45
16	16
16	16
16	38
16	16
16	38
16	16
16	38
16	38
17	17
17	37
17	17
17	50
17	17
17	46
17	17
17	17
17	38
17	17
17	17
17	17
17	17
17	38
17	17
17	17
17	17
17	17
17	36
17	17
17	17
17	17
17	37
17	17
17	17
17	17
17	17
17	17
17	46
17	38
17	17
17	38
17	39
17	17
17	17
17	17
17	39
17	45
17	46
17	18
17	18
17	17
17	17
17	17
17	17
17	17
17	17
17	17
17	17
17	17
17	17
17	17
17	47
17	17
17	17
17	36
17	17
17	17
17	17
17	17
17	17
17	17
17	36
17	20
17	18
17	17
17	17
17	17
17	17
17	17
17	17
17	17
17	32
17	32
17	17
17	47
17	17
17	45
17	45
17	36
17	18
17	17
17	18
17	18
17	35
17	17
17	36
17	35
17	17
17	35
17	18
17	36
18	35
18	18
18	18
18	18
18	18
18	18
18	18
18	18
18	18
18	34
18	36
18	35
18	18
18	18
18	35
18	35
18	18
18	18
18	20
18	21
18	34
18	42
18	21
18	18
18	18
18	18
18	18
18	18
18	18
18	80
18	43
18	18
18	18
18	18
18	19
18	18
18	18
18	18
18	44
18	18
18	36
18	18
18	18
18	18
18	34
18	34
18	36
18	18
18	18
18	18
18	18
18	18
18	18
18	43
18	18
18	18
18	18
18	18
18	18
19	19
19	21
19	36
19	34
19	19
19	19
19	34
19	19
19	19
19	21
19	21
19	35
19	35
19	21
19	19
19	19
19	19
19	43
19	19
19	19
19	19
19	20
19	19
19	19
19	20
19	19
19	19
19	19
19	19
20	20
20	20
20	23
20	20
20	26
20	20
20	20
20	20
20	22
20	20
20	22
20	20
20	20
20	20
20	20
20	20
20	20
20	22
20	20
20	22
20	20
20	20
20	20
20	20
20	21
20	20
20	21
20	20
20	20
20	20
20	20
20	22
20	20
20	21
20	20
20	20
20	20
20	21
20	21
20	21
20	20
20	21
20	20
20	42
20	44
20	44
20	20
20	34
20	20
20	44
20	42
20	21
20	21
20	35
20	21
20	21
20	42
21	21
21	21
21	35
21	21
21	43
21	21
21	44
21	21
21	21
21	21
21	21
21	21
21	21
21	21
21	21
21	77
21	21
21	22
21	42
21	21
21	42
21	42
21	35
21	21
21	21
21	35
21	21
21	55
21	36
21	21
21	35
21	35
21	21
21	21
21	21
21	21
21	33
21	21
21	42
21	26
21	21
21	35
21	21
21	21
21	21
21	21
21	22
21	21
21	35
21	35
21	35
21	22
21	21
21	30
21	21
21	21
21	35
21	35
21	35
22	22
22	22
22	35
22	27
22	35
22	35
22	22
22	22
22	35
22	80
22	35
22	22
22	22
22	22
22	80
22	22
22	81
22	22
22	25
22	53
22	22
22	26
22	22
22	39
22	53
22	22
22	22
22	22
22	52
22	29
22	51
22	29
22	22
22	22
22	22
22	22
22	29
22	28
22	22
22	22
22	53
22	40
22	25
22	28
22	22
22	22
22	23
22	22
22	22
22	33
22	33
22	28
22	22
22	22
22	23
22	22
22	29
22	26
22	22
22	25
22	51
22	26
22	82
22	25
22	22
22	22
22	53
22	26
22	23
22	51
22	22
22	51
22	53
22	51
22	22
22	52
22	34
22	22
22	34
22	34
22	34
22	34
23	24
23	23
23	25
23	24
23	35
23	23
23	24
23	24
23	23
23	29
23	23
23	23
23	40
23	23
23	23
23	23
23	23
23	23
23	23
23	23
23	23
23	25
23	25
23	23
23	23
23	25
23	28
23	23
23	23
23	25
23	24
23	80
23	24
23	24
23	25
23	26
23	46
23	23
23	90
23	26
23	25
23	25
23	23
23	46
23	25
23	23
23	25
23	23
23	25
23	25
23	23
23	25
23	25
23	37
23	29
23	23
23	24
23	29
23	24
23	24
23	29
23	24
23	24
23	28
23	28
23	24
23	23
23	25
23	29
23	23
23	28
23	25
23	25
23	25
23	26
23	23
23	25
23	23
23	24
23	23
23	23
23	25
23	25
24	24
24	24
24	24
24	24
24	24
24	24
24	29
24	24
24	24
24	24
24	24
24	46
24	46
24	24
24	29
24	24
24	24
24	24
24	24
24	24
24	55
24	29
24	24
24	24
24	30
24	30
24	30
24	24
24	35
24	35
24	55
24	45
24	24
24	49
24	25
24	25
24	25
24	50
24	24
24	28
24	81
24	24
24	25
24	24
24	25
24	24
24	24
24	25
24	25
24	25
24	46
24	50
24	24
24	50
24	28
24	34
24	24
24	25
24	50
25	25
25	39
25	25
25	25
25	39
25	51
25	34
25	28
25	28
25	34
25	28
25	28
25	25
25	28
25	28
25	25
25	52
25	34
25	29
25	29
25	29
25	29
25	50
25	25
25	25
25	34
25	81
25	45
25	28
25	29
25	50
25	25
25	25
25	45
25	25
25	25
25	25
25	25
25	25
25	39
25	28
25	28
25	25
25	25
25	29
25	28
25	25
25	68
25	39
25	29
25	25
25	25
25	39
25	46
25	25
25	25
25	27
25	40
25	39
25	28
25	26
25	46
25	28
26	28
26	26
26	28
26	26
26	26
26	46
26	26
26	47
26	26
26	41
26	26
26	31
26	48
26	38
26	26
26	37
26	26
26	26
26	37
26	73
26	71
26	36
26	26
26	26
26	26
26	47
26	26
26	37
26	26
26	37
26	37
26	37
26	38
26	27
27	54
27	27
27	27
27	27
27	27
27	27
27	54
27	46
27	46
27	30
27	27
27	28
27	28
27	27
27	27
27	28
27	27
27	27
27	45
27	30
27	27
27	30
27	48
27	28
27	57
27	28
27	48
27	42
28	28
28	28
28	28
28	28
28	28
28	28
28	28
28	80
28	28
28	28
28	30
28	29
28	44
28	28
28	28
28	46
28	28
28	46
28	29
28	41
28	29
28	29
28	29
28	30
28	28
28	29
28	29
28	34
28	34
28	51
29	29
29	29
29	51
29	50
29	29
29	51
29	30
29	29
29	46
29	29
29	39
29	31
29	46
29	70
29	29
29	46
29	29
29	39
29	29
29	40
29	41
29	39
29	29
29	29
29	29
29	30
29	30
29	30
29	29
29	29
29	29
29	29
29	30
29	29
29	30
29	29
29	29
29	29
29	30
29	29
29	30
29	29
29	29
29	33
29	29
29	33
29	35
29	30
29	35
29	29
29	30
29	30
29	30
29	30
29	29
29	29
30	30
30	30
30	30
30	30
30	38
30	35
30	30
30	30
30	30
30	30
30	30
30	30
30	30
30	71
30	30
30	30
30	38
30	30
30	30
30	35
30	30
30	30
30	30
30	30
30	32
30	30
30	31
30	30
30	30
30	30
30	31
30	31
30	55
30	30
30	30
30	30
30	30
30	30
30	30
30	30
30	31
30	31
30	33
30	30
30	30
30	31
30	32
30	31
30	31
30	31
30	31
30	30
30	52
30	30
30	30
30	51
30	33
30	30
30	30
30	30
30	30
30	30
30	32
30	30
30	30
30	30
30	30
30	31
30	30
30	32
30	30
30	30
30	52
30	30
30	52
30	30
30	30
30	31
30	30
30	31
30	30
31	31
31	31
31	31
31	31
31	31
31	31
31	31
31	31
31	31
31	31
31	34
31	34
31	34
31	31
31	31
31	31
31	31
31	31
31	31
31	31
31	31
31	31
31	31
31	31
31	31
31	33
31	52
31	33
31	32
31	33
31	31
31	34
31	52
31	31
31	31
31	31
31	31
31	31
31	31
31	31
31	52
31	66
31	52
31	52
31	31
31	31
31	53
31	33
31	31
32	32
32	32
32	32
32	33
32	32
32	32
32	32
32	32
32	32
32	33
32	32
32	32
32	32
32	32
32	32
32	32
32	32
32	32
32	32
32	32
32	32
32	32
32	32
32	33
32	33
32	32
32	32
32	32
32	32
32	32
32	32
32	32
32	32
32	32
32	33
32	32
32	32
32	32
32	32
32	32
32	32
32	32
32	33
32	32
32	32
32	32
32	32
32	32
32	32
32	32
32	32
32	32
32	32
32	32
32	36
32	33
32	33
33	33
33	33
33	33
33	33
33	33
33	33
33	33
33	33
33	33
33	33
33	33
33	33
33	33
33	45
33	33
33	33
33	33
33	33
33	64
33	33
33	33
33	33
33	33
33	77
33	33
33	57
33	33
33	42
33	37
33	33
33	33
33	55
33	33
33	33
33	33
33	33
33	33
33	41
33	33
33	53
33	33
33	33
33	42
33	33
33	33
33	41
33	33
33	41
33	33
33	42
33	33
33	42
33	33
33	33
33	33
33	42
33	33
33	33
33	33
33	33
33	34
33	42
33	34
33	42
33	34
34	34
34	34
34	34
34	34
34	34
34	52
34	34
34	34
34	34
34	34
34	34
34	42
34	93
34	34
34	42
34	34
34	34
34	34
34	54
34	34
34	54
34	34
34	52
34	42
34	34
34	34
34	52
34	52
34	34
34	34
34	42
34	43
34	42
34	34
34	42
34	34
34	34
34	34
34	42
34	42
34	34
34	34
34	34
34	34
34	81
34	44
34	34
34	44
34	44
35	81
35	79
35	67
35	79
35	79
35	35
35	83
35	39
35	55
35	55
35	55
35	55
35	35
35	35
35	55
35	35
35	35
35	35
35	35
35	67
35	67
35	35
35	45
35	35
35	38
35	38
35	38
35	45
35	38
35	54
35	38
35	45
35	45
35	35
35	35
35	38
35	35
35	35
35	35
35	35
35	37
35	38
35	85
35	35
35	35
35	66
35	66
35	65
35	45
35	66
35	57
35	35
35	67
35	35
35	36
35	35
35	35
35	35
35	38
35	87
35	35
35	36
35	66
35	36
35	83
35	49
35	35
35	35
35	88
35	36
35	63
35	66
35	36
35	63
35	82
35	36
36	91
36	36
36	91
36	36
36	91
36	36
36	91
36	36
36	36
36	36
36	91
36	91
36	85
36	36
36	63
36	36
36	85
36	85
36	36
36	36
36	36
36	36
36	36
36	70
36	36
36	36
36	36
36	83
36	36
36	39
36	46
36	36
36	36
36	36
36	36
36	36
36	36
36	36
36	36
36	36
36	36
36	36
36	36
36	36
36	36
36	37
36	36
37	37
37	37
37	72
37	37
37	39
37	37
37	47
37	38
37	38
37	63
37	39
37	39
37	50
37	50
37	37
37	49
37	37
37	75
37	49
37	47
37	37
37	37
37	37
37	37
37	37
37	37
37	37
37	38
37	37
37	49
37	49
37	38
37	37
37	37
37	54
37	94
37	47
37	69
37	55
37	37
37	37
37	68
37	37
37	49
37	94
37	47
37	94
37	49
37	68
37	37
37	45
37	47
37	49
37	38
37	37
37	52
37	37
37	37
37	50
37	37
37	50
37	37
37	37
37	38
37	37
37	50
37	37
37	37
37	37
37	37
37	38
37	37
37	40
37	37
37	37
37	44
37	50
37	38
37	57
37	37
37	38
37	38
37	38
38	38
38	38
38	38
38	38
38	91
38	38
38	38
38	38
38	38
38	91
38	38
38	38
38	38
38	38
38	39
38	38
38	94
38	46
38	91
38	46
38	94
38	43
38	38
38	66
38	38
38	91
38	90
38	38
38	39
38	50
38	90
38	46
38	38
38	38
38	87
38	38
38	55
38	87
38	46
38	55
38	44
38	38
38	38
38	55
38	55
38	38
38	46
38	47
38	39
38	39
39	52
39	39
39	87
39	46
39	46
39	45
39	45
39	87
39	39
39	46
39	45
39	45
39	50
39	45
39	50
39	47
39	45
39	49
39	47
39	46
39	44
39	50
39	45
39	50
39	39
39	81
39	45
39	45
39	39
39	46
39	45
39	39
39	68
39	46
39	46
39	46
39	41
39	68
39	41
39	39
39	39
39	40
39	69
39	69
39	49
39	40
39	49
39	45
40	49
40	41
40	40
40	49
40	49
40	46
40	48
40	41
40	40
40	40
40	68
40	41
40	53
40	40
40	86
40	86
40	41
40	40
40	41
40	50
40	50
40	50
40	41
40	41
40	48
40	65
40	41
40	41
40	44
40	74
40	64
40	40
40	62
40	45
40	64
40	64
40	66
40	40
40	69
40	41
40	64
40	64
40	69
40	69
40	85
40	41
40	41
40	85
40	57
40	40
40	76
40	64
40	41
41	43
41	43
41	66
41	43
41	41
41	51
41	69
41	50
41	81
41	51
41	41
41	82
41	41
41	68
41	41
41	41
41	41
41	48
41	48
41	41
41	41
41	41
41	75
41	41
41	41
41	41
41	95
41	41
41	41
41	50
41	50
41	42
41	51
41	42
41	57
41	41
41	41
41	75
42	42
42	48
42	47
42	49
42	43
42	43
42	50
42	42
42	77
42	48
42	42
42	42
42	50
42	48
42	42
42	45
42	45
42	45
42	42
42	42
42	42
42	42
42	45
42	77
42	42
42	44
42	42
42	55
42	77
42	42
42	52
42	81
42	42
42	77
42	42
42	43
42	44
42	44
42	42
42	43
42	43
42	44
43	43
43	43
43	50
43	94
43	57
43	44
43	43
43	76
43	49
43	43
43	43
43	43
43	43
43	43
43	43
43	50
43	50
43	43
43	87
43	43
43	49
43	94
43	43
43	43
43	43
43	94
43	43
43	43
43	43
43	44
43	74
43	75
43	43
43	44
43	44
43	75
43	75
43	75
43	43
43	44
43	43
43	44
43	43
43	43
43	91
43	91
43	91
43	43
43	65
43	44
43	44
43	91
43	43
43	95
43	95
43	44
43	43
43	91
43	43
43	91
43	94
43	91
43	91
44	44
44	47
44	44
44	94
44	76
44	50
44	74
44	44
44	75
44	44
44	72
44	90
44	93
44	44
44	44
44	78
44	93
44	80
44	44
44	69
44	93
44	93
44	62
44	62
44	44
44	75
44	44
44	62
44	49
44	62
44	62
44	44
44	44
44	62
44	94
44	81
44	62
44	93
44	81
44	80
44	62
44	78
44	45
44	71
44	49
44	68
44	78
44	68
44	78
44	52
44	49
44	69
44	62
45	45
45	78
45	49
45	45
45	88
45	45
45	48
45	45
45	45
45	45
45	45
45	45
45	45
45	50
45	45
45	53
45	65
45	50
45	45
45	48
45	45
45	45
45	45
45	54
45	89
45	45
45	45
45	45
45	45
45	45
45	45
45	46
45	46
45	45
45	50
45	45
45	65
45	49
45	45
45	50
45	49
45	58
46	49
46	50
46	81
46	46
46	50
46	46
46	47
46	47
46	47
46	50
46	46
46	50
46	46
46	54
46	48
46	47
46	72
46	72
46	54
46	46
46	46
46	73
46	73
46	69
46	47
46	69
46	68
47	47
47	72
47	79
47	72
47	78
47	54
47	47
47	47
47	68
47	63
47	79
47	47
47	63
47	48
47	47
47	48
47	63
47	86
47	89
47	47
47	48
47	49
47	48
47	48
47	63
47	63
47	95
47	47
47	63
47	63
48	88
48	88
48	81
48	81
48	48
48	85
48	65
48	48
48	61
48	54
48	57
48	87
48	87
48	48
48	48
48	48
48	65
48	48
48	89
48	85
48	84
48	55
48	58
48	89
48	89
48	50
48	69
48	76
48	75
48	49
48	48
48	50
48	68
48	48
48	48
48	86
48	54
49	49
49	66
49	55
49	55
49	49
49	49
49	79
49	83
49	79
49	78
49	85
49	84
49	68
49	49
49	49
49	78
49	49
49	71
49	79
49	49
49	49
49	50
49	57
49	76
49	83
49	94
49	50
49	94
49	49
49	49
49	49
49	49
49	51
49	50
49	69
50	92
50	93
50	66
50	50
50	88
50	50
50	50
50	50
50	50
50	50
50	89
50	68
50	52
50	80
50	50
50	50
50	50
50	50
50	50
50	50
50	51
50	50
50	51
50	57
50	50
50	51
50	51
50	51
50	52
50	75
50	75
50	57
50	57
51	51
51	76
51	51
51	67
51	51
51	55
51	55
51	82
51	57
51	57
51	55
51	57
51	51
51	51
51	55
51	51
51	55
51	51
51	55
51	51
51	51
51	51
51	55
51	53
51	55
51	55
51	54
51	52
51	52
51	52
51	80
51	51
51	55
51	52
51	51
51	52
51	55
51	51
51	52
51	55
51	52
51	51
51	51
51	76
51	55
51	57
51	55
52	52
52	52
52	55
52	52
52	54
52	53
52	52
52	82
52	82
52	52
52	82
52	82
52	52
52	52
52	82
52	52
52	52
52	52
52	53
53	53
53	53
53	53
53	53
53	80
53	53
53	81
53	54
53	81
53	80
53	81
53	54
53	54
53	53
53	53
53	82
53	54
53	53
53	78
54	54
54	68
54	54
54	54
54	84
54	54
54	54
54	64
54	54
54	54
54	54
54	64
54	54
54	54
55	76
55	76
55	81
55	76
55	86
55	55
55	55
55	81
55	86
55	63
55	76
55	55
55	55
55	65
55	55
55	55
55	67
55	55
55	55
55	90
55	77
55	55
55	65
55	89
55	55
55	55
55	55
55	55
55	82
55	57
55	55
55	55
55	55
55	62
55	55
55	56
55	55
55	57
55	56
55	75
55	56
55	58
55	57
55	56
55	94
55	55
55	87
55	84
55	55
55	55
55	92
55	93
56	56
56	56
56	91
56	56
56	87
56	73
56	61
56	61
56	56
56	76
56	90
56	58
56	60
56	75
56	74
56	57
56	69
56	60
56	84
56	86
56	66
56	86
56	86
56	56
56	62
56	56
56	67
56	94
56	75
56	56
56	56
56	56
56	56
56	67
56	87
56	87
56	86
56	58
56	91
56	58
56	56
56	57
56	87
56	56
56	56
56	56
56	57
56	64
56	58
56	86
57	65
57	57
57	76
57	65
57	57
57	65
57	75
57	64
57	66
57	87
57	66
57	85
57	57
57	87
57	65
57	85
57	57
57	75
57	57
57	85
57	69
57	63
57	57
57	65
57	77
57	67
57	57
57	57
57	67
57	89
57	69
57	57
57	68
57	65
57	57
57	68
57	83
57	88
57	81
57	57
57	69
57	85
57	58
57	58
57	58
57	57
57	68
57	64
57	89
57	58
57	58
57	58
57	58
57	57
57	58
57	88
58	83
58	65
58	76
58	58
58	87
58	58
58	96
58	58
58	65
58	62
58	62
58	87
58	85
58	88
58	62
58	88
58	84
58	83
58	75
58	58
58	80
58	58
58	75
58	79
58	92
58	80
58	61
58	82
58	84
58	93
58	61
58	75
58	84
58	84
58	58
58	92
58	84
58	94
58	75
58	61
58	79
58	95
58	78
58	95
58	74
58	60
58	95
58	94
58	66
58	95
59	93
59	66
59	74
59	97
59	59
59	59
59	59
59	94
59	94
59	67
59	66
59	59
59	59
59	74
59	74
59	71
59	78
59	70
59	59
59	78
59	59
59	59
59	96
59	59
59	97
59	94
59	74
59	74
59	93
59	59
59	67
59	92
59	92
59	97
59	70
59	59
59	59
59	66
59	94
59	93
59	75
59	70
59	93
59	59
59	97
59	97
59	78
59	78
59	65
59	97
59	97
59	59
59	97
59	59
59	74
59	68
59	60
59	68
59	59
59	97
59	97
59	66
59	65
59	66
59	70
60	73
60	60
60	85
60	60
60	60
60	92
60	92
60	84
60	90
60	92
60	60
60	86
60	86
60	67
60	60
60	88
60	93
60	96
60	66
60	96
60	71
60	71
60	88
60	60
60	79
60	71
60	88
60	71
60	86
60	88
60	84
60	85
60	84
60	70
60	84
60	89
60	79
60	90
60	61
60	86
60	84
60	84
60	84
60	89
60	61
60	65
60	86
60	88
60	65
60	84
60	86
60	65
60	61
60	78
61	88
61	74
61	74
61	67
61	61
61	89
61	88
61	84
61	63
61	96
61	62
61	61
61	94
61	61
61	80
61	62
61	94
61	92
61	92
61	75
61	92
61	63
61	80
61	62
61	61
61	61
61	63
61	63
61	61
61	74
61	88
61	88
61	61
61	66
61	64
61	75
61	63
61	75
61	61
61	81
61	61
62	62
62	75
62	62
62	80
62	69
62	62
62	85
62	62
62	62
62	66
62	62
62	75
62	62
62	62
62	86
62	81
62	86
62	62
62	62
62	62
62	76
62	76
62	63
62	76
62	64
62	76
62	76
62	77
62	62
62	76
62	62
62	62
62	76
62	93
62	80
62	62
62	86
62	62
62	79
62	79
62	63
62	62
63	80
63	63
63	63
63	83
63	63
63	63
63	63
63	63
63	63
63	89
63	89
63	85
63	63
63	85
63	86
63	81
63	86
63	65
63	65
63	85
63	85
63	63
63	81
63	81
63	89
63	81
63	64
63	77
63	65
63	86
63	73
63	80
63	72
63	63
63	88
63	64
63	64
63	85
63	75
64	72
64	64
64	88
64	86
64	64
64	71
64	65
64	69
64	91
64	64
64	65
64	64
64	65
64	85
64	69
64	65
64	68
64	65
64	64
64	64
64	73
64	78
64	97
64	94
64	73
64	95
64	95
64	64
64	64
64	96
64	73
64	64
64	65
64	86
65	89
65	85
65	73
65	89
65	96
65	85
65	85
65	65
65	65
65	77
65	65
65	65
65	77
65	87
65	97
65	96
65	89
65	80
65	91
65	66
65	87
65	65
65	65
65	87
65	89
65	87
65	87
65	65
65	77
65	77
65	89
65	66
65	84
65	65
65	66
66	83
66	74
66	66
66	95
66	66
66	75
66	76
66	85
66	85
66	66
66	75
66	94
66	66
66	92
66	78
66	92
66	67
66	92
66	92
66	67
66	86
66	93
66	92
66	85
66	70
66	85
66	93
66	67
66	93
66	67
66	73
66	67
66	67
67	91
67	87
67	67
67	69
67	70
67	97
67	92
67	91
67	92
67	92
67	89
67	68
67	92
67	67
67	96
67	92
67	89
67	92
67	92
67	92
67	67
67	68
67	67
67	67
67	67
67	67
67	86
67	67
67	89
67	92
67	96
67	91
68	83
68	83
68	94
68	68
68	69
68	69
68	69
68	69
68	68
68	79
68	68
68	68
68	79
68	68
68	68
68	79
68	79
68	68
68	69
68	82
69	82
69	75
69	82
69	94
69	69
69	78
69	88
69	93
69	69
69	89
69	75
69	69
69	75
69	69
69	69
69	89
69	89
69	75
69	85
69	71
69	71
70	72
70	72
70	71
70	88
70	70
70	78
70	93
70	97
70	77
70	70
70	70
70	70
70	88
70	70
70	70
70	71
70	71
70	71
70	71
70	70
70	70
70	70
70	84
70	70
70	70
70	71
70	88
70	70
70	70
70	70
71	71
71	84
71	71
71	97
71	88
71	92
71	71
71	73
71	71
71	71
71	86
71	71
71	71
71	86
71	71
71	91
71	91
71	71
71	72
71	72
71	89
71	88
71	72
71	72
72	72
72	72
72	72
72	78
72	72
72	72
72	72
72	93
72	88
72	88
72	95
72	85
72	81
72	72
72	72
72	72
72	74
72	72
72	72
72	88
72	88
72	88
72	87
72	88
72	88
72	95
72	88
72	95
72	95
72	72
72	74
72	95
72	95
72	73
72	87
72	72
72	73
72	89
72	91
72	97
72	72
72	73
72	82
72	73
72	95
72	73
72	72
72	72
72	72
72	73
72	72
72	72
73	73
73	73
73	87
73	87
73	73
73	74
73	73
73	90
73	85
73	73
73	74
73	96
73	91
73	88
73	74
73	96
73	73
73	87
73	73
73	74
73	96
73	96
73	73
73	87
73	87
73	73
73	73
73	74
73	73
73	95
73	74
73	95
73	97
73	91
73	95
73	91
73	78
74	95
74	88
74	88
74	97
74	74
74	95
74	95
74	97
74	95
74	87
74	95
74	95
74	76
74	88
74	88
74	94
74	94
74	86
74	94
74	74
74	87
74	76
74	74
74	94
74	75
74	75
74	94
74	75
74	76
74	94
74	94
74	92
74	75
74	78
74	74
74	74
74	94
75	75
75	75
75	75
75	94
75	92
75	78
75	76
75	75
75	79
75	75
75	75
75	75
75	93
75	90
75	75
75	75
75	92
75	92
75	94
75	79
75	75
75	80
75	93
75	75
75	75
75	76
75	76
75	92
75	76
75	75
75	76
75	93
76	79
76	76
76	92
76	76
76	79
76	93
76	76
76	92
76	78
76	87
76	76
76	76
76	78
76	76
76	86
76	78
76	86
76	91
76	78
76	76
76	76
76	76
76	77
76	76
76	79
76	76
76	76
76	76
76	76
76	76
76	77
76	76
76	86
76	77
77	77
77	77
77	77
77	77
77	77
77	77
77	77
77	77
77	78
77	85
77	77
77	78
77	77
77	86
77	85
77	81
77	79
77	77
77	89
77	77
77	93
77	80
77	77
77	78
77	92
77	92
77	92
77	92
77	92
77	77
77	77
77	77
77	77
77	77
77	77
77	92
78	78
78	78
78	83
78	92
78	92
78	90
78	83
78	78
78	78
78	92
78	92
78	78
78	83
78	92
78	92
78	92
78	97
78	80
78	97
78	93
78	78
78	97
78	92
78	89
78	78
78	94
78	97
78	96
78	78
78	96
78	94
78	78
78	94
78	91
78	94
78	97
78	94
78	78
78	94
78	78
78	93
78	78
78	92
78	78
78	78
78	92
78	94
78	93
78	93
78	93
78	93
78	78
78	93
78	78
78	93
79	79
79	93
79	79
79	79
79	80
79	84
79	82
79	80
79	79
79	84
79	80
79	80
79	88
79	80
79	79
79	80
79	80
80	80
80	80
80	80
80	80
80	80
80	80
80	85
80	80
80	82
80	89
80	80
80	80
80	85
80	80
80	85
80	81
80	80
80	89
81	81
81	81
81	81
81	89
81	81
81	81
81	81
81	82
81	81
81	81
81	81
81	81
81	81
81	81
81	81
81	81
81	88
81	82
81	82
81	81
81	81
82	82
82	82
82	85
82	85
82	82
82	82
82	82
82	82
82	83
82	84
82	89
82	96
82	97
83	83
83	83
83	83
83	96
83	90
83	83
83	84
83	84
83	83
83	83
83	83
83	83
83	83
83	83
83	83
83	89
83	83
83	89
83	87
83	83
83	83
83	84
84	87
84	89
84	89
84	89
84	88
84	84
84	84
84	84
84	84
84	86
84	84
84	84
84	84
84	84
84	84
84	86
84	89
84	84
84	84
84	84
84	89
84	84
84	84
84	90
84	85
84	84
84	90
84	90
84	84
84	84
84	84
84	89
84	84
84	96
84	89
84	84
85	90
85	85
85	89
85	85
85	89
85	89
85	91
85	89
85	85
85	89
85	85
85	85
85	85
85	91
85	90
85	85
85	85
85	85
85	85
85	85
85	85
85	85
85	85
85	85
85	90
85	90
85	86
85	88
85	85
85	85
85	85
85	85
85	86
85	86
85	85
85	85
85	85
86	94
86	86
86	94
86	86
86	89
86	88
86	86
86	86
86	87
86	86
86	90
86	90
86	86
86	86
86	88
86	86
86	87
86	86
87	87
87	97
87	87
87	87
87	87
87	87
87	87
87	93
87	87
87	87
87	87
87	90
87	87
87	88
87	88
87	87
87	88
87	87
87	95
87	87
87	87
87	87
87	87
87	95
87	95
87	87
87	87
87	87
87	87
87	87
87	87
87	87
87	90
87	90
88	88
88	88
88	88
88	90
88	88
88	88
88	95
88	95
88	94
88	88
88	88
88	97
88	88
88	89
88	89
89	89
89	89
89	89
89	89
89	89
89	89
89	89
89	89
89	89
89	89
89	89
89	89
89	89
89	89
89	89
89	89
89	89
89	89
89	89
89	89
89	89
89	89
89	90
89	90
89	90
89	90
90	90
90	92
90	90
90	90
90	90
90	96
90	96
90	96
90	96
90	97
90	96
90	90
90	97
90	90
90	90
90	90
90	90
90	90
90	90
90	90
90	90
90	97
90	97
90	90
90	90
90	90
90	96
90	97
90	90
90	90
90	96
90	96
90	90
90	93
90	93
90	90
90	90
90	91
90	95
90	93
90	90
90	95
90	95
90	95
90	95
91	91
91	91
91	94
91	91
91	91
91	91
91	91
91	91
91	91
91	91
91	91
91	91
91	91
91	91
91	91
91	91
91	91
91	91
91	91
91	91
91	91
91	93
91	91
91	91
91	91
91	91
91	91
91	91
91	91
91	91
91	91
91	91
91	91
91	91
91	91
91	91
91	91
91	91
91	91
91	91
91	97
91	96
91	96
91	91
91	96
91	97
91	91
91	91
91	91
91	92
91	92
91	92
92	96
92	92
92	92
92	95
92	97
92	92
92	92
92	97
92	92
92	92
92	92
92	92
92	92
92	92
92	92
92	92
92	92
92	92
92	92
92	97
92	97
92	92
92	92
92	97
92	97
92	92
92	93
92	92
92	92
92	92
92	97
92	93
92	93
92	92
92	92
92	93
92	92
92	92
92	92
92	92
92	96
92	93
92	92
92	92
92	92
92	92
92	92
92	92
92	92
92	93
92	92
92	93
92	92
92	92
92	92
92	92
92	93
92	93
92	92
92	92
92	93
93	93
93	97
93	93
93	93
93	93
93	93
93	93
93	93
93	93
93	93
93	97
93	97
93	93
93	93
93	94
93	94
93	94
93	93
93	93
93	93
93	97
93	93
93	93
93	93
93	93
93	93
93	93
93	94
93	94
93	93
93	93
93	93
93	93
93	93
93	93
93	93
93	93
93	94
93	93
93	93
93	93
93	93
93	93
93	93
93	93
93	94
93	94
93	94
93	94
93	94
93	93
93	94
93	93
93	94
93	94
93	93
94	94
94	94
94	95
94	94
94	94
94	94
94	94
94	94
94	94
94	94
94	94
94	94
94	94
94	94
94	94
94	94
94	94
94	94
94	94
94	94
94	94
94	94
94	94
94	94
94	94
94	94
94	94
94	94
94	94
94	94
94	96
94	94
94	94
94	94
94	94
94	95
94	94
94	94
94	95
94	94
94	95
94	95
94	95
94	95
95	95
95	97
95	95
95	95
95	95
95	95
95	97
95	95
95	95
95	97
95	95
95	95
95	95
95	95
95	95
95	97
95	95
95	95
95	95
95	97
95	95
95	95
95	97
95	97
95	95
95	95
95	95
95	95
95	96
95	95
95	96
95	96
95	95
95	95
95	95
95	95
95	96
95	95
95	98
95	95
95	97
95	98
95	95
95	95
95	95
95	95
95	95
95	95
95	96
96	96
96	96
96	96
96	96
96	96
96	97
96	96
96	96
96	98
96	96
96	96
96	98
96	96
96	96
96	96
96	96
96	96
96	97
96	97
96	96
96	96
96	97
96	96
96	97
96	97
96	97
96	97
96	97
96	97
96	96
96	96
96	98
96	96
96	96
96	96
96	96
96	96
96	96
96	96
96	96
96	96
96	96
96	96
96	96
96	96
96	96
96	96
96	96
96	96
96	96
96	96
96	96
96	98
96	96
96	96
96	96
96	97
96	97
96	96
96	97
96	97
96	97
96	97
97	97
97	97
97	97
97	97
97	97
97	97
97	97
97	97
97	97
97	97
97	97
97	97
97	97
97	97
97	97
97	97
97	97
97	97
97	97
97	97
97	97
97	97
97	97
97	97
97	97
97	97
97	97
97	97
97	97
97	97
97	97
97	97
97	97
97	97
97	97
98	98
98	98
