3	3
3	27
3	40
3	3
3	3
3	3
3	3
3	3
3	27
3	26
3	26
3	3
3	26
3	32
3	3
3	13
3	27
3	3
3	3
3	27
3	3
3	20
3	18
3	3
3	3
3	16
3	4
3	3
3	3
3	13
3	51
3	13
3	20
3	13
3	19
3	3
3	28
3	18
3	13
3	25
3	13
4	18
4	16
4	4
4	18
4	18
4	13
4	25
4	28
4	4
4	17
4	18
4	4
4	19
4	5
4	21
4	39
4	88
4	51
4	14
4	15
4	4
4	32
4	4
4	11
4	4
4	18
4	4
4	4
4	4
4	14
4	18
4	15
4	4
4	14
4	4
4	14
4	14
4	17
4	48
4	48
4	4
4	6
4	18
4	4
4	6
4	19
4	19
5	51
5	5
5	36
5	5
5	5
5	5
5	5
5	14
5	5
5	5
5	23
5	6
5	5
5	5
5	50
5	51
5	5
5	5
5	5
5	51
5	6
5	5
5	5
5	5
5	6
5	5
5	6
5	5
5	5
5	5
5	21
5	5
5	5
5	5
5	5
5	5
5	5
5	5
5	5
5	5
5	51
5	31
5	7
5	30
5	23
5	8
5	8
5	5
5	6
5	47
5	30
6	8
6	8
6	17
6	6
6	39
6	9
6	6
6	17
6	11
6	47
6	48
6	6
6	30
6	6
6	33
6	47
6	31
6	47
6	6
6	25
6	48
6	39
6	45
6	24
6	25
6	24
6	55
6	27
6	26
6	13
6	7
6	6
6	35
6	26
6	6
6	19
6	6
6	18
6	17
6	17
6	7
6	6
6	32
6	7
6	9
6	6
6	7
6	6
6	39
6	7
6	7
6	27
6	26
6	33
6	33
7	15
7	13
7	7
7	7
7	7
7	7
7	31
7	11
7	9
7	7
7	7
7	35
7	8
7	7
7	13
7	7
7	34
7	9
7	7
7	7
7	39
7	7
7	8
7	7
7	7
7	47
7	34
7	33
7	8
7	8
7	7
7	13
7	8
7	8
7	8
7	9
7	30
7	8
7	8
8	8
8	13
8	11
8	34
8	8
8	8
8	8
8	19
8	35
8	35
8	35
8	8
8	88
8	32
8	35
8	33
8	8
8	11
8	30
8	30
8	33
8	8
8	35
8	35
8	35
8	35
8	30
8	16
8	8
8	8
8	19
8	8
8	8
8	8
8	49
9	12
9	11
9	11
9	28
9	22
9	13
9	9
9	9
9	12
9	12
9	13
9	9
9	13
9	15
9	9
9	15
9	9
9	9
9	17
9	9
9	9
9	19
9	28
9	9
9	19
9	9
9	15
9	12
9	12
9	9
9	31
9	12
9	13
9	10
9	9
9	13
9	37
9	12
9	12
9	9
9	9
9	35
9	9
9	26
9	32
9	9
9	9
9	36
9	9
9	9
9	9
9	37
9	9
9	37
9	10
9	36
9	9
9	36
9	37
9	9
9	57
9	10
9	33
9	37
9	33
9	23
9	12
9	9
9	37
9	9
9	32
10	10
10	33
10	33
10	10
10	33
10	33
10	33
10	33
10	32
10	10
10	10
10	10
10	10
10	10
10	10
10	10
10	10
10	10
10	10
10	10
10	54
10	10
10	10
10	58
10	10
10	10
10	10
10	11
10	33
10	31
10	11
11	12
11	11
11	31
11	11
11	11
11	31
11	11
11	31
11	11
11	11
11	11
11	31
11	31
11	11
11	31
11	11
11	29
11	11
11	30
11	11
11	30
11	11
11	11
11	31
11	31
11	11
11	11
11	11
11	11
11	12
11	11
11	11
11	56
11	11
11	11
11	31
11	11
11	12
11	56
11	12
12	36
12	12
12	12
12	31
12	12
12	12
12	12
12	22
12	39
12	39
12	12
12	35
12	12
12	30
12	12
12	24
12	12
12	12
12	36
12	12
12	12
12	37
12	12
12	12
12	21
12	12
12	12
12	12
12	21
12	12
12	37
12	12
12	12
12	37
12	37
12	12
12	12
12	19
12	12
12	12
12	12
12	37
12	12
12	13
12	12
12	37
12	37
12	37
12	37
12	12
12	24
12	13
12	13
12	24
12	13
12	13
12	12
12	12
13	13
13	13
13	13
13	13
13	30
13	13
13	13
13	13
13	13
13	13
13	13
13	17
13	39
13	13
13	13
13	13
13	17
13	17
13	16
13	13
13	31
13	38
13	38
13	38
13	13
13	15
13	15
13	26
13	55
13	13
13	13
13	13
13	13
13	13
13	13
13	13
13	88
13	13
13	88
13	16
13	13
13	13
13	15
13	15
13	14
13	13
13	13
13	14
13	14
13	14
13	14
13	13
13	16
13	16
13	13
13	13
13	15
13	16
13	15
13	14
13	14
13	14
13	30
13	13
13	14
13	14
13	14
13	14
13	14
13	14
13	14
13	13
13	14
13	14
13	14
14	14
14	14
14	14
14	14
14	15
14	16
14	14
14	14
14	14
14	14
14	14
14	14
14	14
14	16
14	16
14	16
14	14
14	14
14	14
14	14
14	14
14	14
14	88
14	88
14	14
14	14
14	14
14	14
14	15
14	14
14	14
14	14
14	14
14	15
14	15
14	14
14	15
14	15
14	15
14	14
14	14
14	15
14	15
14	15
14	15
14	14
14	38
14	15
14	15
15	15
15	15
15	15
15	15
15	15
15	15
15	16
15	15
15	88
15	15
15	15
15	15
15	24
15	15
15	15
15	15
15	15
15	88
15	15
15	15
15	88
15	88
15	58
15	15
15	15
15	16
16	16
16	16
16	16
16	16
16	16
16	16
16	19
16	16
16	20
16	16
16	16
16	27
16	16
16	19
16	26
16	19
16	18
16	16
16	16
16	18
16	16
16	19
16	16
16	27
16	17
16	16
16	16
16	16
16	18
16	16
16	20
16	16
16	16
16	16
16	16
16	16
16	16
16	88
16	16
16	17
16	16
16	16
16	16
16	17
16	16
16	16
16	16
17	17
17	17
17	17
17	17
17	19
17	17
17	18
17	17
17	18
17	17
17	48
17	47
17	17
17	55
17	39
17	22
17	22
17	48
17	18
17	17
17	26
17	26
17	27
17	20
18	18
18	18
18	18
18	18
18	55
18	55
18	38
18	18
18	55
18	20
18	88
18	54
18	18
18	18
18	20
18	20
18	20
18	18
18	20
18	51
18	20
18	47
18	18
18	18
18	18
18	18
19	48
19	19
19	48
19	19
19	19
19	38
19	19
19	19
19	19
19	31
19	19
19	30
19	19
19	19
19	38
19	27
19	38
19	19
19	30
19	24
19	32
19	19
19	44
19	19
19	19
19	24
19	19
20	20
20	20
20	57
20	36
20	24
20	20
20	24
20	20
20	59
20	58
20	20
20	27
20	20
20	20
20	20
20	20
20	20
20	59
20	20
20	20
20	20
20	57
20	24
20	20
20	56
20	24
20	40
20	20
20	48
20	20
20	40
20	56
20	57
20	47
20	20
20	20
20	88
20	20
20	40
20	40
20	20
20	40
20	20
20	40
20	23
20	40
20	39
20	20
20	20
20	23
20	21
20	51
20	20
20	20
20	37
20	21
20	20
20	37
21	39
21	21
21	40
21	21
21	40
21	21
21	41
21	21
21	21
21	56
21	37
21	37
21	21
21	39
21	40
21	21
21	21
21	21
21	47
21	37
21	39
21	51
21	21
21	21
21	37
21	21
21	21
21	51
21	21
21	51
21	22
21	21
21	38
21	38
21	38
21	82
21	51
21	21
21	43
21	39
21	51
21	50
21	37
21	27
21	50
21	50
21	56
21	47
21	55
21	22
21	22
21	22
21	38
21	83
21	39
21	23
21	21
21	21
21	42
21	22
21	21
21	21
21	21
21	21
21	44
21	54
21	50
21	23
21	50
21	21
21	21
21	21
21	42
21	83
21	22
21	21
21	23
21	21
21	42
21	21
21	42
21	38
22	22
22	46
22	42
22	82
22	52
22	30
22	49
22	82
22	22
22	50
22	22
22	33
22	31
22	22
22	46
22	22
22	38
22	38
22	83
22	38
22	83
22	22
22	23
22	22
22	38
22	39
22	83
22	27
22	22
22	42
22	22
22	22
22	22
22	22
22	22
22	22
22	50
22	43
22	46
22	23
22	23
22	47
23	23
23	46
23	23
23	23
23	48
23	46
23	83
23	23
23	23
23	23
23	83
23	23
23	50
23	83
23	43
23	43
23	23
23	23
23	51
23	38
23	52
23	23
23	38
23	38
23	23
23	37
23	25
23	23
23	38
23	38
23	38
23	38
23	23
23	51
23	23
23	23
23	23
23	23
23	37
23	23
23	23
23	23
23	23
23	38
23	23
23	47
23	23
23	38
23	23
23	24
23	38
23	23
23	23
23	23
23	25
23	23
23	37
23	38
24	25
24	25
24	24
24	59
24	36
24	59
24	24
24	59
24	59
24	26
24	58
24	57
24	57
24	24
24	24
24	25
24	32
24	24
24	24
24	32
24	24
24	24
24	24
24	32
24	37
24	37
24	37
24	32
24	24
24	24
24	24
24	35
24	32
24	27
24	26
24	26
24	24
24	24
24	31
24	27
24	32
24	26
24	33
24	24
24	24
24	25
24	24
24	59
24	26
24	25
24	25
24	25
24	28
24	25
24	25
24	25
25	28
25	25
25	25
25	58
25	28
25	25
25	25
25	25
25	25
25	48
25	37
25	25
25	25
25	25
25	47
25	47
25	25
25	47
25	25
25	25
25	25
25	25
25	37
25	25
25	37
25	25
25	28
25	55
25	55
25	25
25	26
26	26
26	26
26	26
26	26
26	26
26	38
26	26
26	27
26	26
26	28
26	26
26	26
26	26
26	35
26	32
26	30
26	26
26	26
26	26
26	32
26	26
26	38
26	27
26	26
26	26
27	27
27	27
27	27
27	38
27	55
27	38
27	38
27	31
27	27
27	27
27	27
27	27
27	29
27	27
27	55
27	28
27	28
27	27
27	32
27	55
27	56
27	27
27	28
27	27
28	28
28	28
28	28
28	48
28	28
28	28
28	28
28	28
28	28
28	28
28	28
28	29
28	31
28	28
28	29
28	28
28	28
28	29
28	30
28	29
29	29
29	29
29	29
29	29
29	29
29	29
29	29
29	29
29	30
29	31
29	29
29	29
29	29
29	29
29	29
29	30
29	30
29	29
29	29
29	30
30	30
30	30
30	35
30	31
30	30
30	30
30	39
30	39
30	30
30	39
30	30
30	33
30	30
30	30
30	30
30	30
30	30
31	31
31	31
31	31
31	31
31	31
31	33
31	31
31	31
31	66
31	33
31	31
31	31
31	31
31	31
31	37
31	31
31	31
31	33
31	33
31	31
31	31
31	66
31	67
31	67
31	33
31	67
31	67
32	32
32	45
32	33
32	32
32	45
32	32
32	45
32	35
32	32
32	43
32	67
32	32
32	67
32	50
32	50
32	32
32	32
32	64
32	32
32	65
32	32
32	33
32	32
32	32
32	33
32	32
32	33
32	32
33	35
33	35
33	35
33	33
33	33
33	33
33	33
33	33
33	35
33	33
33	33
33	33
33	33
33	33
33	33
33	33
33	33
33	33
33	33
33	33
33	33
33	33
33	33
33	33
33	33
33	33
33	33
33	33
33	33
33	33
33	33
33	33
33	33
33	33
33	33
33	45
33	33
33	44
33	33
33	33
33	33
33	75
33	45
33	33
33	34
33	34
33	34
33	66
33	67
33	67
33	55
33	55
33	34
33	54
33	34
34	44
34	34
34	34
34	34
34	34
34	73
34	70
34	70
34	82
34	53
34	82
34	52
34	34
34	53
34	34
34	34
34	34
34	82
34	34
34	83
34	34
34	52
34	52
34	34
34	70
34	34
34	52
34	52
34	34
34	34
34	34
34	52
34	34
34	34
34	34
34	48
34	84
34	34
34	48
34	34
34	76
34	48
34	82
34	48
34	48
34	34
34	47
34	48
34	35
34	48
34	35
34	48
34	83
35	35
35	47
35	47
35	83
35	35
35	83
35	35
35	35
35	35
35	35
35	35
35	35
35	70
35	48
35	35
35	83
35	82
35	35
35	35
35	47
35	35
35	83
35	35
35	83
35	47
35	35
35	35
35	84
35	62
35	84
35	62
35	84
35	78
35	84
35	85
35	35
35	35
35	84
35	63
35	84
35	84
35	63
35	35
35	35
35	35
35	93
35	75
35	92
35	35
35	35
35	35
35	86
35	35
35	35
35	35
35	36
35	35
35	35
35	62
35	92
35	78
35	75
35	75
35	92
35	35
35	74
35	92
35	75
35	35
35	35
35	62
35	92
35	78
35	46
35	35
35	93
35	92
35	93
35	35
35	36
35	78
35	36
35	35
35	74
35	35
35	35
35	35
36	43
36	36
36	93
36	36
36	91
36	36
36	59
36	92
36	93
36	36
36	36
36	74
36	36
36	36
36	36
36	87
36	36
36	36
36	36
36	36
36	36
36	36
36	36
36	93
36	36
36	36
36	74
36	37
36	36
36	36
36	37
36	36
36	36
36	36
36	37
36	37
36	80
36	36
36	64
36	36
36	36
36	37
36	36
36	36
36	36
36	36
36	36
36	37
36	39
36	36
36	37
36	96
36	64
36	36
36	39
36	64
36	36
36	46
36	36
36	36
36	36
36	36
36	36
36	39
36	37
36	40
36	76
36	36
36	37
36	36
36	37
36	37
36	37
37	37
37	37
37	37
37	37
37	37
37	37
37	37
37	37
37	37
37	37
37	37
37	37
37	37
37	37
37	37
37	39
37	41
37	37
37	37
37	37
37	37
37	37
37	38
37	37
37	39
37	38
37	37
37	37
37	38
37	67
37	51
37	38
37	38
37	37
37	38
37	38
37	37
37	37
37	51
37	55
37	38
38	38
38	38
38	38
38	38
38	39
38	38
38	38
38	38
38	38
38	38
38	38
38	45
38	43
38	38
38	38
38	38
38	38
38	38
38	38
38	84
38	38
38	38
38	38
38	38
38	50
38	51
38	48
38	38
38	51
38	38
38	51
38	55
38	46
38	38
38	47
38	55
38	39
38	39
38	39
38	48
38	39
38	39
38	38
38	60
38	38
38	39
38	39
38	93
38	110
38	39
38	39
38	51
38	51
38	39
38	48
38	39
38	39
38	50
38	38
38	39
38	51
38	40
38	39
38	39
38	39
38	47
38	39
38	39
39	39
39	50
39	39
39	39
39	39
39	39
39	43
39	39
39	39
39	39
39	39
39	39
39	39
39	39
39	48
39	39
39	91
39	39
39	39
39	39
39	57
39	98
39	39
39	39
39	39
39	39
39	58
39	39
39	39
39	39
39	54
39	39
39	54
39	39
39	39
39	39
39	39
39	39
39	39
39	39
39	39
39	39
39	46
39	39
39	39
39	67
39	66
39	44
39	44
39	54
39	44
39	39
39	72
39	53
39	67
39	39
39	72
39	40
39	78
39	39
39	39
39	51
39	39
39	39
39	78
39	40
39	78
39	40
39	78
39	39
39	40
39	40
39	39
39	54
39	40
39	40
39	39
39	39
39	66
39	40
39	39
39	73
39	78
39	78
39	54
39	54
39	106
40	54
40	112
40	40
40	73
40	54
40	40
40	54
40	54
40	42
40	41
40	40
40	40
40	43
40	54
40	78
40	61
40	40
40	62
40	61
40	40
40	40
40	61
40	40
40	40
40	43
40	56
40	57
40	57
40	40
40	62
40	40
40	62
40	40
40	40
40	40
40	40
40	62
40	40
40	40
40	62
40	62
40	40
40	40
40	40
40	40
40	40
40	56
40	62
40	62
40	62
40	54
40	41
40	61
40	40
40	61
40	41
40	61
40	61
40	62
40	40
40	40
40	40
40	56
40	56
40	51
40	51
40	50
40	41
40	51
40	40
40	51
40	51
40	48
40	40
40	40
40	56
40	62
40	50
40	40
40	50
40	51
40	62
40	62
40	41
40	51
40	40
40	40
40	50
40	51
40	55
40	41
40	50
40	41
41	41
41	41
41	41
41	63
41	41
41	41
41	63
41	55
41	41
41	41
41	41
41	41
41	41
41	41
41	41
41	41
41	41
41	41
41	41
41	42
41	41
41	41
41	41
41	41
41	55
41	41
41	41
41	41
41	51
41	51
41	41
41	55
41	55
41	55
41	57
41	41
41	41
41	51
41	41
41	41
41	41
41	41
41	41
41	42
41	42
41	41
41	42
41	50
41	50
41	81
41	42
41	51
41	41
41	41
41	41
41	56
41	41
41	55
41	56
41	76
41	41
41	42
41	57
41	42
41	42
41	41
41	41
41	42
41	42
41	72
41	42
41	42
42	51
42	42
42	42
42	42
42	42
42	51
42	42
42	42
42	51
42	42
42	50
42	42
42	50
42	78
42	42
42	42
42	42
42	42
42	43
42	43
42	55
42	67
42	42
42	43
42	42
42	46
42	46
42	45
42	42
42	52
42	56
42	46
42	46
42	46
42	79
42	42
42	49
42	50
42	46
42	46
42	57
42	42
42	57
42	78
42	42
42	42
42	42
42	42
42	78
42	81
42	42
42	81
42	42
42	78
42	49
42	81
42	57
42	57
42	50
42	43
42	42
42	42
42	58
42	42
42	81
42	42
42	79
42	57
42	43
42	43
42	43
42	63
42	43
43	81
43	43
43	50
43	43
43	43
43	43
43	44
43	56
43	43
43	46
43	43
43	78
43	47
43	43
43	43
43	43
43	56
43	74
43	74
43	43
43	74
43	43
43	43
43	43
43	78
43	43
43	43
43	74
43	43
43	74
43	43
43	52
43	43
43	43
43	52
43	43
43	43
43	43
43	43
43	52
43	43
43	76
43	43
43	74
43	43
43	74
43	46
43	46
43	76
43	52
43	43
43	43
43	46
43	43
43	51
43	43
43	82
43	83
43	61
43	65
43	50
43	65
43	76
43	65
43	43
43	61
43	43
43	76
43	77
43	45
43	43
43	66
43	67
43	65
43	54
43	45
43	74
43	44
44	65
44	44
44	72
44	78
44	72
44	65
44	44
44	44
44	68
44	45
44	44
44	44
44	70
44	44
44	44
44	44
44	65
44	44
44	44
44	67
44	45
44	44
44	44
44	44
44	69
44	65
44	45
44	54
44	66
44	54
44	44
44	69
44	72
44	67
44	66
44	45
44	45
44	44
44	44
44	44
44	45
44	65
44	76
44	66
44	45
44	44
44	83
44	45
44	44
44	67
44	45
45	45
45	45
45	45
45	76
45	57
45	76
45	83
45	70
45	78
45	45
45	54
45	54
45	54
45	45
45	76
45	53
45	75
45	66
45	45
45	45
45	45
45	66
45	45
45	45
45	45
45	55
45	75
45	75
45	45
45	45
45	66
45	66
45	75
45	45
45	75
45	66
45	67
45	45
45	55
45	55
45	61
45	78
45	78
45	78
45	78
45	45
45	46
46	77
46	46
46	84
46	52
46	76
46	61
46	84
46	75
46	46
46	62
46	46
46	46
46	62
46	62
46	53
46	74
46	52
46	46
46	52
46	56
46	46
46	74
46	52
46	62
46	46
46	46
46	46
46	53
46	52
46	62
46	46
46	77
46	63
46	46
46	77
46	77
46	61
46	49
46	49
46	52
46	63
46	46
46	46
46	46
46	53
46	46
46	64
46	46
46	54
46	46
46	46
46	46
46	63
47	76
47	47
47	84
47	47
47	47
47	47
47	84
47	47
47	47
47	47
47	50
47	48
47	47
47	51
47	48
47	62
47	47
47	83
47	61
47	47
47	51
47	84
47	83
47	47
47	47
47	84
47	84
47	84
47	83
47	84
47	83
47	83
47	48
48	48
48	48
48	65
48	48
48	48
48	70
48	51
48	48
48	51
48	70
48	48
48	48
48	51
48	50
48	48
48	48
48	68
48	68
48	83
48	48
48	52
48	68
48	69
48	69
48	70
48	70
48	48
48	50
48	57
49	49
49	56
49	70
49	49
49	70
49	49
49	49
49	49
49	49
49	49
49	49
49	49
49	49
49	49
49	52
49	50
49	49
49	49
49	49
49	49
49	50
49	49
49	70
49	53
49	73
49	53
49	70
49	53
49	52
49	49
49	52
49	49
49	49
49	49
50	53
50	50
50	54
50	50
50	54
50	50
50	50
50	51
50	50
50	66
50	82
50	53
50	51
50	50
50	50
50	53
50	55
50	50
50	51
50	50
50	50
50	76
50	51
50	51
50	50
50	50
50	51
50	85
51	51
51	51
51	56
51	51
51	56
51	51
51	51
51	51
51	51
51	51
51	51
51	51
51	52
51	51
51	51
51	51
51	51
51	51
51	51
51	52
51	51
51	74
51	52
51	51
51	51
51	51
51	76
51	51
51	51
51	51
51	52
51	74
51	74
51	51
51	51
51	72
51	51
51	51
51	76
51	51
51	51
51	71
51	82
51	71
51	51
51	52
51	82
51	82
51	82
51	51
51	53
51	51
51	82
51	82
51	82
52	53
52	52
52	52
52	82
52	54
52	54
52	82
52	52
52	52
52	52
52	52
52	62
52	52
52	55
52	74
52	52
52	53
52	52
52	52
52	56
52	82
52	83
52	83
52	83
52	56
52	68
52	70
52	52
52	68
52	56
52	56
52	97
52	70
52	52
52	57
52	75
52	52
52	56
52	56
52	82
52	82
52	83
52	70
52	75
52	53
52	70
52	52
52	52
52	70
52	52
52	75
52	83
52	52
52	82
52	52
52	52
52	52
52	82
52	74
52	52
52	71
52	53
52	53
52	70
52	75
52	70
52	83
52	53
52	70
52	75
52	80
52	53
52	70
52	53
53	70
53	53
53	68
53	75
53	75
53	75
53	53
53	76
53	71
53	70
53	53
53	53
53	71
53	71
53	76
53	71
53	53
53	71
53	53
53	53
53	53
53	70
53	74
53	74
53	74
53	82
53	68
53	53
53	57
53	58
53	92
53	92
53	76
53	53
53	75
53	53
53	53
53	53
53	71
53	53
53	53
53	55
53	53
53	86
53	53
53	53
53	92
53	71
53	74
53	71
53	70
53	70
53	53
53	53
53	57
53	71
53	73
53	70
53	73
53	61
53	54
54	54
54	54
54	54
54	76
54	82
54	70
54	82
54	70
54	70
54	54
54	73
54	70
54	78
54	72
54	66
54	54
54	78
54	66
54	54
54	63
54	78
54	72
54	54
54	78
54	54
54	78
54	54
54	54
54	54
54	54
54	54
54	54
54	54
54	54
54	54
54	54
54	54
54	62
54	54
54	61
54	54
54	68
54	62
54	66
54	62
54	66
54	54
54	54
54	54
54	54
54	57
54	54
54	54
54	54
54	88
54	54
54	78
54	63
54	54
54	55
54	66
54	54
54	54
54	54
54	54
54	61
54	55
54	55
54	55
54	66
54	54
54	54
54	54
55	55
55	66
55	66
55	55
55	55
55	55
55	55
55	55
55	55
55	62
55	63
55	67
55	63
55	66
55	55
55	55
55	55
55	55
55	55
55	55
55	55
55	86
55	55
55	55
55	55
55	55
55	55
55	55
55	55
55	55
55	55
55	55
55	55
55	55
55	55
55	55
55	56
55	56
55	56
55	55
55	60
55	73
56	56
56	56
56	56
56	56
56	56
56	56
56	56
56	61
56	56
56	56
56	56
56	56
56	56
56	56
56	56
56	56
56	56
56	75
56	56
56	56
56	56
56	61
56	56
56	56
56	97
56	81
56	56
56	57
56	57
56	57
57	57
57	57
57	82
57	76
57	57
57	57
57	76
57	57
57	57
57	72
57	76
57	57
57	76
57	69
57	69
57	81
57	79
57	71
57	82
57	82
57	57
57	57
57	81
57	79
57	71
57	58
57	58
57	57
57	58
57	57
57	57
57	57
57	57
57	57
57	58
57	58
57	57
57	57
57	57
57	71
57	57
57	57
57	57
57	57
57	57
57	58
57	58
57	58
57	57
57	57
57	58
57	57
57	58
57	57
57	57
57	57
57	58
57	66
57	58
57	68
57	58
57	58
57	59
57	59
57	57
57	64
58	58
58	58
58	58
58	58
58	78
58	58
58	58
58	58
58	78
58	68
58	78
58	58
58	81
58	58
58	58
58	78
58	78
58	58
58	58
58	58
58	58
58	58
58	58
58	58
58	58
58	68
58	68
58	65
58	58
58	59
58	58
58	58
58	58
58	58
58	58
58	59
58	58
58	58
58	97
58	86
58	59
58	59
58	58
58	58
58	58
58	59
58	59
58	97
58	58
58	59
58	97
58	58
58	59
58	59
59	59
59	59
59	59
59	59
59	88
59	59
59	59
59	59
59	59
59	59
59	83
59	69
59	59
59	59
59	59
59	59
59	59
59	59
59	59
59	65
59	65
59	69
59	59
59	69
59	69
59	74
59	82
59	59
59	74
59	65
59	59
59	59
59	79
59	93
59	59
59	59
59	88
59	84
59	59
59	70
59	78
59	72
59	70
59	69
59	78
59	67
59	60
60	86
60	70
60	86
60	60
60	86
60	60
60	86
60	60
60	86
60	86
60	63
60	72
60	60
60	63
60	60
60	63
60	101
60	101
60	84
60	72
60	61
60	72
60	60
60	111
60	60
60	60
60	94
60	110
60	110
60	60
60	63
60	111
60	61
60	60
60	60
60	77
60	60
60	60
60	60
60	60
60	63
60	60
60	63
60	60
60	73
60	62
60	77
60	77
60	60
60	60
60	60
60	77
60	60
60	77
60	60
60	61
60	77
60	60
60	78
60	78
60	77
60	60
61	111
61	111
61	63
61	77
61	77
61	72
61	70
61	69
61	77
61	77
61	67
61	67
61	76
61	61
61	61
61	77
61	61
61	69
61	61
61	69
61	83
61	77
61	84
61	76
61	61
61	61
61	61
61	61
61	61
61	156
61	61
61	77
61	61
61	61
61	77
61	76
61	83
61	76
61	77
61	76
61	77
61	61
61	76
61	61
61	61
61	61
61	61
61	61
61	61
61	97
61	61
61	61
61	61
61	61
61	61
61	61
61	61
61	77
61	77
61	61
61	191
61	62
61	63
61	61
61	61
61	83
61	61
62	84
62	191
62	63
62	84
62	83
62	62
62	63
62	83
62	62
62	62
62	84
62	62
62	62
62	92
62	62
62	67
62	84
62	84
62	62
62	62
62	62
62	63
62	83
62	62
62	62
62	62
62	92
62	62
62	89
62	62
62	75
62	84
62	84
62	77
62	75
62	84
62	62
62	84
62	92
62	62
62	76
62	62
62	76
62	78
62	74
62	109
62	92
62	75
62	62
62	92
62	75
62	92
62	93
62	63
63	93
63	63
63	94
63	85
63	94
63	63
63	97
63	66
63	94
63	87
63	72
63	63
63	63
63	69
63	69
63	72
63	105
63	85
63	63
63	69
63	103
63	86
63	82
63	63
63	81
63	85
63	63
63	96
63	101
63	63
63	63
63	84
63	69
63	68
63	93
63	88
63	72
63	66
63	63
63	84
63	84
63	84
63	102
63	84
63	71
63	84
63	66
63	63
63	71
63	63
63	63
63	63
63	63
63	77
63	64
63	64
63	64
63	64
63	64
63	77
63	64
64	64
64	64
64	64
64	64
64	64
64	64
64	64
64	64
64	84
64	64
64	66
64	64
64	65
64	64
64	64
64	86
64	64
64	111
64	111
64	64
64	64
64	84
64	102
64	64
64	84
64	65
64	64
64	64
64	65
64	64
64	64
64	64
64	64
64	64
64	64
64	64
64	65
64	64
64	155
64	96
64	65
64	64
64	65
64	155
64	64
64	64
64	64
65	65
65	65
65	65
65	67
65	65
65	65
65	65
65	68
65	65
65	65
65	83
65	66
65	101
65	79
65	67
65	83
65	65
65	68
65	69
65	68
65	67
65	67
65	68
65	67
65	66
65	65
65	66
65	84
65	65
65	112
65	112
66	112
66	97
66	66
66	66
66	66
66	66
66	84
66	83
66	84
66	66
66	66
66	112
66	71
66	66
66	66
66	74
66	73
66	71
66	72
66	72
66	71
66	67
66	66
66	96
66	72
66	71
66	80
66	72
66	66
66	78
66	66
66	72
66	67
66	67
66	66
66	78
66	67
66	67
66	72
66	67
67	88
67	67
67	67
67	67
67	76
67	76
67	67
67	82
67	71
67	67
67	71
67	72
67	71
67	67
67	77
67	67
67	67
67	77
67	79
67	191
67	191
67	98
67	71
67	82
67	82
67	79
67	69
67	70
67	69
67	77
67	77
67	76
67	70
67	76
67	77
67	67
67	68
67	76
67	77
67	76
67	67
67	67
67	70
67	67
67	68
67	78
67	67
67	191
67	74
67	82
67	69
67	69
67	73
67	71
67	69
67	79
67	69
67	73
67	71
67	156
67	98
67	70
67	68
67	73
67	71
67	68
67	68
67	67
67	71
67	67
67	67
67	191
68	71
68	69
68	73
68	73
68	68
68	73
68	73
68	68
68	71
68	71
68	69
68	68
68	71
68	68
68	69
68	70
68	68
68	68
68	68
68	79
68	68
68	70
68	70
68	101
68	68
68	68
68	70
68	70
69	69
69	70
69	73
69	71
69	81
69	79
69	71
69	69
69	69
69	78
69	69
69	87
69	71
69	82
69	69
69	69
69	71
69	79
69	69
69	69
69	79
69	69
69	81
69	71
69	69
69	69
69	78
69	78
69	69
69	93
69	77
69	69
69	69
70	70
70	191
70	70
70	99
70	70
70	94
70	83
70	72
70	70
70	70
70	70
70	83
70	70
70	90
70	70
70	97
70	71
70	83
70	70
70	81
70	70
70	83
70	70
70	83
70	70
70	78
70	83
70	70
70	73
70	77
70	73
70	79
70	79
70	83
70	70
70	70
70	73
70	76
70	73
70	73
70	71
70	72
70	73
71	73
71	71
71	73
71	72
71	74
71	93
71	72
71	73
71	71
71	82
71	81
71	71
71	79
71	71
71	73
71	71
71	72
71	71
71	71
71	71
71	71
71	71
71	82
71	72
71	73
71	71
71	71
71	73
71	73
71	74
71	71
71	71
71	82
71	73
71	71
71	100
71	95
71	93
71	72
71	72
71	72
71	72
71	73
71	72
71	72
71	72
71	72
71	71
71	71
71	71
71	71
71	74
71	93
71	71
71	71
71	72
71	72
71	72
71	93
71	72
71	72
71	72
71	71
71	71
71	71
71	72
71	100
71	71
71	72
72	78
72	73
72	72
72	72
72	72
72	72
72	77
72	74
72	72
72	72
72	130
72	73
72	131
72	74
72	74
72	72
72	74
72	72
72	82
72	72
72	79
72	72
72	72
72	82
72	79
72	72
72	79
72	78
72	79
72	81
72	78
72	81
72	78
72	72
72	72
72	82
72	74
72	73
72	73
72	74
72	72
72	78
72	82
72	72
72	78
72	72
72	72
72	72
72	74
72	74
72	72
72	74
72	74
72	74
72	72
72	72
72	73
72	72
72	72
72	73
72	73
73	73
73	73
73	73
73	73
73	82
73	79
73	73
73	74
73	73
73	73
73	73
73	82
73	82
73	73
73	73
73	74
73	74
73	73
73	79
73	73
73	82
73	73
73	82
73	73
73	73
73	73
73	79
73	73
73	79
73	73
73	73
73	79
73	73
73	73
73	73
73	73
73	73
73	73
73	73
73	73
73	73
73	73
73	73
73	79
73	74
73	73
73	73
73	74
73	74
74	74
74	74
74	82
74	74
74	75
74	74
74	74
74	74
74	76
74	90
74	74
74	74
74	74
74	74
74	74
74	74
74	74
74	74
74	74
74	74
74	78
74	74
74	74
74	74
74	74
74	74
74	74
74	74
74	75
74	74
74	74
74	74
74	74
74	74
74	74
74	74
74	77
74	74
74	74
74	75
74	82
74	75
74	74
74	75
74	74
74	75
74	74
74	75
74	93
74	93
74	74
74	74
74	92
74	92
74	93
74	92
74	74
74	74
74	75
74	90
74	91
74	75
74	131
74	75
74	75
74	74
74	99
74	130
74	91
74	99
74	75
74	75
74	99
75	75
75	75
75	99
75	131
75	75
75	91
75	75
75	75
75	75
75	75
75	91
75	75
75	130
75	151
75	75
75	75
75	91
75	91
75	75
75	75
75	75
75	75
75	88
75	75
75	75
75	75
75	75
75	75
75	91
75	75
75	91
75	75
75	104
75	90
75	75
75	75
75	93
75	92
75	75
75	75
75	75
75	75
75	75
75	75
75	75
75	102
75	84
75	75
75	92
75	92
75	75
75	75
75	75
75	92
75	92
75	75
75	80
75	76
75	76
75	75
75	77
75	77
75	99
75	84
75	75
76	76
76	76
76	76
76	76
76	76
76	76
76	76
76	76
76	76
76	92
76	76
76	76
76	76
76	78
76	76
76	78
76	76
76	77
76	77
76	77
76	77
76	153
76	76
76	76
76	76
76	155
76	76
76	76
76	76
76	76
76	77
76	82
76	76
76	84
76	77
76	77
76	77
77	77
77	77
77	77
77	77
77	77
77	77
77	77
77	84
77	150
77	84
77	77
77	77
77	84
77	84
77	77
77	77
77	92
77	77
77	77
77	77
77	77
77	88
77	150
77	77
77	77
77	78
77	78
77	84
77	77
77	84
77	78
77	78
77	77
77	78
77	78
77	78
77	78
78	78
78	78
78	78
78	78
78	154
78	81
78	78
78	78
78	78
78	78
78	93
78	78
78	78
78	80
78	93
78	93
78	93
78	78
78	78
78	78
78	79
78	79
78	81
78	78
78	78
78	78
78	78
78	78
78	78
78	81
78	78
78	79
78	79
78	81
79	79
79	79
79	80
79	81
79	79
79	79
79	81
79	79
79	81
79	79
79	79
79	79
79	86
79	79
79	81
79	81
79	79
79	79
79	79
79	79
79	82
79	79
79	87
79	79
79	81
79	81
79	87
79	79
79	81
79	88
79	80
79	81
80	80
80	80
80	80
80	80
80	80
80	133
80	80
80	80
80	80
80	80
80	80
80	80
80	80
80	80
80	133
80	80
80	80
80	133
80	80
80	80
80	81
80	80
80	81
80	80
80	80
80	80
80	81
80	80
80	80
80	80
80	83
80	86
80	80
80	81
80	86
80	86
80	81
80	81
80	87
80	81
80	80
80	81
81	81
81	81
81	83
81	91
81	93
81	83
81	81
81	83
81	81
81	81
81	81
81	81
81	81
81	86
81	86
81	81
81	81
81	81
81	83
81	82
81	82
81	82
81	88
81	87
81	82
81	81
81	81
81	82
81	81
81	82
81	82
81	82
81	81
81	81
81	82
82	82
82	82
82	82
82	82
82	83
82	82
82	82
82	123
82	88
82	82
82	82
82	82
82	82
82	82
82	82
82	82
82	82
82	86
82	82
82	82
82	82
82	82
82	82
82	82
82	82
82	82
82	82
82	82
82	82
82	82
82	82
82	83
82	82
82	83
82	82
82	83
82	83
82	83
83	83
83	83
83	83
83	83
83	83
83	83
83	83
83	83
83	83
83	83
83	83
83	83
83	83
83	83
83	84
83	83
83	84
83	83
83	84
83	84
83	84
84	84
84	84
84	112
84	84
84	84
84	84
84	110
84	112
84	84
84	84
84	84
84	84
84	110
84	93
84	112
84	84
84	93
84	91
84	84
84	84
84	84
84	120
84	103
84	86
84	103
84	84
84	84
84	84
84	84
84	84
84	102
84	110
84	102
84	102
84	84
85	119
85	85
85	89
85	105
85	105
85	108
85	86
85	100
85	89
85	95
85	89
85	119
85	119
85	85
85	85
85	85
85	85
85	86
85	85
85	85
85	86
85	86
85	85
85	105
85	85
85	110
85	86
86	86
86	86
86	119
86	86
86	86
86	119
86	88
86	86
86	86
86	88
86	86
86	86
86	86
86	86
86	86
86	86
86	86
86	86
86	86
86	86
86	86
86	86
86	86
86	105
86	86
86	86
86	92
86	92
86	86
86	86
86	86
86	86
86	86
86	86
86	91
86	92
86	86
86	105
86	86
86	86
86	86
86	86
86	94
86	87
86	133
86	94
86	86
86	87
86	86
86	86
86	87
86	95
86	87
86	87
86	87
86	90
87	133
87	134
87	87
87	132
87	87
87	87
87	87
87	87
87	90
87	131
87	127
87	87
87	105
87	105
87	87
87	87
87	133
87	133
87	133
87	87
87	133
87	88
87	87
87	87
87	87
87	87
87	87
87	87
87	87
87	87
87	123
87	122
87	88
87	90
87	87
87	105
87	87
87	123
87	87
87	100
87	94
87	87
87	87
87	87
87	90
87	89
87	184
87	87
87	88
87	87
88	94
88	88
88	95
88	122
88	88
88	96
88	184
88	88
88	90
88	88
88	88
88	122
88	88
88	88
88	91
88	88
88	88
88	93
88	88
88	88
88	88
88	91
88	105
88	91
88	88
88	132
88	88
88	93
88	105
88	119
88	119
88	118
88	105
88	88
88	106
88	88
88	88
88	96
88	97
88	91
88	98
88	108
88	95
88	108
88	88
88	88
88	93
88	91
88	88
88	91
88	108
88	91
88	93
88	88
88	93
88	118
88	120
88	120
88	88
88	88
88	88
88	118
88	119
88	110
88	118
88	88
88	88
88	120
88	120
88	88
88	88
88	120
88	181
88	88
88	121
88	98
88	88
88	120
88	88
88	128
88	113
88	120
88	127
88	117
88	117
88	128
88	128
88	127
88	88
88	88
88	132
88	126
88	119
88	88
88	118
88	120
88	118
88	88
88	119
88	120
88	120
88	121
88	119
88	119
88	88
88	119
88	88
88	126
88	88
88	136
88	125
88	91
88	120
88	119
88	91
88	88
88	94
88	88
88	88
88	88
88	126
88	131
88	126
88	97
88	89
88	94
88	96
88	126
88	126
88	91
88	94
88	96
88	91
88	126
88	90
89	95
89	131
89	126
89	131
89	91
89	89
89	89
89	126
89	89
89	126
89	89
89	150
89	126
89	106
89	89
89	125
89	126
89	89
89	89
89	126
89	89
89	94
89	94
89	89
89	92
89	89
89	126
89	136
89	95
89	94
89	89
89	120
89	89
89	96
89	119
89	89
89	89
89	97
89	120
89	119
89	120
89	120
89	119
89	89
89	119
89	119
89	89
89	94
89	89
89	89
89	89
89	127
89	94
89	154
89	89
89	152
89	89
89	89
89	89
89	89
89	119
89	120
89	92
89	92
89	120
89	95
89	92
89	113
89	90
89	124
89	92
89	89
89	89
89	89
89	89
89	89
89	90
89	90
89	89
89	90
89	89
89	90
89	120
89	90
89	89
89	90
89	90
89	90
89	124
89	90
89	104
89	91
89	90
89	92
89	91
90	90
90	90
90	90
90	90
90	90
90	90
90	90
90	90
90	90
90	124
90	90
90	90
90	92
90	95
90	90
90	90
90	90
90	90
90	95
90	90
90	99
90	94
90	90
90	90
90	90
90	90
90	90
90	90
90	95
90	90
90	94
90	120
90	120
90	117
90	90
90	125
90	92
90	90
90	126
90	90
90	125
90	104
90	91
90	120
90	124
90	90
90	90
90	90
90	90
90	104
90	114
90	133
90	125
90	124
90	104
90	90
90	90
90	124
90	90
90	90
90	95
90	100
90	120
90	120
90	129
90	92
90	90
90	182
90	103
90	92
90	91
90	90
90	92
90	106
90	106
90	105
90	105
90	124
90	125
90	95
90	106
90	125
90	125
90	125
90	125
90	114
90	105
90	105
90	109
90	99
90	125
90	92
90	114
90	114
91	91
91	91
91	93
91	91
91	91
91	131
91	91
91	183
91	91
91	125
91	114
91	113
91	93
91	131
91	91
91	91
91	131
91	137
91	91
91	91
91	93
91	91
91	91
91	100
91	125
91	108
91	105
91	92
91	105
91	91
91	91
91	151
91	173
91	91
91	91
91	119
91	119
91	91
91	91
91	91
91	172
91	91
91	91
91	91
91	173
91	173
91	173
91	91
91	151
91	91
91	151
91	91
91	91
91	94
91	91
91	91
91	97
91	91
91	91
91	92
91	92
91	107
91	91
91	91
91	91
91	173
91	91
91	98
91	91
91	92
91	91
91	120
91	120
91	92
92	174
92	92
92	92
92	120
92	92
92	92
92	92
92	151
92	151
92	129
92	93
92	93
92	174
92	92
92	157
92	151
92	124
92	92
92	92
92	92
92	92
92	92
92	131
92	125
92	125
92	93
92	92
92	92
92	92
92	125
92	92
92	126
92	151
92	151
92	105
92	92
92	125
92	124
92	125
92	125
92	92
92	135
92	92
92	92
92	114
92	92
92	92
92	93
92	93
92	92
92	92
92	93
92	92
92	92
92	92
92	112
92	112
92	92
92	92
92	93
92	92
92	105
92	92
92	113
92	113
92	92
92	113
92	93
92	93
92	120
92	92
92	93
92	113
92	93
92	104
92	125
92	113
93	93
93	125
93	119
93	93
93	118
93	118
93	139
93	93
93	93
93	116
93	151
93	107
93	93
93	97
93	182
93	116
93	96
93	129
93	129
93	129
93	106
93	93
93	93
93	178
93	106
93	93
93	93
93	115
93	93
93	116
93	115
93	124
93	93
93	93
93	93
93	93
93	105
93	93
93	93
93	93
93	93
93	117
93	131
93	110
93	93
93	93
93	184
93	97
93	110
93	93
93	110
93	121
93	156
93	153
93	93
93	93
93	93
93	93
93	134
93	135
93	97
93	93
93	93
93	93
93	122
93	171
93	108
93	95
94	94
94	120
94	120
94	94
94	95
94	95
94	98
94	98
94	107
94	120
94	120
94	172
94	120
94	98
94	98
94	95
94	98
94	95
94	94
94	119
94	105
94	105
94	113
94	94
94	94
94	94
94	95
94	119
94	95
94	119
94	96
94	94
94	107
94	107
94	95
94	98
94	119
94	107
94	119
94	95
94	120
94	119
94	126
94	96
94	94
94	131
94	116
94	96
94	118
94	117
94	116
94	94
94	131
94	120
94	119
94	119
95	99
95	100
95	95
95	95
95	151
95	95
95	95
95	119
95	113
95	126
95	120
95	101
95	95
95	172
95	95
95	126
95	114
95	95
95	95
95	95
95	101
95	95
95	97
95	95
95	111
95	101
95	116
95	95
95	100
95	100
95	95
95	95
95	101
95	96
95	113
95	112
95	99
95	96
95	95
95	113
95	113
96	113
96	113
96	101
96	100
96	96
96	119
96	124
96	100
96	120
96	96
96	119
96	118
96	96
96	96
96	109
96	121
96	108
96	101
96	96
96	96
96	118
96	118
96	102
96	98
96	118
96	119
96	108
96	123
96	118
96	96
96	126
96	96
96	119
96	126
96	132
96	96
96	129
96	132
96	132
96	109
96	98
96	125
96	97
96	99
97	97
97	97
97	97
97	100
97	99
97	140
97	113
97	106
97	113
97	127
97	143
97	127
97	127
97	127
97	112
97	112
97	98
97	97
97	140
97	97
97	141
97	141
97	120
97	107
97	97
97	120
97	141
97	97
97	128
97	128
97	97
97	97
97	97
97	100
97	118
97	97
97	97
97	118
97	118
97	118
97	122
97	119
97	97
97	119
97	117
97	121
97	97
97	110
97	117
97	118
97	97
97	109
97	107
97	97
98	120
98	98
98	119
98	98
98	112
98	119
98	107
98	106
98	121
98	107
98	119
98	120
98	118
98	120
98	120
98	121
98	120
98	98
98	121
98	100
98	129
98	119
98	119
98	99
98	129
98	99
98	113
98	113
98	121
98	125
98	127
98	98
98	124
98	125
98	106
98	98
98	112
98	99
98	99
98	120
98	112
98	131
98	100
98	130
98	116
98	131
98	129
98	98
98	100
98	99
99	99
99	99
99	100
99	101
99	99
99	101
99	100
99	113
99	101
99	125
99	99
99	125
99	99
99	125
99	106
99	100
99	130
99	124
99	124
99	100
99	99
99	99
99	99
99	121
99	100
99	100
99	131
99	130
99	99
99	99
99	100
99	99
99	130
99	99
99	101
99	106
99	121
99	107
100	130
100	130
100	124
100	100
100	100
100	130
100	130
100	100
100	101
100	100
100	100
100	100
100	100
100	131
100	130
100	130
100	112
100	100
100	112
100	100
100	113
100	100
100	126
100	102
100	100
100	108
100	121
100	120
100	101
100	106
100	121
100	101
100	125
100	100
100	104
100	120
100	101
100	103
100	100
100	100
100	126
100	126
100	134
101	101
101	101
101	101
101	107
101	104
101	101
101	101
101	104
101	126
101	101
101	101
101	101
101	101
101	101
101	125
101	101
101	101
101	101
101	102
101	102
101	102
101	101
101	101
101	103
101	101
101	109
101	109
101	101
101	105
101	125
101	118
101	101
101	101
101	101
101	126
102	102
102	102
102	108
102	108
102	102
102	102
102	126
102	103
102	103
102	103
102	102
102	102
102	103
102	102
102	102
102	102
102	122
102	102
102	105
102	110
102	103
102	103
102	110
102	110
102	123
102	110
102	103
102	103
102	102
102	102
102	104
102	102
102	102
102	122
102	112
102	103
102	102
102	109
103	110
103	110
103	103
103	103
103	103
103	103
103	109
103	103
103	104
103	103
103	104
103	124
103	103
103	103
103	103
103	103
103	106
103	124
103	106
103	103
103	125
103	104
103	104
104	104
104	116
104	104
104	123
104	122
104	104
104	104
104	104
104	120
104	104
104	104
104	104
104	104
104	104
104	104
104	112
104	104
104	104
104	104
104	104
104	107
104	133
104	104
104	120
104	104
104	104
104	122
105	105
105	105
105	105
105	134
105	105
105	122
105	105
105	122
105	122
105	105
105	122
105	105
105	132
105	105
105	136
105	132
105	106
105	132
105	135
105	136
105	105
105	132
105	108
105	123
105	110
105	120
105	105
105	125
105	105
105	118
105	132
105	105
105	106
105	129
105	118
105	105
105	136
105	126
105	118
105	118
106	106
106	118
106	124
106	130
106	106
106	118
106	106
106	106
106	106
106	106
106	129
106	115
106	129
106	108
106	106
106	106
106	115
106	119
106	106
106	106
106	106
106	106
106	124
106	124
106	108
106	106
106	106
106	106
106	138
106	106
106	106
106	126
106	107
106	116
106	119
106	106
106	106
106	171
106	107
106	119
106	121
106	119
106	116
106	106
106	115
106	108
106	129
106	125
106	115
106	142
106	143
106	106
106	116
106	116
106	108
106	116
107	117
107	116
107	107
107	123
107	123
107	107
107	107
107	123
107	123
107	116
107	118
107	107
107	116
107	107
107	107
107	126
107	107
107	107
107	107
107	118
107	116
107	107
107	117
107	129
107	171
107	129
107	126
107	141
107	117
107	118
107	117
107	107
107	129
107	126
107	107
107	126
107	125
107	111
107	119
107	120
107	118
107	117
107	117
107	108
107	107
107	108
107	108
107	107
107	119
107	108
108	123
108	123
108	123
108	123
108	120
108	126
108	108
108	108
108	117
108	125
108	108
108	108
108	125
108	125
108	125
108	108
108	108
108	108
108	108
108	121
108	108
108	108
108	125
108	108
108	108
108	109
108	124
108	124
108	108
108	132
108	123
108	108
109	109
109	122
109	123
109	109
109	112
109	132
109	109
109	109
109	131
109	123
109	119
109	119
109	109
109	124
109	118
109	117
109	109
109	109
109	117
109	111
109	119
109	131
109	111
109	118
109	131
109	135
109	133
109	124
109	118
109	119
109	124
109	125
109	124
109	109
109	124
109	118
110	129
110	111
110	110
110	110
110	118
110	110
110	116
110	124
110	111
110	117
110	129
110	117
110	119
110	110
110	111
110	110
110	111
110	110
110	117
110	117
110	120
110	110
110	120
110	136
110	110
110	120
110	117
110	111
111	117
111	119
111	119
111	111
111	111
111	111
111	111
111	119
111	111
111	111
111	114
111	170
111	119
111	118
111	118
111	113
111	111
111	111
111	111
111	119
111	111
111	111
111	119
111	114
111	112
112	112
112	130
112	112
112	136
112	112
112	143
112	112
112	124
112	124
112	112
112	112
112	112
112	112
112	112
112	112
112	122
112	112
112	130
112	126
112	133
112	142
112	127
112	129
112	127
112	127
112	142
112	127
112	126
113	113
113	113
113	127
113	129
113	142
113	113
113	130
113	142
113	113
113	127
113	151
113	113
113	113
113	127
113	127
113	127
113	123
113	114
113	127
113	113
113	121
113	116
113	139
113	125
113	141
113	115
113	121
113	121
113	113
113	113
113	144
113	115
113	144
113	150
113	144
113	159
113	113
113	113
113	144
113	162
113	172
113	174
113	162
113	145
113	176
113	162
113	163
113	168
113	170
114	144
114	169
114	159
114	165
114	143
114	125
114	114
114	114
114	137
114	138
114	114
114	137
114	138
114	137
114	114
114	170
114	137
114	114
114	145
114	114
114	114
114	145
114	170
114	137
114	114
114	125
114	116
114	115
114	145
114	121
114	127
114	124
114	126
114	126
114	115
114	114
114	114
114	163
114	163
114	119
114	163
114	114
114	163
115	144
115	178
115	178
115	145
115	160
115	115
115	127
115	178
115	115
115	115
115	115
115	146
115	115
115	146
115	115
115	178
115	130
115	115
115	115
115	115
115	115
115	170
115	143
115	145
115	169
115	149
115	115
115	149
115	124
115	143
115	146
115	130
115	178
115	124
115	146
115	115
115	115
115	129
115	134
115	175
115	129
115	143
115	143
115	129
115	116
115	137
115	129
115	115
115	117
115	117
115	140
116	130
116	129
116	137
116	116
116	150
116	116
116	126
116	129
116	133
116	116
116	116
116	138
116	127
116	127
116	116
116	116
116	116
116	137
116	137
116	129
116	137
116	137
116	129
116	129
116	123
116	123
116	116
116	119
116	118
116	149
116	117
116	119
116	116
116	123
116	119
116	145
116	124
116	116
116	116
116	117
116	141
116	124
116	126
117	143
117	131
117	119
117	143
117	119
117	117
117	143
117	124
117	118
117	122
117	123
117	117
117	117
117	117
117	139
117	117
117	117
117	123
117	141
117	139
117	117
117	140
117	139
117	117
117	141
117	117
117	117
117	119
117	117
117	119
117	118
117	123
117	117
117	123
117	118
117	118
118	122
118	118
118	118
118	118
118	141
118	122
118	123
118	136
118	123
118	118
118	118
118	118
118	118
118	126
118	118
118	118
118	118
118	118
118	118
118	118
118	118
118	118
118	118
118	118
118	118
118	118
118	118
118	118
118	118
118	118
118	118
118	136
118	118
118	118
118	119
118	124
118	122
118	118
118	136
118	118
118	118
118	118
118	118
118	119
118	136
118	126
118	118
118	118
118	119
118	118
118	119
118	118
118	118
118	170
118	118
118	118
118	118
118	118
118	137
118	121
118	119
118	119
118	120
118	119
118	139
118	118
118	118
118	118
118	119
118	129
118	119
118	119
119	119
119	119
119	124
119	119
119	121
119	121
119	119
119	119
119	124
119	129
119	119
119	121
119	121
119	119
119	121
119	119
119	155
119	121
119	120
119	119
119	126
119	126
119	119
119	128
119	167
119	120
119	119
119	119
119	119
119	119
119	119
119	119
119	119
119	119
119	121
119	120
119	169
119	119
119	119
119	120
119	119
119	119
119	119
119	119
119	119
119	120
119	119
119	120
119	119
119	120
119	119
119	119
119	120
119	119
119	120
119	119
119	119
119	119
119	171
120	120
120	120
120	120
120	120
120	120
120	120
120	120
120	120
120	120
120	135
120	120
120	120
120	153
120	153
120	153
120	132
120	120
120	153
120	120
120	120
120	120
120	120
120	172
120	170
120	120
120	127
120	135
120	120
120	120
120	170
120	123
120	121
120	121
120	120
120	129
120	120
120	121
120	132
120	120
120	120
120	120
120	128
120	120
120	120
120	128
120	132
120	133
120	121
120	132
120	120
120	128
120	129
120	169
120	121
120	126
120	121
120	129
120	169
120	120
120	120
120	120
120	133
120	120
120	121
120	129
120	121
120	129
120	120
120	172
120	120
120	120
120	121
120	120
120	121
120	121
120	120
120	172
120	120
120	171
120	172
120	172
120	172
120	121
121	121
121	121
121	153
121	121
121	121
121	121
121	121
121	121
121	121
121	121
121	171
121	121
121	132
121	121
121	172
121	121
121	128
121	172
121	121
121	142
121	127
121	127
121	121
121	141
121	140
121	121
121	121
121	121
121	141
121	121
121	138
121	140
121	140
121	121
121	121
121	121
121	121
121	137
121	141
121	136
121	153
121	121
121	121
121	171
121	121
121	121
121	171
121	121
121	121
121	121
121	122
121	124
121	152
121	134
122	127
122	122
122	122
122	122
122	124
122	122
122	122
122	126
122	122
122	122
122	122
122	122
122	122
122	143
122	122
122	143
122	122
122	122
122	139
122	122
122	122
122	122
122	122
122	122
122	171
122	122
122	122
122	122
122	124
122	122
122	122
122	122
122	148
122	127
122	124
122	171
122	140
122	143
122	140
123	123
123	123
123	123
123	123
123	123
123	123
123	123
123	127
123	127
123	123
123	169
123	123
123	123
123	127
123	123
123	127
123	127
123	123
123	123
123	123
123	123
123	123
123	123
123	134
123	142
123	123
123	127
123	127
123	127
123	139
123	124
124	127
124	124
124	124
124	130
124	124
124	129
124	124
124	129
124	124
124	124
124	127
124	124
124	124
124	124
124	169
124	124
124	124
124	130
124	124
124	128
124	124
124	131
124	124
124	124
124	125
124	124
124	125
124	124
124	126
124	126
124	125
124	125
124	125
124	125
125	125
125	125
125	125
125	125
125	125
125	125
125	125
125	125
125	126
125	130
125	126
125	125
125	125
125	125
125	125
125	130
125	131
125	127
125	129
125	126
125	172
125	129
125	126
125	125
125	131
125	125
125	126
125	148
125	125
125	126
125	125
125	125
125	126
125	125
125	125
125	125
125	126
125	131
125	130
125	127
125	130
125	130
125	130
125	131
126	130
126	130
126	134
126	126
126	135
126	129
126	126
126	126
126	134
126	166
126	126
126	126
126	126
126	128
126	131
126	126
126	131
126	131
126	129
126	126
126	136
126	127
126	142
126	131
126	126
126	133
126	136
126	141
126	126
126	126
126	126
126	135
126	126
126	129
126	126
126	126
126	131
126	126
126	126
126	131
126	131
126	136
126	138
126	136
126	128
126	128
126	141
126	136
126	143
126	136
126	139
126	127
126	141
126	128
127	127
127	127
127	142
127	128
127	127
127	127
127	140
127	159
127	157
127	140
127	127
127	138
127	127
127	127
127	127
127	127
127	138
127	127
127	158
127	157
127	127
127	138
127	127
127	168
127	128
127	127
127	127
127	127
127	127
127	127
127	136
127	127
127	127
127	159
127	140
127	128
127	127
127	127
127	127
127	127
127	127
127	127
127	127
127	128
127	142
127	127
127	159
127	127
127	128
127	127
127	142
127	167
127	127
127	128
127	128
127	127
127	141
127	127
127	138
127	127
127	128
127	127
127	142
127	127
127	127
127	127
127	127
127	127
127	127
127	127
127	127
127	136
127	136
127	131
127	128
127	136
127	127
127	128
127	151
127	135
127	127
127	151
127	138
127	128
127	128
127	128
127	138
128	136
128	128
128	128
128	151
128	136
128	128
128	128
128	128
128	128
128	128
128	128
128	128
128	128
128	140
128	128
128	136
128	167
128	128
128	128
128	128
128	128
128	141
128	128
128	128
128	128
128	140
128	128
128	128
128	140
128	128
128	141
128	128
128	130
128	141
128	128
128	149
128	141
128	140
128	131
128	128
128	140
128	149
128	131
128	169
128	130
129	129
129	129
129	143
129	129
129	129
129	130
129	149
129	149
129	129
129	149
129	149
129	149
129	141
129	141
129	130
129	142
129	131
129	129
129	129
129	129
129	129
129	129
129	129
129	129
129	129
129	142
129	157
129	159
129	147
129	130
130	130
130	157
130	157
130	130
130	130
130	146
130	130
130	131
130	131
130	130
130	131
130	131
130	130
130	130
130	130
130	131
130	130
130	130
130	131
130	130
130	130
130	130
130	130
130	130
130	130
130	131
130	130
130	131
130	130
130	130
130	131
130	131
130	174
130	130
130	131
130	155
131	174
131	131
131	174
131	131
131	131
131	131
131	131
131	131
131	131
131	131
131	172
131	172
131	131
131	131
131	131
131	131
131	154
131	154
131	133
131	131
131	142
131	170
131	138
131	131
131	137
131	131
131	138
131	131
131	131
131	141
131	131
131	131
131	131
131	155
131	137
131	131
131	141
131	141
131	137
131	141
131	141
131	149
131	138
131	142
131	131
131	131
131	131
131	148
131	155
131	137
131	131
131	131
131	131
131	131
131	143
131	137
131	155
131	169
131	131
131	143
131	143
131	138
131	142
131	170
131	168
131	131
131	131
131	131
131	131
131	131
131	132
131	175
131	132
131	134
132	132
132	132
132	132
132	132
132	132
132	132
132	132
132	132
132	136
132	132
132	136
132	134
132	133
132	136
132	135
132	132
132	160
132	132
132	132
132	151
132	132
132	159
132	132
132	132
132	132
132	132
132	132
132	132
132	132
132	132
132	132
132	132
132	132
132	132
132	132
132	132
132	132
132	132
132	132
132	132
132	135
132	132
132	132
132	132
132	132
132	132
132	132
132	136
132	132
132	132
132	136
132	132
132	132
132	132
132	136
132	132
132	132
132	132
132	132
132	135
132	135
132	132
132	132
133	133
133	172
133	133
133	133
133	170
133	169
133	133
133	134
133	171
133	133
133	133
133	135
133	134
133	134
133	134
133	134
133	133
133	133
133	135
133	133
133	133
133	134
133	135
133	134
133	133
133	134
133	138
133	133
133	133
133	170
133	133
133	133
133	133
133	138
133	133
133	134
133	133
133	133
133	133
133	133
133	134
133	133
133	133
133	133
133	135
133	134
133	133
133	134
133	134
133	135
133	134
133	133
133	133
133	133
133	133
133	133
133	134
133	134
133	133
133	133
133	133
133	133
133	135
133	133
133	134
133	133
133	133
133	133
133	134
133	133
133	133
133	133
133	134
133	133
133	135
133	134
133	133
133	134
133	135
133	134
133	134
133	133
133	133
133	134
133	133
133	133
133	133
133	134
133	135
133	134
133	134
133	134
133	133
133	134
133	134
133	135
133	135
134	134
134	134
134	134
134	134
134	134
134	134
134	134
134	134
134	134
134	134
134	134
134	134
134	134
134	134
134	134
134	134
134	134
134	135
134	134
134	134
134	134
134	135
134	134
134	134
134	164
134	134
134	134
134	134
134	134
134	134
134	173
134	134
134	134
134	134
134	134
134	134
134	134
134	134
134	134
134	134
134	134
134	134
134	134
134	134
134	134
134	135
134	134
134	134
134	135
134	134
134	136
134	134
134	135
134	135
134	135
134	136
134	135
134	153
134	135
134	134
134	134
134	153
134	134
134	153
134	134
134	134
134	153
134	153
134	135
135	135
135	135
135	135
135	135
135	165
135	135
135	135
135	135
135	135
135	136
135	135
135	136
135	135
135	136
135	135
135	135
135	135
135	135
135	135
135	135
135	154
135	153
135	135
135	153
135	135
135	135
135	136
135	135
135	136
135	136
135	135
135	135
135	136
135	136
135	135
135	180
135	135
135	135
135	135
135	165
135	135
135	135
135	136
135	136
135	135
135	135
135	135
135	135
135	135
135	135
135	135
135	135
135	168
135	153
135	135
135	135
135	135
135	135
135	135
135	135
135	135
135	135
135	135
135	135
135	135
135	135
135	136
135	135
135	165
135	136
135	135
135	136
135	135
135	153
135	135
135	153
135	136
136	136
136	136
136	165
136	136
136	136
136	153
136	136
136	153
136	136
136	136
136	165
136	136
136	165
136	136
136	136
136	136
136	136
136	136
136	150
136	165
136	136
136	136
136	151
136	162
136	136
136	155
136	151
136	138
136	136
136	151
136	136
136	136
136	136
136	162
136	136
136	136
136	152
136	138
136	151
136	151
136	136
136	151
136	136
136	136
136	172
136	136
136	171
136	138
136	137
136	138
136	137
136	137
136	136
136	137
136	137
136	150
136	136
136	158
136	137
136	137
136	137
136	137
136	152
136	138
136	150
136	141
136	141
136	141
136	138
136	138
136	138
136	141
136	145
136	137
136	150
137	169
137	158
137	137
137	141
137	137
137	149
137	137
137	142
137	137
137	137
137	137
137	137
137	137
137	137
137	143
137	143
137	137
137	159
137	142
137	137
137	141
137	141
137	141
137	141
137	137
137	138
137	137
137	137
137	138
137	151
137	141
137	137
137	137
137	151
137	138
137	137
137	141
137	145
137	138
137	140
137	140
137	170
137	141
137	140
137	140
137	138
137	157
137	137
137	159
138	139
138	138
138	138
138	141
138	141
138	138
138	138
138	150
138	149
138	149
138	169
138	143
138	158
138	149
138	149
138	144
138	140
138	138
138	138
138	138
138	179
138	140
138	138
138	150
138	157
138	159
138	138
138	151
138	138
138	150
138	151
138	158
138	155
138	150
138	157
138	138
138	138
138	138
138	150
138	139
138	154
138	154
138	139
138	162
138	138
138	179
139	154
139	179
139	139
139	158
139	179
139	142
139	168
139	168
139	167
139	139
139	168
139	139
139	139
139	139
139	166
139	139
139	148
139	139
139	150
139	168
139	144
139	176
139	141
139	179
139	168
139	140
139	140
139	141
139	148
139	159
139	142
139	142
139	159
140	145
140	159
140	141
140	168
140	140
140	143
140	189
140	140
140	140
140	157
140	140
140	140
140	140
140	140
140	141
140	143
140	144
140	144
140	141
141	159
141	144
141	171
141	149
141	141
141	141
141	143
141	142
141	142
141	149
141	149
141	141
141	141
142	142
142	142
142	143
142	142
142	143
142	142
142	142
142	143
142	143
142	148
142	148
142	143
142	150
142	143
142	155
142	163
142	142
142	143
142	142
142	190
142	190
142	190
142	190
142	169
142	160
142	170
142	189
142	169
143	179
143	179
143	179
143	179
143	157
143	143
143	174
143	156
143	143
143	143
143	143
143	155
143	157
143	159
143	157
143	155
143	155
143	143
143	143
143	174
143	143
143	143
143	155
143	174
143	155
143	157
143	159
144	145
144	144
144	149
144	149
144	159
144	178
144	145
144	169
144	144
144	144
144	144
144	159
144	157
144	144
144	159
144	144
144	144
144	149
144	144
144	159
144	159
144	163
144	150
144	144
144	160
144	145
144	163
144	170
144	167
144	168
144	168
144	189
144	145
144	177
144	177
144	190
144	144
144	163
145	145
145	169
145	145
145	189
145	189
145	145
145	177
145	168
145	162
145	163
145	159
145	149
145	159
145	159
145	163
145	150
145	163
145	159
145	145
145	145
145	145
145	178
145	159
145	145
145	160
145	160
145	178
145	163
145	160
145	146
145	146
145	159
145	145
145	146
146	147
146	146
146	159
146	146
146	147
146	163
146	147
146	146
146	146
146	157
146	163
146	178
146	159
146	179
146	157
146	178
146	146
146	178
146	146
146	146
146	164
146	146
146	146
146	159
146	159
146	152
146	159
146	146
147	147
147	147
147	163
147	147
147	163
147	147
147	147
147	159
147	147
147	164
147	163
147	147
147	147
147	147
147	170
147	147
147	189
147	170
147	164
147	148
147	148
147	169
148	175
148	148
148	175
148	148
148	148
148	176
148	176
148	157
148	148
148	175
148	148
148	148
148	148
148	170
148	174
148	148
148	148
149	149
149	149
149	178
149	149
149	149
149	149
149	149
149	149
149	161
149	178
149	150
149	150
149	150
149	158
149	149
149	176
149	168
149	168
149	176
149	150
149	152
149	150
149	149
149	149
149	150
149	150
149	158
149	149
149	159
149	150
149	149
149	150
149	158
149	152
149	156
149	150
149	152
149	150
150	150
150	157
150	176
150	179
150	155
150	150
150	151
150	188
150	154
150	150
150	157
150	150
150	152
150	152
150	155
150	152
150	152
150	152
150	157
150	157
150	168
150	175
150	179
150	150
150	190
150	150
150	159
150	150
150	176
150	176
150	151
150	150
150	175
150	150
150	157
150	151
150	157
150	174
150	175
150	151
150	157
150	159
150	175
150	157
150	151
150	175
150	175
150	175
150	150
150	175
150	157
150	175
150	157
150	150
150	151
151	151
151	151
151	156
151	161
151	151
151	174
151	156
151	151
151	151
151	156
151	151
151	151
151	151
151	155
151	172
151	158
151	155
151	151
151	151
151	172
151	172
151	157
151	173
151	172
151	157
151	179
151	151
151	157
151	174
151	174
151	151
151	151
151	151
151	151
151	151
151	151
151	156
151	151
151	156
151	172
151	172
151	172
151	173
151	173
151	151
151	173
151	151
151	151
151	151
151	151
151	174
151	172
151	151
151	172
151	155
151	151
151	151
151	174
151	151
151	151
151	180
151	151
151	151
151	155
151	151
151	172
151	152
151	151
151	172
151	172
151	151
151	151
151	151
151	193
151	151
151	151
151	152
151	152
151	152
151	152
151	152
152	171
152	161
152	152
152	152
152	152
152	171
152	160
152	171
152	152
152	152
152	152
152	152
152	172
152	152
152	167
152	152
152	153
152	152
152	152
152	152
152	152
152	152
152	152
152	154
152	171
152	152
152	171
152	171
152	164
152	171
152	152
152	153
152	152
152	152
152	154
152	154
152	152
152	170
152	153
152	160
152	153
152	171
152	152
152	152
152	152
152	152
152	172
152	157
152	191
152	179
152	152
152	152
152	169
152	152
152	152
152	152
152	172
152	172
152	153
153	172
153	153
153	172
153	172
153	191
153	165
153	153
153	154
153	153
153	153
153	153
153	153
153	153
153	153
153	153
153	153
153	153
153	186
153	153
153	153
153	177
153	153
153	153
153	153
153	189
153	153
153	153
153	153
153	153
153	155
153	153
153	188
153	153
153	153
153	179
153	153
153	170
153	153
153	191
153	191
153	153
153	153
153	155
153	191
153	153
153	153
153	153
153	170
153	171
153	189
153	178
153	189
153	186
153	159
153	179
153	155
153	171
153	153
153	171
153	184
153	184
153	184
153	153
153	153
153	153
153	155
153	153
153	153
153	168
153	155
153	153
153	189
153	155
153	168
153	153
153	153
153	155
153	153
153	184
153	184
153	153
153	153
153	189
153	153
153	153
153	154
153	154
153	153
153	154
153	154
153	153
153	189
153	180
153	189
154	154
154	164
154	154
154	154
154	165
154	154
154	167
154	164
154	164
154	154
154	164
154	164
154	154
154	164
154	154
154	154
154	167
154	166
154	175
154	154
154	175
154	160
154	186
154	154
154	154
154	191
154	154
154	154
154	166
154	179
154	176
154	154
154	190
154	188
154	188
154	190
154	167
154	190
154	154
154	167
154	167
154	185
154	167
154	154
154	176
154	185
154	154
154	176
154	167
154	176
154	194
154	190
154	183
154	154
154	161
154	194
154	176
154	154
154	179
154	167
154	154
154	154
154	167
154	178
154	154
154	165
154	167
154	188
154	183
154	189
154	160
154	188
154	164
154	154
154	166
154	160
154	188
154	175
154	183
154	163
154	154
154	179
154	154
154	162
154	184
154	176
155	179
155	155
155	155
155	168
155	167
155	155
155	176
155	155
155	155
155	165
155	175
155	155
155	155
155	155
155	174
155	155
155	172
155	155
155	155
155	155
155	172
155	174
155	155
155	155
155	155
155	155
155	155
155	155
155	155
155	155
155	172
155	180
155	172
155	155
155	155
155	179
155	176
155	156
155	155
155	155
155	156
155	176
155	156
156	180
156	156
156	156
156	156
156	156
156	168
156	177
156	156
156	177
156	157
156	173
156	156
156	156
156	156
156	157
156	157
156	173
156	157
156	156
156	156
156	158
156	156
156	157
156	156
156	156
156	177
156	156
156	180
156	156
156	156
156	157
156	156
156	156
156	156
156	157
156	156
156	156
156	156
156	156
156	169
156	156
156	156
156	156
156	156
156	156
156	157
156	157
156	156
156	157
156	156
156	157
156	177
156	157
156	157
156	157
156	157
157	157
157	171
157	157
157	158
157	157
157	157
157	157
157	157
157	157
157	177
157	159
157	157
157	157
157	157
157	177
157	177
157	157
157	157
157	157
157	157
157	158
157	158
157	180
157	159
157	180
157	157
157	180
157	179
157	158
157	157
157	187
157	159
157	175
157	157
157	175
157	175
157	175
157	176
157	157
157	179
157	157
157	167
157	157
157	158
157	158
157	157
157	169
157	157
157	157
157	158
157	158
157	158
157	158
158	158
158	158
158	158
158	158
158	158
158	158
158	158
158	158
158	159
158	158
158	158
158	158
158	158
158	158
158	158
158	161
158	158
158	169
158	158
158	158
158	158
158	158
158	158
158	168
158	158
158	158
158	169
158	158
158	158
158	158
158	158
158	169
158	159
158	158
158	158
158	158
158	158
159	159
159	159
159	159
159	161
159	175
159	159
159	159
159	159
159	159
159	159
159	165
159	159
159	159
159	159
159	179
159	159
159	159
159	179
159	165
159	159
159	162
159	159
159	169
159	159
159	159
159	160
159	179
159	170
159	159
159	168
159	178
159	178
159	169
159	159
159	190
159	162
159	161
159	159
159	169
159	170
159	159
159	159
159	160
159	169
159	160
159	183
159	178
159	179
159	179
159	160
159	189
160	190
160	189
160	160
160	189
160	189
160	189
160	179
160	165
160	179
160	189
160	189
160	169
160	187
160	169
160	188
160	162
160	161
160	164
160	165
160	161
160	178
160	161
160	188
160	189
160	160
160	188
160	165
160	166
160	162
160	178
160	169
160	167
160	188
160	178
160	178
160	179
160	170
160	162
160	160
160	163
160	160
160	163
160	178
160	179
160	160
160	179
160	178
160	179
160	178
160	163
160	179
160	179
160	160
160	160
160	165
160	164
160	192
160	193
160	192
160	179
160	179
160	165
160	179
160	164
160	193
160	179
160	164
160	179
160	164
160	179
160	179
160	179
160	161
160	194
160	179
160	179
160	161
160	180
160	179
160	161
160	179
161	161
161	179
161	161
161	161
161	191
161	174
161	174
161	179
161	161
161	161
161	180
161	161
161	180
161	161
161	193
161	161
161	178
161	180
161	161
161	193
161	161
161	193
161	193
161	194
161	169
161	161
161	194
161	161
161	178
161	193
161	163
161	162
161	162
161	161
161	161
161	162
161	185
161	188
161	161
161	161
161	161
161	169
161	187
161	187
161	169
161	161
161	172
161	185
161	185
161	185
161	162
161	181
161	161
161	184
161	181
161	181
161	184
161	161
161	162
161	162
161	161
161	162
161	162
161	178
161	190
161	172
161	161
161	165
161	192
161	191
161	162
162	164
162	162
162	190
162	192
162	162
162	186
162	165
162	192
162	162
162	162
162	172
162	173
162	163
162	192
162	162
162	178
162	162
162	162
162	191
162	191
162	192
162	192
162	173
162	185
162	162
162	185
162	162
162	184
162	163
162	162
162	193
162	162
162	193
162	162
162	162
162	169
162	179
162	179
162	192
162	192
162	164
162	192
162	184
162	170
162	163
162	191
162	191
162	192
162	188
162	163
162	165
162	178
162	183
162	164
162	179
162	164
162	178
162	163
162	162
162	162
162	162
162	172
162	179
162	190
162	168
162	167
162	194
162	163
162	162
163	194
163	176
163	163
163	175
163	176
163	166
163	163
163	167
163	166
163	163
163	166
163	194
163	194
163	163
163	163
163	163
163	166
163	178
163	170
163	176
163	166
163	163
163	166
163	163
163	163
163	163
163	163
163	163
163	163
163	163
163	163
163	163
163	163
163	194
163	166
163	193
163	178
163	163
163	163
163	163
163	163
163	195
163	163
163	163
163	163
163	165
163	163
163	187
163	163
163	192
163	178
163	163
163	166
163	193
163	163
163	187
163	164
163	188
163	188
163	166
163	187
163	166
163	188
163	164
163	165
163	164
163	163
163	193
164	190
164	188
164	164
164	193
164	164
164	164
164	164
164	178
164	164
164	164
164	192
164	164
164	192
164	164
164	164
164	164
164	164
164	164
164	164
164	170
164	164
164	165
164	164
164	164
164	164
164	193
164	193
164	185
164	193
164	193
164	165
164	164
164	188
164	164
164	165
164	183
164	164
164	164
164	165
164	165
164	189
164	190
164	164
164	165
164	164
164	165
164	190
164	188
164	188
164	167
165	165
165	165
165	165
165	165
165	170
165	165
165	170
165	165
165	170
165	165
165	170
165	189
165	170
165	170
165	170
165	183
165	165
165	178
165	178
165	165
165	165
165	165
165	170
165	165
165	178
165	184
165	179
165	184
165	179
165	165
165	183
165	179
165	179
165	165
165	179
165	184
165	187
165	165
165	165
165	179
165	179
165	184
165	186
165	165
165	183
165	185
165	165
165	165
165	165
165	183
165	190
165	165
165	189
165	176
165	176
165	186
165	190
165	190
165	170
165	183
165	176
165	190
165	187
165	184
165	190
165	165
165	175
165	186
165	173
165	172
165	165
165	175
165	190
165	183
165	165
165	165
165	165
165	169
165	189
165	173
165	175
166	189
166	187
166	166
166	189
166	166
166	195
166	189
166	166
166	187
166	187
166	190
166	175
166	166
166	187
166	187
166	189
166	190
166	186
166	184
166	175
166	166
166	175
166	166
166	166
166	166
166	166
166	166
166	175
166	184
166	194
166	173
166	194
166	189
166	189
166	166
166	176
166	188
166	179
166	184
166	187
166	190
166	166
166	187
166	184
166	194
166	186
166	175
166	188
166	178
166	194
166	187
166	167
166	167
166	184
166	188
166	187
166	185
166	183
166	185
166	187
166	166
166	167
166	166
166	166
166	187
166	183
166	187
166	167
166	183
167	194
167	185
167	167
167	187
167	187
167	185
167	194
167	167
167	173
167	173
167	183
167	168
167	190
167	183
167	168
167	190
167	185
167	167
167	190
167	179
167	167
167	185
167	167
167	185
167	167
167	167
167	167
167	167
167	179
167	189
167	189
167	189
167	169
167	167
167	167
167	167
167	189
167	189
167	189
167	170
167	167
167	189
167	190
167	184
167	167
167	167
167	189
167	167
167	167
167	169
167	167
167	167
167	167
167	167
167	185
167	167
167	167
167	175
167	190
167	169
167	167
167	167
167	175
167	168
167	168
167	168
167	169
167	167
167	167
168	168
168	169
168	168
168	190
168	171
168	170
168	168
168	181
168	168
168	168
168	168
168	181
168	179
168	175
168	176
168	184
168	184
168	175
168	168
168	168
168	168
168	168
168	187
168	168
168	187
168	168
168	168
168	168
168	168
168	175
168	176
168	175
168	176
168	190
168	176
168	187
168	175
169	169
169	179
169	179
169	190
169	169
169	190
169	190
169	173
169	169
169	169
169	169
169	169
169	189
169	169
169	181
169	178
169	176
169	169
169	170
169	190
169	190
169	172
169	191
169	169
169	190
169	190
169	169
169	190
169	169
169	189
169	169
169	169
169	169
169	169
169	173
169	190
169	169
169	170
169	169
169	169
169	169
169	169
169	169
169	169
169	189
169	189
169	189
169	189
169	170
169	170
169	178
169	189
169	172
169	169
169	172
169	178
169	179
169	178
169	190
169	170
169	170
169	170
170	179
170	170
170	187
170	187
170	186
170	170
170	187
170	170
170	170
170	178
170	178
170	187
170	170
170	187
170	178
170	170
170	170
170	178
170	170
170	170
170	170
170	170
170	170
170	170
170	173
170	170
170	170
170	170
170	170
170	188
170	178
170	170
170	170
170	170
170	170
170	170
170	170
170	170
170	189
170	188
170	171
170	184
170	184
170	170
170	170
170	194
170	194
170	170
170	178
170	171
170	170
170	172
170	170
170	171
171	171
171	183
171	171
171	171
171	172
171	193
171	171
171	171
171	171
171	171
171	172
171	171
171	171
171	171
171	171
171	171
171	171
171	171
171	192
171	171
171	171
171	171
171	172
171	172
171	171
171	172
171	172
171	171
171	171
171	171
171	171
171	180
171	171
171	171
171	171
171	177
171	171
171	171
171	171
171	171
171	171
171	171
171	171
171	171
171	171
171	171
171	171
171	171
171	171
171	171
171	171
171	171
171	172
171	171
171	172
171	171
172	172
172	172
172	172
172	172
172	172
172	179
172	172
172	172
172	172
172	172
172	172
172	172
172	172
172	172
172	190
172	172
172	172
172	174
172	172
172	172
172	172
172	172
172	191
172	172
172	172
172	172
172	191
172	172
172	172
172	191
172	172
172	172
172	172
172	191
172	190
172	172
172	172
172	172
172	172
172	172
172	176
172	176
172	174
172	186
172	186
172	188
172	172
172	176
172	176
172	188
172	172
172	176
172	172
172	172
172	172
172	172
172	188
172	173
172	173
172	172
173	173
173	173
173	175
173	175
173	173
173	173
173	173
173	173
173	173
173	188
173	175
173	174
173	184
173	173
173	184
173	184
173	173
173	184
173	173
173	173
173	173
173	173
173	174
173	173
173	173
173	173
173	174
173	173
173	173
173	173
173	174
173	173
173	173
173	189
173	186
173	174
173	184
173	173
173	185
174	186
174	174
174	183
174	174
174	174
174	193
174	195
174	193
174	193
174	174
174	186
174	174
174	184
174	184
174	174
174	184
174	186
174	174
174	174
174	177
174	188
174	174
174	174
174	194
174	175
174	175
174	186
174	174
174	186
174	188
174	174
174	174
174	179
174	179
174	179
174	179
174	175
174	174
174	174
174	175
174	175
174	175
174	175
174	193
174	175
174	193
174	176
175	175
175	176
175	177
175	176
175	175
175	179
175	175
175	175
175	175
175	175
175	177
175	175
175	176
175	175
175	175
175	188
175	184
175	183
175	175
175	175
175	175
175	175
175	186
175	175
175	184
175	179
175	187
175	188
175	187
175	188
175	175
175	175
175	175
175	187
175	190
175	186
175	175
175	186
175	176
175	186
175	176
175	176
175	176
175	176
175	176
175	176
175	175
176	179
176	184
176	176
176	176
176	176
176	176
176	176
176	176
176	190
176	191
176	176
176	176
176	176
176	176
176	176
176	176
176	176
176	179
176	176
176	194
176	186
176	176
176	179
176	194
176	179
176	179
176	176
176	188
176	187
176	180
176	177
177	180
177	177
177	177
177	177
177	177
177	177
177	177
177	177
177	190
177	177
177	177
177	177
177	187
177	177
177	177
177	177
177	178
177	188
177	188
177	180
177	180
177	177
177	177
177	177
177	177
177	177
177	177
177	177
177	190
177	187
177	177
177	188
177	177
177	186
177	188
177	188
177	187
177	177
177	178
177	177
177	177
177	177
177	177
177	177
177	178
177	178
177	177
177	178
177	180
178	178
178	178
178	178
178	178
178	178
178	178
178	179
178	178
178	178
178	179
178	179
178	179
178	178
178	179
178	178
178	178
178	193
178	193
178	178
178	193
178	193
178	178
178	178
178	193
178	178
178	195
178	194
178	178
178	195
178	193
178	190
178	178
178	188
178	183
178	178
178	185
178	178
178	194
178	179
178	178
178	178
178	178
178	190
178	187
178	190
179	179
179	179
179	194
179	179
179	179
179	190
179	179
179	190
179	179
179	179
179	179
179	179
179	179
179	179
179	179
179	179
179	179
179	190
179	179
179	179
179	179
179	179
179	180
179	180
179	179
179	180
179	179
179	180
179	179
179	179
179	179
179	179
179	194
179	181
180	180
180	191
180	180
180	180
180	191
180	180
180	191
180	191
180	180
180	180
180	180
180	180
180	180
180	180
180	180
180	180
180	182
180	180
180	180
180	180
180	180
180	180
180	180
180	180
180	180
180	180
180	180
180	180
180	180
180	180
180	180
180	180
180	180
180	180
180	180
180	180
180	180
180	180
180	191
180	191
180	190
180	190
180	180
180	190
180	188
180	189
180	180
180	180
180	180
180	180
180	180
180	184
180	180
180	184
180	181
180	194
180	180
180	184
180	181
180	191
181	181
181	181
181	181
181	181
181	181
181	191
181	181
181	191
181	181
181	181
181	182
181	181
181	182
181	181
181	181
181	181
181	181
181	181
181	181
181	182
181	181
181	181
181	181
181	191
181	181
181	181
181	182
181	181
181	182
181	181
181	181
181	181
181	185
181	181
181	182
181	182
181	181
181	181
181	182
181	181
181	181
181	181
181	181
181	181
181	181
181	182
181	181
181	182
182	182
182	182
182	182
182	182
182	182
182	182
182	182
182	183
182	182
182	183
182	182
182	182
182	182
182	182
182	195
182	182
182	187
182	192
182	182
182	182
182	183
182	182
182	189
182	183
182	182
182	182
182	192
182	186
182	182
182	182
182	182
182	192
182	191
182	182
182	192
182	183
182	183
182	182
182	186
182	192
182	182
182	182
182	185
182	182
182	184
182	192
182	192
182	185
182	192
182	182
182	183
182	185
182	184
182	183
182	182
182	192
182	192
182	184
182	185
182	185
182	191
182	192
182	192
182	183
182	183
182	192
182	192
182	191
182	186
182	183
182	182
182	186
183	183
183	183
183	183
183	183
183	186
183	183
183	183
183	183
183	183
183	192
183	183
183	183
183	183
183	183
183	185
183	183
183	183
183	183
183	191
183	191
183	183
183	183
183	183
183	184
183	187
183	183
183	183
183	183
183	183
183	183
183	183
183	183
183	183
183	186
183	184
183	184
183	186
183	184
183	188
183	183
183	187
183	188
183	183
183	193
183	184
183	189
184	188
184	186
184	184
184	191
184	184
184	184
184	184
184	191
184	184
184	184
184	191
184	184
184	184
184	186
184	184
184	188
184	190
184	190
184	184
184	184
184	184
184	184
184	184
184	186
184	184
184	191
184	184
184	184
184	184
184	184
184	184
184	186
184	184
184	186
184	186
184	185
184	184
184	184
184	186
184	191
184	184
184	184
184	184
184	184
184	186
184	184
184	191
184	186
184	191
184	191
184	185
184	184
184	192
184	185
185	185
185	185
185	185
185	185
185	185
185	185
185	185
185	191
185	185
185	185
185	185
185	191
185	191
185	191
185	185
185	191
185	185
185	191
185	191
185	185
185	191
185	191
185	185
185	185
185	187
185	185
185	186
185	187
185	185
185	185
185	185
185	185
185	185
185	187
185	185
185	185
185	185
185	187
185	185
185	192
185	192
185	186
185	191
185	186
185	185
185	186
185	186
185	185
185	193
185	187
185	187
185	195
185	193
185	192
185	193
185	192
185	186
185	187
186	192
186	186
186	187
186	187
186	186
186	186
186	187
186	186
186	186
186	186
186	186
186	186
186	192
186	186
186	186
186	189
186	186
186	186
186	186
186	186
186	188
186	187
186	190
186	192
186	190
186	186
186	189
186	189
186	187
186	187
186	189
186	190
186	186
186	186
186	186
186	186
186	187
186	187
186	186
186	187
186	187
186	186
186	189
186	186
186	186
186	186
186	190
186	186
187	190
187	190
187	190
187	195
187	188
187	190
187	190
187	188
187	187
187	188
187	187
187	193
187	188
187	190
187	188
187	188
187	188
187	187
187	188
187	187
187	187
187	187
187	187
187	188
187	189
187	189
187	187
187	190
187	190
187	188
187	193
187	189
187	189
187	187
187	187
187	187
187	189
187	189
187	187
187	192
187	192
187	187
187	188
187	193
187	187
187	193
187	190
187	187
187	188
187	193
188	188
188	188
188	188
188	188
188	188
188	188
188	193
188	193
188	194
188	188
188	188
188	188
188	188
188	188
188	188
188	188
188	188
188	189
188	190
188	188
188	188
188	188
188	190
188	190
188	190
188	188
188	190
188	188
188	190
188	190
188	189
188	190
188	188
188	189
188	190
188	191
188	189
189	189
189	189
189	189
189	189
189	189
189	189
189	189
189	189
189	189
189	189
189	189
189	189
189	191
189	189
189	189
189	189
189	189
189	190
189	189
189	190
189	189
189	189
189	189
189	189
189	189
189	189
189	190
189	190
189	190
189	189
189	189
189	189
189	189
189	190
189	189
189	189
189	189
189	190
189	189
189	190
189	189
189	190
189	189
189	189
189	189
189	189
189	189
189	189
189	189
189	189
189	189
189	189
189	189
189	191
189	191
189	189
189	189
189	189
189	190
189	189
189	189
189	190
189	189
189	189
190	190
190	190
190	190
190	190
190	190
190	190
190	193
190	190
190	190
190	190
190	190
190	190
190	190
190	190
190	190
190	194
190	190
190	190
190	190
190	190
190	190
190	190
190	190
190	190
190	190
190	190
190	193
190	193
190	192
190	193
190	193
191	192
191	192
191	191
191	193
191	191
191	191
191	191
191	191
191	191
191	191
191	191
191	191
191	191
191	191
191	191
191	191
191	191
191	191
191	191
191	191
191	191
191	191
191	191
191	191
191	191
191	191
191	191
191	191
191	191
191	191
191	191
191	191
191	191
191	191
191	191
191	191
191	191
191	191
191	191
191	191
191	191
191	191
191	191
191	191
191	191
191	191
191	191
191	191
191	192
191	192
191	192
191	192
192	192
192	192
192	192
192	192
192	192
192	192
192	192
192	194
192	194
192	192
192	193
192	192
192	192
192	192
192	192
192	192
192	192
192	192
192	192
192	192
192	193
192	193
192	192
192	192
192	195
192	192
192	194
192	192
192	192
192	192
192	192
192	192
192	192
192	192
192	192
192	192
192	192
192	192
192	194
192	193
192	192
192	193
192	193
192	192
192	192
192	193
192	192
192	193
192	192
192	193
192	193
192	193
193	193
193	193
193	193
193	193
193	193
193	193
193	194
193	193
193	193
193	193
193	194
193	194
193	194
193	193
193	194
193	195
193	194
193	193
193	195
193	195
193	193
193	193
193	194
193	193
193	193
193	193
193	194
193	194
193	193
193	194
193	195
193	195
193	194
193	194
193	193
193	195
193	193
193	194
193	193
193	193
193	193
193	193
193	193
194	194
194	194
194	194
194	194
194	195
194	194
194	194
194	194
194	195
194	194
194	194
194	194
194	194
194	194
194	194
194	194
194	194
194	194
194	194
194	194
194	195
194	194
194	194
194	194
194	194
194	194
194	195
194	195
194	194
194	194
194	194
194	195
195	195
195	195
195	195
195	195
195	195
