3	3
3	17
3	18
3	3
3	17
3	10
3	3
3	3
3	18
3	15
3	3
3	21
3	3
3	3
3	3
3	15
3	14
3	3
3	17
3	3
3	3
3	17
3	28
3	3
3	5
3	4
3	6
3	5
3	3
3	8
3	4
3	3
3	8
3	6
3	9
3	3
3	3
3	3
3	6
3	3
3	3
3	3
3	6
3	6
3	3
3	3
3	17
3	10
3	10
3	3
3	10
3	15
3	3
3	4
3	3
3	3
3	4
3	10
3	4
3	8
4	4
4	4
4	4
4	4
4	4
4	4
4	7
4	4
4	7
4	4
4	42
4	27
4	4
4	4
4	4
4	4
4	42
4	4
4	4
4	14
4	43
4	5
4	4
4	14
4	4
4	4
4	5
4	5
4	4
4	7
5	5
5	5
5	5
5	6
5	6
5	5
5	5
5	5
5	5
5	5
5	6
5	14
5	5
5	10
5	6
5	5
5	5
5	10
5	10
5	5
5	5
5	5
5	9
5	6
5	5
5	22
5	5
5	11
5	5
5	5
5	6
5	5
5	5
5	5
5	5
5	22
5	6
5	11
5	22
5	6
6	6
6	6
6	7
6	6
6	22
6	6
6	6
6	10
6	6
6	6
6	6
6	6
6	22
6	6
6	6
6	6
6	9
6	6
6	6
6	6
6	6
6	6
6	6
6	23
6	23
6	23
6	6
6	8
6	6
6	9
6	8
6	9
6	8
6	6
6	8
6	8
6	8
6	6
6	6
6	6
6	6
6	6
6	8
7	7
7	7
7	7
7	8
7	7
7	7
7	7
7	9
7	7
7	8
7	8
7	7
7	8
7	7
7	7
7	7
7	7
7	7
7	7
7	8
7	21
7	8
7	8
7	12
7	7
7	7
7	8
7	7
7	8
7	10
7	7
7	23
7	7
7	18
7	7
7	18
7	7
7	12
7	17
8	8
8	42
8	8
8	8
8	8
8	8
8	8
8	8
8	8
8	8
8	8
8	8
8	8
8	8
8	8
8	8
8	8
8	8
8	12
8	12
8	8
8	8
8	8
8	9
8	8
8	8
8	9
8	9
8	9
8	9
8	9
9	9
9	9
9	12
9	23
9	14
9	9
9	23
9	9
9	12
9	9
9	23
9	40
9	9
9	9
9	23
9	71
9	43
9	17
9	28
9	9
9	23
9	9
9	11
9	11
9	11
9	16
9	22
9	11
9	11
9	22
9	11
9	22
9	64
9	9
9	16
9	22
9	28
9	11
9	16
9	9
9	9
9	9
9	21
9	19
9	19
9	11
9	9
9	21
9	16
9	9
9	11
9	21
9	9
9	21
9	19
9	9
9	9
9	19
9	9
9	9
9	70
9	21
9	9
9	9
9	19
9	70
9	70
9	10
9	9
9	9
9	9
9	11
9	16
9	27
9	21
9	70
9	11
9	11
9	18
9	70
9	9
9	41
9	41
9	41
9	17
9	10
9	17
9	10
9	42
9	9
9	10
10	10
10	10
10	42
10	17
10	10
10	42
10	10
10	41
10	40
10	10
10	10
10	10
10	41
10	10
10	41
10	27
10	22
10	10
10	28
10	27
10	10
10	10
10	10
10	10
10	10
10	10
10	10
10	10
10	41
10	11
10	11
10	11
10	22
10	22
10	11
10	11
10	16
10	11
10	11
10	11
10	10
10	11
11	11
11	11
11	11
11	11
11	11
11	11
11	11
11	11
11	12
11	11
11	11
11	12
11	22
11	11
11	11
11	11
11	11
11	11
11	11
11	19
11	16
11	11
11	11
11	16
11	28
11	11
11	14
11	11
11	11
11	11
11	43
11	11
11	11
11	16
11	22
11	11
11	11
11	43
11	16
11	11
11	11
11	11
11	11
11	16
11	35
11	20
11	11
11	11
11	11
11	16
11	11
11	16
11	20
11	12
11	11
11	16
11	16
11	20
11	11
11	28
11	11
11	11
11	21
11	12
11	11
12	12
12	12
12	12
12	12
12	12
12	15
12	12
12	12
12	21
12	20
12	20
12	21
12	14
12	12
12	21
12	13
12	12
12	12
12	12
12	12
12	38
12	12
12	38
12	12
12	38
12	42
12	12
12	12
12	12
12	12
12	37
12	38
12	37
12	37
12	12
12	12
12	38
12	14
12	14
12	12
12	12
12	37
12	12
12	42
12	42
12	42
12	42
12	42
12	37
12	42
12	13
12	12
12	43
12	42
12	13
12	42
12	42
12	12
12	34
12	37
12	41
12	40
12	40
12	12
12	12
12	40
12	34
12	12
12	42
12	43
12	13
12	13
12	12
12	36
12	20
12	36
12	37
13	33
13	13
13	13
13	13
13	13
13	43
13	42
13	13
13	13
13	14
13	14
13	44
13	43
13	42
13	43
13	43
13	44
13	43
13	13
13	13
13	13
13	13
13	13
13	44
13	13
13	44
13	13
13	13
13	37
13	13
13	13
13	43
13	13
13	13
13	13
13	14
13	21
13	43
13	14
13	14
13	14
14	43
14	14
14	15
14	15
14	14
14	39
14	43
14	29
14	15
14	42
14	28
14	14
14	14
14	14
14	14
14	36
14	36
14	14
14	15
14	20
14	15
14	27
14	15
14	15
14	14
14	14
14	15
14	43
14	15
14	43
14	15
14	15
14	14
14	15
14	29
14	15
14	19
14	21
14	15
14	21
14	15
15	24
15	15
15	15
15	15
15	19
15	15
15	15
15	29
15	34
15	43
15	17
15	15
15	21
15	15
15	21
15	15
15	15
15	15
15	21
15	15
15	21
15	19
15	45
15	15
15	19
15	20
15	19
15	15
15	15
15	15
15	15
15	15
15	15
15	16
15	16
15	16
15	21
15	20
15	16
15	15
15	16
16	16
16	16
16	20
16	16
16	21
16	21
16	16
16	16
16	16
16	16
16	16
16	16
16	16
16	20
16	20
16	20
16	20
16	16
16	16
16	16
16	16
16	16
16	21
16	16
16	16
16	16
16	19
16	16
16	22
16	16
16	16
16	16
16	19
17	17
17	18
17	17
17	17
17	17
17	18
17	17
17	17
17	18
17	17
17	17
17	17
17	17
17	23
17	26
17	17
17	27
17	20
17	17
17	20
17	17
17	20
17	28
17	17
17	17
17	25
17	17
17	25
17	25
18	25
18	18
18	18
18	18
18	18
18	18
18	18
18	24
18	24
18	18
18	18
18	18
18	18
18	18
18	18
18	18
18	18
18	18
18	18
18	25
18	19
18	25
18	19
18	18
18	18
18	18
18	21
18	19
18	19
18	18
18	18
18	19
18	19
19	19
19	19
19	19
19	19
19	19
19	25
19	25
19	19
19	19
19	19
19	24
19	19
19	24
19	43
19	19
19	19
19	21
19	19
19	19
19	19
19	19
19	19
19	20
19	20
19	19
19	20
19	19
19	20
19	19
19	19
19	19
19	20
19	20
19	19
19	19
19	19
19	19
19	20
19	20
19	20
19	19
19	20
19	20
19	20
19	20
19	19
19	20
19	21
19	19
19	20
19	19
19	21
19	19
19	21
19	20
19	21
19	27
20	25
20	20
20	20
20	27
20	20
20	20
20	25
20	25
20	20
20	26
20	20
20	27
20	21
20	20
20	20
20	20
20	20
20	20
20	29
20	20
20	21
20	20
20	21
20	25
20	20
20	21
20	20
20	20
20	20
20	23
20	25
20	25
20	20
20	20
20	21
20	20
20	20
20	37
20	20
20	20
20	21
20	21
20	21
20	21
20	21
21	21
21	21
21	21
21	21
21	21
21	21
21	21
21	21
21	21
21	29
21	21
21	21
21	21
21	21
21	21
21	21
21	35
21	21
21	21
21	21
21	21
21	21
21	21
21	27
21	27
21	27
21	42
21	21
21	22
21	23
21	21
21	21
21	44
21	21
21	21
21	21
21	21
21	24
21	21
21	21
21	43
21	22
22	23
22	27
22	29
22	22
22	22
22	22
22	27
22	28
22	22
22	23
22	22
22	27
22	22
22	28
22	22
22	22
22	30
22	22
22	39
22	34
22	22
22	32
22	22
22	34
23	23
23	40
23	23
23	23
23	23
23	40
23	23
23	23
23	23
23	40
23	23
23	23
23	34
23	39
23	23
23	23
23	23
23	23
23	39
23	23
23	34
23	23
23	32
23	23
23	34
23	23
23	23
23	42
23	23
23	23
23	23
23	23
23	23
23	23
23	23
23	40
23	23
23	23
23	43
23	23
23	23
23	28
23	23
23	29
23	24
23	25
23	27
23	23
23	24
23	43
23	23
23	23
23	28
23	27
23	23
23	23
23	24
23	24
23	23
23	24
24	24
24	24
24	24
24	24
24	24
24	28
24	24
24	43
24	43
24	25
24	44
24	24
24	24
24	24
24	24
24	24
24	43
24	24
24	24
24	24
24	24
24	24
24	24
24	24
24	32
24	24
24	25
24	24
24	24
24	28
24	24
24	24
24	24
24	24
24	27
24	24
24	24
24	24
24	24
24	24
24	24
24	24
24	24
24	24
24	24
24	28
24	24
24	24
24	24
24	24
24	24
24	24
24	24
24	24
24	24
24	24
24	44
24	44
24	24
25	25
25	25
25	25
25	25
25	25
25	25
25	25
25	25
25	25
25	25
25	25
25	25
25	26
25	27
25	25
25	29
25	26
25	27
25	27
26	26
26	26
26	26
26	26
26	26
26	27
26	29
26	27
26	27
26	27
26	28
26	27
26	27
26	35
26	26
26	26
26	26
26	26
26	26
26	26
26	26
26	26
26	26
26	29
26	29
26	29
26	27
26	31
27	27
27	27
27	29
27	27
27	27
27	27
27	29
27	29
27	27
27	27
27	27
27	28
27	28
27	35
27	28
27	27
27	27
27	27
27	27
27	27
27	42
27	28
27	28
27	28
27	28
27	43
27	28
28	28
28	28
28	28
28	28
28	28
28	28
28	28
28	42
28	28
28	28
28	28
28	42
28	28
28	28
28	28
28	28
28	42
28	42
28	28
28	28
28	28
28	42
28	28
28	42
28	28
28	52
28	29
28	29
28	28
28	29
28	42
28	41
28	29
28	28
28	30
28	28
28	28
28	29
28	29
28	29
29	29
29	29
29	29
29	29
29	29
29	29
29	29
29	29
29	29
29	29
29	29
29	29
29	29
29	29
29	29
29	29
29	29
29	29
29	29
29	29
29	29
29	29
29	47
29	47
29	47
29	47
29	47
29	29
29	48
29	47
29	48
29	29
29	30
29	48
29	48
29	48
29	29
29	43
29	30
29	30
29	46
29	30
29	29
29	33
29	33
29	33
29	35
29	49
29	30
30	30
30	30
30	30
30	32
30	30
30	30
30	34
30	30
30	30
30	30
30	30
30	30
30	30
30	58
30	30
30	30
30	33
30	33
30	30
30	30
30	30
30	30
30	47
30	30
30	30
30	47
30	30
30	32
30	30
30	47
30	32
30	47
30	30
30	30
30	32
30	31
30	30
30	30
30	32
30	31
30	31
30	30
30	30
30	56
30	30
30	30
30	47
30	32
30	30
30	31
30	30
30	31
30	31
30	31
30	31
30	32
30	56
30	56
30	31
30	31
30	31
30	31
30	31
30	56
30	30
30	32
30	30
30	30
30	55
30	32
30	30
30	32
30	32
31	31
31	56
31	46
31	31
31	31
31	31
31	31
31	31
31	31
31	31
31	31
31	31
31	31
31	31
31	31
31	32
31	31
31	32
31	55
31	32
31	32
31	31
31	31
31	35
31	32
31	32
31	31
31	31
31	31
31	31
31	55
31	31
31	31
31	31
31	31
31	34
31	56
31	32
31	46
31	56
31	34
31	31
31	46
31	56
31	45
31	31
31	57
31	55
31	32
31	31
31	31
31	31
31	34
31	31
31	31
31	32
31	32
31	32
31	31
31	55
31	55
31	55
31	35
31	31
31	35
31	55
31	31
31	35
31	35
31	56
31	34
31	56
31	31
31	48
31	45
31	31
31	32
31	32
31	31
32	32
32	32
32	32
32	47
32	48
32	56
32	32
32	32
32	32
32	47
32	44
32	44
32	32
32	44
32	32
32	34
32	32
32	32
32	32
32	47
32	32
32	32
32	35
32	32
32	44
32	48
32	46
32	35
32	32
32	32
32	32
32	32
32	33
32	32
32	33
32	32
32	47
32	32
32	32
32	35
32	35
32	32
32	35
32	34
32	34
32	41
32	34
32	32
32	33
32	33
32	32
32	33
33	40
33	40
33	40
33	58
33	33
33	37
33	33
33	36
33	33
33	36
33	36
33	33
33	33
33	33
33	39
33	33
33	33
33	33
33	33
33	33
33	41
33	40
33	33
33	33
33	41
33	33
33	34
33	33
33	47
33	47
33	35
34	37
34	34
34	40
34	35
34	34
34	43
34	35
34	34
34	34
34	34
34	34
34	34
34	35
34	36
34	34
34	39
34	41
34	34
34	34
34	41
34	36
34	36
34	46
34	34
34	41
34	41
34	41
34	40
34	34
34	34
34	41
34	39
34	41
34	49
34	40
34	41
34	40
34	41
34	40
34	40
34	40
34	34
34	34
34	40
34	34
34	41
34	62
34	41
34	34
34	34
34	34
34	49
34	39
34	49
34	54
34	34
34	34
34	49
34	34
34	34
34	34
34	36
34	38
34	34
34	34
34	39
34	49
34	49
34	37
34	35
34	36
34	38
34	46
34	60
34	35
35	42
35	46
35	46
35	35
35	54
35	60
35	37
35	50
35	35
35	60
35	35
35	35
35	53
35	60
35	35
35	35
35	37
35	37
35	35
35	35
35	35
35	35
35	46
35	50
35	46
35	35
35	54
35	59
35	35
35	35
35	50
35	59
35	51
35	44
35	47
35	46
35	57
35	35
35	53
35	35
35	35
35	51
35	44
35	57
35	52
35	53
35	35
35	54
35	35
35	50
35	48
35	53
35	35
35	53
35	64
35	35
35	53
35	35
35	35
35	35
35	35
35	43
35	35
35	43
35	53
35	45
35	35
35	35
35	45
35	35
35	35
35	36
36	57
36	57
36	59
36	43
36	48
36	46
36	45
36	36
36	46
36	46
36	36
36	46
36	47
36	36
36	46
36	49
36	36
36	46
36	36
36	36
36	59
36	36
36	36
36	59
36	54
36	36
36	58
36	54
36	54
36	36
36	36
36	36
36	36
36	36
36	36
36	59
36	54
36	60
36	59
36	41
36	59
36	46
36	36
36	37
36	36
36	46
36	46
36	36
36	49
36	37
36	37
36	36
36	39
36	39
36	44
36	46
36	45
36	48
36	48
37	45
37	46
37	49
37	51
37	58
37	57
37	37
37	37
37	37
37	37
37	37
37	37
37	37
37	37
37	37
37	37
37	37
37	59
37	37
37	40
37	60
37	59
37	59
37	59
37	59
37	59
37	41
37	54
37	59
37	54
37	59
37	42
37	41
37	59
37	37
37	40
37	37
37	37
37	43
37	37
37	49
37	48
37	49
37	60
37	37
37	46
37	37
37	37
37	48
37	41
37	37
37	39
37	37
37	49
37	47
37	42
37	37
37	37
37	48
37	37
37	37
37	37
37	37
37	37
37	39
37	37
37	37
37	37
37	38
37	39
37	37
37	37
37	41
37	37
37	49
37	37
37	38
37	37
37	37
37	40
37	42
37	37
37	37
37	37
37	37
37	37
37	46
37	42
37	37
38	38
38	38
38	48
38	38
38	38
38	38
38	38
38	38
38	38
38	47
38	38
38	38
38	48
38	48
38	38
38	38
38	48
38	38
38	42
38	38
38	38
38	38
38	38
38	38
38	48
38	38
38	38
38	47
38	38
38	38
38	47
38	38
38	38
38	42
38	38
38	38
38	42
38	38
38	42
38	45
38	38
38	38
38	48
38	46
38	47
38	42
38	74
38	38
38	38
38	38
38	38
38	70
38	45
38	38
38	39
38	38
38	46
38	46
38	44
38	38
38	38
38	38
38	38
38	48
38	65
38	42
38	38
38	38
38	38
38	38
38	38
38	66
38	38
38	38
38	38
38	38
38	46
38	42
38	38
38	38
38	42
38	38
38	38
38	39
38	38
38	38
38	38
38	38
39	41
39	39
39	48
39	39
39	39
39	48
39	39
39	39
39	41
39	51
39	58
39	39
39	39
39	44
39	39
39	40
39	39
39	48
39	39
39	40
39	40
39	40
39	39
39	55
39	39
39	39
39	39
39	39
39	39
39	39
39	70
39	39
39	40
39	39
39	40
39	39
39	40
39	39
39	39
39	39
39	41
39	39
39	48
39	48
39	39
39	40
39	41
39	41
39	48
40	40
40	40
40	40
40	40
40	48
40	40
40	40
40	40
40	40
40	41
40	40
40	40
40	40
40	49
40	67
40	60
40	40
40	40
40	40
40	40
40	40
40	40
40	40
40	40
40	41
40	41
40	40
40	40
40	41
40	41
40	43
40	40
40	40
40	40
40	41
40	41
40	41
40	40
40	40
40	40
40	41
40	59
40	40
40	40
40	40
40	43
41	41
41	41
41	41
41	41
41	41
41	41
41	41
41	41
41	41
41	41
41	41
41	41
41	41
41	41
41	41
41	41
41	41
41	41
41	41
41	41
41	41
41	41
41	41
41	41
41	41
41	41
41	42
41	41
41	41
41	41
41	41
41	41
41	41
41	41
41	41
41	41
41	42
41	42
41	41
41	41
41	42
41	41
41	42
41	42
41	42
41	42
41	42
41	42
41	42
41	41
41	42
42	42
42	42
42	42
42	42
42	42
42	42
42	42
42	42
42	42
42	50
42	42
42	42
42	42
42	42
42	42
42	42
42	42
42	42
42	42
42	42
42	42
42	42
42	42
42	43
42	42
42	42
42	43
42	42
42	52
42	42
42	42
42	42
42	42
42	42
43	49
43	43
43	43
43	49
43	43
43	43
43	43
43	96
43	43
43	43
43	43
43	43
43	43
43	43
43	43
43	43
43	43
43	43
43	43
43	43
43	43
43	46
43	43
43	43
43	43
43	43
43	43
43	43
43	43
43	43
43	43
43	43
43	43
43	44
43	44
43	44
43	43
43	43
43	45
43	44
43	44
43	43
43	44
43	43
43	44
43	44
43	43
43	48
43	44
43	43
44	44
44	44
44	44
44	44
44	44
44	44
44	44
44	44
44	44
44	44
44	44
44	44
44	44
44	44
44	44
44	44
44	44
44	44
44	44
44	44
44	44
44	44
44	44
44	48
44	44
44	44
44	44
44	44
44	44
44	44
44	44
44	44
44	44
44	44
44	44
44	48
44	44
44	44
44	44
44	58
44	44
44	44
44	44
44	44
44	44
44	48
44	44
44	44
44	44
44	94
44	44
44	44
44	46
44	48
44	55
44	44
44	44
44	49
44	49
44	49
44	44
44	49
44	48
44	49
44	49
44	51
44	48
44	48
44	49
44	44
44	44
44	48
44	44
44	95
45	49
45	45
45	95
45	67
45	95
45	45
45	95
45	67
45	45
45	45
45	45
45	45
45	74
45	45
45	65
45	45
45	74
45	45
45	77
45	45
45	46
45	67
45	57
45	45
45	60
45	60
45	45
45	45
45	48
45	45
45	74
45	67
45	46
45	57
45	67
45	67
45	45
45	57
45	57
45	45
45	74
45	57
45	45
45	45
45	45
45	47
45	45
45	45
45	45
45	57
45	67
45	57
45	60
45	45
45	74
45	45
45	48
45	60
45	57
45	57
45	45
45	45
45	45
45	45
45	47
45	47
45	46
45	48
45	45
45	48
45	60
45	60
45	60
45	46
45	45
45	48
45	48
45	48
45	56
45	45
45	46
45	48
45	46
45	48
46	46
46	47
46	46
46	57
46	46
46	46
46	46
46	46
46	46
46	46
46	60
46	60
46	61
46	46
46	60
46	46
46	48
46	60
46	46
46	46
46	48
46	48
46	48
46	48
46	46
46	49
46	61
46	48
46	57
46	48
46	48
46	49
46	60
46	46
46	49
46	46
46	46
46	46
46	46
46	60
46	46
46	60
46	46
46	46
46	60
46	46
46	59
46	46
46	46
46	46
46	60
46	60
46	48
46	48
46	46
46	46
46	46
46	47
46	46
46	47
46	47
46	47
46	47
46	47
46	49
47	47
47	47
47	47
47	56
47	47
47	47
47	47
47	47
47	47
47	47
47	56
47	47
47	47
47	57
47	57
47	47
47	47
47	47
47	47
47	47
47	74
47	57
47	47
47	47
47	47
47	47
47	47
47	47
47	47
47	47
47	47
47	47
47	47
47	47
47	47
47	47
47	47
47	47
47	47
47	48
47	47
47	47
47	47
47	48
47	48
47	47
47	48
47	48
48	48
48	48
48	48
48	48
48	48
48	48
48	48
48	48
48	48
48	56
48	48
48	48
48	48
48	48
48	54
48	48
48	48
48	48
48	48
48	48
48	48
48	48
48	48
48	48
48	48
48	48
48	56
48	48
48	67
48	48
48	48
48	57
48	48
48	67
48	67
48	48
48	48
48	66
48	57
48	49
48	57
48	48
48	66
48	49
48	49
49	95
49	49
49	96
49	49
49	49
49	58
49	49
49	49
49	49
49	57
49	97
49	49
49	49
49	51
49	49
49	97
49	49
49	49
49	49
49	49
49	51
49	49
49	49
49	49
49	49
49	49
49	49
49	49
49	51
49	58
49	49
49	51
49	49
49	51
49	57
49	51
49	57
49	49
49	49
49	50
49	49
49	49
49	60
49	73
49	73
49	73
49	73
49	67
49	49
49	49
49	73
49	59
49	68
49	61
49	72
49	49
49	50
49	50
49	59
49	58
50	75
50	50
50	86
50	75
50	50
50	50
50	50
50	50
50	50
50	59
50	59
50	71
50	50
50	89
50	53
50	63
50	58
50	61
50	50
50	71
50	50
50	57
50	96
50	50
50	50
50	57
50	56
50	71
50	64
50	63
50	62
50	58
50	63
50	74
50	50
50	63
50	51
50	51
50	56
50	56
50	56
50	51
50	51
50	51
50	51
50	51
50	52
51	52
51	51
51	51
51	51
51	51
51	51
51	51
51	51
51	52
51	51
51	51
51	51
51	51
51	56
51	56
51	51
51	51
51	51
51	51
51	56
51	51
51	63
51	58
51	51
51	58
51	58
51	51
51	51
51	56
51	51
51	51
51	56
51	51
51	52
51	56
51	75
51	51
51	52
51	58
51	58
51	51
51	51
51	71
51	52
51	51
51	52
51	51
51	69
51	51
51	51
51	51
51	51
51	56
51	52
51	58
51	56
51	51
51	51
51	51
51	51
51	51
51	56
51	54
51	58
51	51
51	58
51	51
51	88
51	57
51	51
51	58
51	51
51	51
51	51
51	51
51	52
51	57
51	52
51	98
51	51
51	52
51	52
51	51
51	53
51	51
51	97
51	51
51	57
51	52
51	51
51	58
51	58
51	52
52	52
52	52
52	52
52	97
52	56
52	97
52	52
52	97
52	52
52	52
52	52
52	98
52	52
52	53
52	52
52	58
52	57
52	52
52	52
52	52
52	95
52	97
52	52
52	58
52	53
52	52
52	52
52	58
52	52
52	54
52	58
52	52
52	95
52	56
52	97
52	97
52	95
52	53
52	52
52	52
52	52
52	53
52	53
52	73
52	98
52	53
52	52
52	53
52	66
52	98
52	98
52	56
52	53
52	52
52	95
52	98
52	58
52	52
52	53
52	52
52	98
52	95
52	95
52	53
52	52
52	52
52	56
52	57
52	57
52	52
52	57
52	53
52	75
52	54
52	70
52	52
52	53
52	95
52	52
52	56
52	56
52	52
52	98
52	98
52	56
52	52
52	52
52	95
52	95
52	52
52	95
52	52
52	56
52	74
52	98
52	98
52	98
52	56
52	75
52	73
52	52
52	76
52	53
52	52
52	52
52	56
52	52
52	98
52	57
52	95
52	53
52	95
52	95
52	95
52	95
53	65
53	69
53	53
53	70
53	69
53	53
53	53
53	73
53	53
53	56
53	69
53	53
53	54
53	53
53	53
53	53
53	53
53	97
53	53
53	53
53	57
53	57
53	53
53	57
53	97
53	54
53	54
53	57
53	53
53	63
53	69
53	54
53	54
53	53
53	60
53	59
53	53
53	69
53	53
53	60
53	53
53	54
53	99
53	53
53	53
53	53
53	70
53	71
53	99
53	99
53	53
53	53
53	70
53	60
53	99
53	53
53	53
53	53
53	53
53	53
53	53
53	53
53	60
53	54
53	53
53	60
53	57
53	54
53	99
53	53
53	53
53	53
53	53
53	92
53	91
53	91
53	91
53	93
53	53
53	53
53	60
53	60
53	53
53	54
53	64
53	64
53	65
53	91
53	99
53	53
53	63
53	53
53	75
53	63
53	54
53	54
53	53
54	54
54	92
54	54
54	54
54	63
54	63
54	64
54	54
54	62
54	64
54	65
54	72
54	92
54	92
54	61
54	90
54	90
54	90
54	91
54	61
54	63
54	99
54	69
54	55
54	54
54	64
54	69
54	64
54	69
54	64
54	54
54	63
54	54
54	63
54	55
54	54
54	54
54	64
54	54
54	54
54	54
54	54
54	59
54	54
54	59
54	54
54	54
54	54
54	54
54	54
54	54
54	59
54	59
54	59
54	92
54	59
54	54
54	54
54	54
54	59
54	54
54	54
54	55
54	59
54	54
54	55
54	55
54	54
54	59
54	59
54	54
54	59
54	55
54	54
54	54
54	54
54	55
54	60
54	54
54	93
54	59
54	55
54	60
54	54
54	59
54	59
54	59
54	55
54	59
54	59
54	59
54	58
54	55
54	55
55	59
55	59
55	59
55	55
55	55
55	55
55	55
55	55
55	55
55	55
55	55
55	55
55	55
55	55
55	55
55	90
55	55
55	97
55	55
55	55
55	55
55	55
55	55
55	55
55	55
55	55
55	55
55	55
55	55
55	55
55	55
55	55
55	55
55	56
55	55
55	55
55	75
55	56
55	57
55	55
55	55
55	55
55	56
55	55
55	71
55	57
55	56
55	71
55	71
55	56
55	56
55	69
55	57
55	57
55	57
55	57
56	56
56	56
56	56
56	58
56	89
56	56
56	58
56	58
56	56
56	56
56	56
56	58
56	56
56	56
56	56
56	56
56	63
56	56
56	56
56	63
56	56
56	56
56	57
56	56
56	56
56	56
56	59
56	63
56	63
56	56
56	56
56	63
56	56
56	56
56	56
56	63
56	56
56	56
56	74
56	56
56	56
56	56
56	63
56	56
56	56
56	56
56	56
56	56
56	56
56	56
56	56
56	56
56	56
56	56
56	58
56	56
56	56
56	56
56	57
56	56
56	56
56	56
56	63
56	63
56	74
56	57
56	56
56	74
56	63
56	56
57	58
57	64
57	57
57	57
57	57
57	57
57	57
57	57
57	71
57	57
57	71
57	57
57	57
57	70
57	71
57	57
57	57
57	71
57	70
57	57
57	57
57	57
57	57
57	71
57	70
57	70
57	57
57	74
57	57
57	57
57	66
57	57
57	57
57	74
57	95
57	74
57	71
57	57
57	57
57	74
57	74
57	71
57	57
57	71
57	57
57	57
57	74
57	69
57	69
57	57
57	70
57	71
57	57
57	64
57	70
57	58
57	57
57	70
57	70
57	57
57	57
57	57
57	75
57	57
57	90
57	90
57	58
57	59
57	57
57	90
57	57
57	95
57	75
57	97
57	97
57	57
57	57
57	97
57	58
58	71
58	58
58	98
58	58
58	73
58	58
58	63
58	63
58	58
58	73
58	58
58	64
58	98
58	98
58	73
58	58
58	58
58	80
58	58
58	68
58	58
58	58
58	58
58	68
58	58
58	81
58	77
58	58
58	58
58	58
58	81
58	58
58	58
58	58
58	58
58	58
58	58
58	58
58	73
58	81
58	68
58	66
58	59
58	58
58	58
58	58
58	72
58	71
58	90
58	59
58	59
58	58
58	68
58	58
58	59
58	90
58	59
58	58
58	89
58	90
58	72
59	63
59	59
59	82
59	59
59	59
59	59
59	59
59	59
59	59
59	71
59	59
59	59
59	81
59	89
59	59
59	81
59	72
59	81
59	59
59	59
59	59
59	61
59	59
59	59
59	59
59	90
59	59
59	100
59	90
59	82
59	71
59	71
59	59
59	75
59	59
59	59
59	85
59	59
59	59
59	59
59	62
59	59
59	59
59	72
59	63
59	59
59	66
59	61
59	60
59	59
59	59
59	60
59	59
59	73
59	61
59	60
59	59
59	59
59	59
59	73
59	59
59	60
59	67
60	67
60	84
60	60
60	60
60	67
60	67
60	60
60	61
60	85
60	60
60	85
60	60
60	60
60	60
60	62
60	62
60	63
60	60
60	89
60	87
60	60
60	63
60	72
60	72
60	60
60	60
60	60
60	60
60	88
60	60
60	85
60	88
60	88
60	92
60	60
60	83
60	80
60	90
60	60
60	60
60	60
60	71
60	71
60	88
60	60
60	70
60	70
60	60
60	112
60	60
60	60
60	85
60	60
60	112
61	71
61	64
61	72
61	72
61	71
61	71
61	112
61	112
61	61
61	88
61	61
61	91
61	85
61	85
61	84
61	72
61	84
61	90
61	89
61	85
61	91
61	72
61	91
61	84
61	91
61	90
61	61
61	61
61	72
61	85
61	85
61	87
61	73
61	71
61	71
61	84
61	85
61	70
61	83
61	89
61	63
61	62
61	62
61	62
61	71
61	62
62	62
62	85
62	62
62	105
62	86
62	71
62	62
62	86
62	63
62	62
62	62
62	62
62	111
62	62
62	63
62	72
62	111
62	72
62	72
62	72
62	72
62	112
62	63
62	72
62	62
62	72
62	112
63	72
63	63
63	72
63	74
63	63
63	64
63	63
63	63
63	63
63	111
63	63
63	63
63	63
63	111
63	63
63	64
63	111
63	111
63	63
63	77
63	63
63	63
63	63
63	64
63	74
63	76
63	64
63	111
63	63
63	63
63	64
63	63
63	63
63	63
63	69
63	63
63	74
63	73
63	73
63	63
63	72
63	69
63	69
63	72
63	72
63	63
63	72
63	85
63	63
63	71
63	63
63	72
63	63
63	63
63	64
63	63
63	64
63	63
63	63
63	69
63	73
63	66
63	69
63	63
63	63
63	63
63	65
63	63
63	72
63	64
63	64
63	103
63	64
63	63
63	71
63	73
64	64
64	69
64	64
64	64
64	64
64	64
64	73
64	64
64	64
64	64
64	72
64	64
64	64
64	64
64	64
64	71
64	71
64	64
64	64
64	78
64	70
64	64
64	64
64	65
64	111
64	65
64	71
64	64
64	99
64	92
64	99
64	97
64	64
64	72
64	71
64	99
64	99
64	65
64	72
64	92
64	97
64	97
64	89
64	90
64	90
64	93
64	89
64	90
64	84
64	72
64	72
65	93
65	96
65	96
65	69
65	65
65	91
65	96
65	65
65	65
65	65
65	65
65	77
65	96
65	91
65	91
65	96
65	66
65	70
65	96
65	112
65	91
65	70
66	70
66	66
66	112
67	112
67	67
67	67
67	81
67	67
67	67
67	67
67	112
67	67
67	113
67	67
67	89
67	67
67	113
67	118
67	113
67	113
67	67
67	113
67	67
67	89
67	113
67	67
67	113
67	69
67	80
67	80
67	89
67	89
67	67
67	90
67	73
67	67
67	112
67	73
68	72
68	68
68	68
68	69
68	89
68	72
68	68
68	68
68	89
68	72
68	68
68	112
68	72
68	69
68	112
68	76
68	82
68	68
68	68
68	68
68	68
68	80
68	75
68	68
68	68
68	68
68	68
68	68
68	68
68	80
68	73
68	68
68	86
68	80
68	68
68	73
68	69
68	69
68	73
68	69
68	73
68	69
69	69
69	73
69	72
69	89
69	69
69	69
69	73
69	83
69	73
69	69
69	69
69	113
69	69
69	83
69	69
69	89
69	69
69	69
69	80
69	79
69	69
69	79
69	69
69	69
69	82
69	102
69	98
69	72
69	69
69	69
69	102
69	69
69	83
69	69
69	69
69	69
69	69
69	69
69	69
69	89
69	69
69	71
69	69
69	83
69	83
69	69
69	69
69	69
69	69
69	83
70	70
70	111
70	70
70	70
70	70
70	70
70	111
70	90
70	71
70	70
70	81
70	90
70	70
70	81
70	70
70	70
70	70
70	70
70	70
70	70
70	70
70	92
70	70
70	70
70	70
70	70
70	91
70	70
70	75
70	70
70	71
70	70
70	70
70	70
70	71
70	91
70	70
70	95
70	70
70	70
70	70
70	70
70	71
70	70
70	70
70	71
70	70
70	70
70	75
70	70
70	70
70	70
70	70
70	75
70	71
70	70
70	112
70	71
70	71
70	71
70	112
70	70
70	111
70	71
70	112
70	71
70	71
70	70
70	112
71	112
71	71
71	112
71	71
71	86
71	71
71	71
71	71
71	71
71	74
71	71
71	75
71	75
71	74
71	71
71	71
71	75
71	72
71	75
71	71
71	100
71	71
71	92
71	73
71	75
71	72
71	84
71	72
71	100
71	72
71	97
71	71
71	72
71	90
71	74
71	112
71	74
71	112
71	90
71	75
71	90
71	85
71	75
71	71
71	75
71	86
71	87
71	112
71	72
71	72
72	89
72	72
72	72
72	85
72	72
72	84
72	72
72	72
72	83
72	72
72	112
72	85
72	112
72	72
72	85
72	72
72	84
72	72
72	72
72	72
72	112
72	72
72	83
72	72
72	83
72	83
72	72
72	72
72	72
72	73
72	72
72	72
72	72
72	112
72	82
72	82
72	72
72	81
72	82
72	112
72	72
72	81
72	73
72	73
72	73
72	73
72	84
72	72
72	76
72	73
72	73
72	90
72	105
72	90
72	89
72	73
72	73
72	82
72	90
72	90
72	94
72	94
73	86
73	81
73	102
73	105
73	89
73	82
73	73
73	90
73	73
73	83
73	83
73	83
73	82
73	84
73	90
73	98
73	76
73	73
73	84
73	76
73	84
73	73
73	73
73	73
73	76
73	112
73	86
73	73
73	73
73	95
73	86
73	73
73	98
73	73
73	73
73	73
73	73
73	110
73	73
73	73
73	99
73	99
73	73
73	99
73	73
73	73
73	73
73	73
73	99
73	99
73	73
73	98
73	73
73	73
73	84
73	73
73	99
73	94
73	84
73	73
73	73
73	94
73	73
73	73
73	94
73	73
73	94
73	94
73	75
73	75
73	73
73	73
73	86
73	75
73	95
73	95
73	73
73	74
73	73
73	73
73	73
73	73
73	73
73	73
73	73
73	76
73	73
73	76
73	76
74	76
74	95
74	76
74	75
74	75
74	76
74	76
74	95
74	74
74	95
74	74
74	74
74	74
74	77
74	74
74	74
74	75
74	74
74	74
74	74
74	74
74	74
74	74
74	75
74	74
74	76
74	76
74	95
74	77
74	74
74	74
74	74
74	75
74	75
74	74
74	74
74	74
74	74
74	74
74	75
74	107
74	74
74	92
74	98
74	107
74	74
74	107
74	75
75	75
75	75
75	75
75	75
75	107
75	107
75	107
75	75
75	75
75	75
75	75
75	75
75	107
75	76
75	75
75	75
75	94
75	75
75	75
75	75
75	100
75	75
75	76
75	75
75	76
75	75
75	89
75	76
75	95
75	76
75	76
75	76
75	76
75	76
75	75
75	76
75	107
75	107
75	107
75	107
76	107
76	95
76	76
76	80
76	95
76	105
76	81
76	81
76	81
76	95
76	91
76	76
76	102
76	95
76	83
76	76
76	102
76	102
76	76
76	76
76	102
76	76
76	95
76	102
76	76
76	102
76	99
76	107
76	80
76	76
76	80
76	102
76	77
76	76
76	76
76	76
76	76
76	106
76	100
76	100
76	100
76	100
76	100
76	80
76	107
76	76
76	106
76	95
76	80
76	95
76	76
76	76
76	102
76	76
76	76
76	79
77	77
77	107
77	77
77	107
77	77
77	77
77	77
77	105
77	77
77	77
77	82
77	81
77	77
77	77
77	77
77	77
77	107
77	107
77	107
77	107
77	77
77	79
77	79
77	77
77	79
77	77
77	104
77	77
77	77
77	77
77	77
77	107
77	102
77	104
77	104
77	78
77	78
77	78
77	104
77	104
78	107
78	78
78	78
78	102
78	103
78	78
78	78
78	95
78	103
78	96
78	78
78	78
78	78
78	95
78	78
78	96
78	102
78	78
78	104
78	78
78	104
78	104
78	78
78	78
78	109
78	104
78	80
78	104
78	78
78	102
78	102
78	104
78	78
78	104
78	78
78	79
78	80
78	104
78	103
78	78
78	80
78	80
78	78
78	79
78	105
78	80
78	109
78	78
79	103
79	80
79	109
79	81
79	88
79	89
79	79
79	111
79	108
79	79
79	92
79	79
79	79
79	80
79	109
79	79
79	79
79	103
79	101
79	102
79	79
79	79
79	106
79	103
79	108
79	80
79	80
79	81
79	91
79	101
79	79
79	101
79	111
79	109
79	79
79	80
79	105
80	104
80	80
80	80
80	80
80	109
80	80
80	86
80	83
80	80
80	107
80	107
80	104
80	106
80	102
80	104
80	80
80	106
80	83
80	83
80	83
80	83
80	80
80	109
80	83
80	81
80	92
80	108
80	81
80	105
80	80
80	88
80	98
80	80
80	105
81	91
81	103
81	103
81	81
81	102
81	83
81	81
81	83
81	105
81	81
81	87
81	81
81	106
81	90
81	102
81	82
81	81
81	81
81	86
81	89
81	82
81	105
81	81
81	81
81	88
81	81
81	90
81	104
81	90
81	82
81	81
81	104
81	101
81	90
81	91
81	98
81	106
81	81
81	98
81	89
81	82
81	101
81	83
81	81
81	82
81	102
81	90
81	89
81	102
81	89
81	100
82	82
82	102
82	102
82	89
82	105
82	90
82	82
82	82
82	82
82	105
82	83
82	83
82	83
82	82
82	82
82	89
82	82
82	82
82	85
82	82
82	86
82	82
82	89
82	85
82	82
82	89
82	89
82	89
82	82
82	83
82	83
82	85
82	87
82	84
82	89
82	86
82	84
82	82
82	90
82	89
82	83
82	112
82	105
82	89
82	102
82	89
82	83
82	83
82	82
82	89
82	83
82	82
83	83
83	83
83	86
83	87
83	83
83	83
83	83
83	84
83	87
83	83
83	83
83	105
83	83
83	112
83	112
83	112
83	89
83	112
83	85
83	85
83	89
83	84
83	84
83	85
83	84
83	84
83	84
83	91
83	85
83	84
83	84
83	84
83	84
83	91
83	91
83	112
84	84
84	84
84	85
84	84
84	88
84	90
84	89
84	110
84	85
84	112
84	91
84	91
84	85
84	85
84	90
84	91
84	91
84	91
84	85
84	84
84	84
84	91
84	91
84	84
84	84
84	84
84	108
84	90
84	85
84	90
84	84
84	91
84	86
84	84
84	91
84	86
84	85
84	85
84	86
85	86
85	85
85	86
85	85
85	86
85	85
85	85
85	86
85	91
85	86
85	101
85	85
85	91
85	92
85	85
85	85
85	89
85	85
85	111
85	89
85	92
85	91
85	89
85	87
85	85
85	87
85	112
85	85
85	85
85	86
85	86
86	86
86	86
86	86
86	86
86	86
86	86
86	89
86	86
86	86
86	112
86	86
86	87
86	86
87	101
87	90
87	90
87	87
87	89
87	87
87	87
87	87
87	87
87	88
87	88
87	87
87	88
88	88
88	88
88	88
88	88
88	88
88	88
88	88
88	88
88	88
88	88
88	88
88	88
88	88
88	88
88	88
88	88
88	110
89	89
89	89
89	89
89	89
89	89
89	90
89	90
89	89
89	101
89	89
89	89
89	113
89	89
89	89
89	89
89	113
89	90
90	105
90	90
90	90
90	90
90	90
90	91
90	90
90	104
90	90
90	91
90	90
90	91
90	90
90	106
90	90
90	105
90	91
90	90
90	105
90	112
90	105
90	105
90	91
90	106
90	91
90	100
90	91
90	105
90	91
90	104
90	98
91	91
91	105
91	101
91	91
91	91
91	91
91	91
91	92
91	91
91	98
91	91
91	97
91	96
91	91
91	98
91	100
91	91
91	91
91	92
91	92
91	96
91	91
91	91
91	91
91	91
91	98
91	91
91	91
91	111
91	91
91	91
91	98
91	99
91	97
91	99
91	102
91	98
91	98
91	91
91	91
91	91
91	100
91	100
91	92
91	99
91	91
91	98
91	96
91	91
91	91
91	116
91	91
91	93
91	92
91	99
91	92
92	99
92	92
92	99
92	99
92	99
92	111
92	99
92	99
92	99
92	99
92	105
92	92
92	105
92	97
92	99
92	92
92	108
92	92
92	92
92	108
92	105
92	100
92	92
92	92
92	99
92	105
92	99
92	99
92	92
92	101
92	101
92	92
92	101
92	117
92	110
92	117
92	92
92	96
92	92
92	110
92	110
92	110
92	110
92	110
92	110
92	110
92	92
92	92
92	92
92	92
92	92
92	92
92	109
92	92
92	109
92	92
92	93
92	93
93	99
93	97
93	93
93	99
93	99
93	97
93	93
93	93
93	93
93	93
93	94
93	112
93	94
93	94
93	94
93	94
93	93
93	93
93	93
93	93
93	93
93	93
93	93
93	93
93	94
93	93
93	112
93	95
93	95
93	94
93	93
93	94
93	94
93	94
93	94
93	93
93	93
93	93
93	95
93	94
93	94
93	95
93	110
94	109
94	94
94	94
94	95
94	94
94	110
94	103
94	94
94	94
94	94
94	94
94	94
94	94
94	103
94	94
94	94
94	94
94	109
94	94
94	94
94	94
94	94
94	94
94	94
94	94
94	94
94	94
94	94
94	99
94	99
94	94
94	94
94	120
94	119
94	98
94	99
94	94
94	94
94	111
94	98
94	98
95	98
95	98
95	95
95	97
95	95
95	95
95	112
95	114
95	112
95	98
95	97
95	114
95	114
95	95
95	114
95	114
95	95
95	114
95	95
95	114
95	97
95	98
95	112
95	98
95	95
95	95
95	114
95	113
95	112
95	112
95	95
95	98
95	116
95	103
95	116
95	96
95	98
95	96
95	116
95	116
95	97
95	116
95	116
95	95
95	96
95	95
95	118
95	95
95	118
95	95
95	95
95	95
95	117
95	118
95	95
95	95
95	96
95	96
95	96
95	95
95	95
95	95
95	95
95	95
95	97
95	103
95	95
95	95
95	95
95	103
95	103
95	103
95	95
95	95
95	95
95	96
95	95
95	95
95	95
95	97
95	95
96	118
96	96
96	116
96	96
96	96
96	116
96	116
96	116
96	118
96	96
96	96
96	96
96	117
96	96
96	118
96	96
96	96
96	117
96	117
96	96
96	96
96	96
96	103
96	98
96	96
96	96
96	96
96	96
96	96
96	96
96	97
96	96
96	96
96	96
96	97
96	97
96	97
96	97
96	97
96	97
97	97
97	97
97	97
97	97
97	97
97	98
97	97
97	97
97	97
97	97
97	97
97	97
97	97
97	97
97	97
97	97
97	97
97	97
97	97
97	97
97	97
97	97
97	97
97	97
97	97
97	99
97	97
97	97
97	103
97	97
97	97
97	97
97	97
97	98
97	97
97	104
97	97
97	98
97	99
97	99
97	97
97	99
97	99
97	99
97	97
97	97
97	98
98	99
98	98
98	98
98	98
98	102
98	98
98	98
98	98
98	107
98	99
98	100
98	100
98	98
98	98
98	98
98	98
98	106
98	98
98	99
98	98
98	98
98	98
98	98
98	100
98	100
98	98
98	98
98	98
98	98
98	104
98	104
98	104
98	106
98	98
98	98
98	98
98	106
98	98
98	98
98	104
98	98
98	99
98	99
98	99
98	98
98	99
98	98
98	99
98	99
99	99
99	99
99	99
99	99
99	99
99	103
99	99
99	99
99	99
99	99
99	99
99	99
99	99
99	99
99	99
99	99
99	99
99	99
99	116
99	99
99	99
99	99
99	100
99	99
99	99
99	100
99	100
99	99
99	99
99	100
99	99
99	99
99	99
99	99
99	100
99	99
99	99
99	99
99	99
99	99
99	100
99	99
99	116
99	100
99	106
100	100
100	100
100	100
100	100
100	106
100	100
100	106
100	100
100	100
100	100
100	100
100	100
100	106
100	106
100	100
100	104
100	101
100	100
100	102
100	100
100	100
100	100
100	100
100	100
100	100
100	100
100	100
100	100
100	103
100	101
100	101
100	101
100	101
100	104
100	105
100	104
100	100
100	101
100	103
100	101
100	103
100	101
100	101
101	101
101	103
101	105
101	103
101	103
101	103
101	101
101	108
101	101
101	102
101	111
101	101
101	108
101	108
101	111
101	108
101	108
101	108
101	101
101	102
101	101
101	104
101	102
101	102
101	106
101	103
101	101
101	101
101	102
101	102
101	108
101	101
101	101
101	105
101	108
101	109
101	108
102	102
102	109
102	102
102	102
102	110
102	102
102	109
102	102
102	102
102	109
102	102
102	110
102	102
102	110
102	102
102	102
102	102
102	108
102	102
102	102
102	102
102	102
102	102
102	102
102	102
102	102
102	110
102	102
102	102
102	102
102	102
102	102
102	102
102	102
102	102
102	102
102	110
102	103
102	102
102	102
102	108
102	104
103	103
103	103
103	106
103	103
103	103
103	103
103	104
103	104
103	103
103	104
103	103
103	103
103	109
103	103
103	105
103	103
103	103
103	103
103	103
103	103
103	103
103	103
103	103
103	103
103	103
103	103
103	103
103	103
103	105
103	107
103	107
103	107
103	103
103	108
103	104
103	108
103	103
103	108
103	104
103	104
103	103
103	104
103	104
103	104
103	103
103	104
103	103
103	103
103	104
103	104
103	105
104	105
104	104
104	104
104	104
104	108
104	104
104	104
104	104
104	105
104	107
104	107
104	104
104	104
104	104
104	104
104	104
104	104
104	107
104	107
104	107
104	104
104	104
104	104
104	104
104	107
104	105
104	104
104	104
104	104
104	104
104	107
104	105
105	105
105	105
105	105
105	108
105	108
105	108
105	106
105	105
105	105
105	105
105	105
105	105
105	105
105	105
105	105
105	105
105	105
105	106
105	106
105	105
106	106
106	110
106	110
106	106
106	106
106	106
106	106
106	106
106	106
106	106
106	106
106	106
106	106
106	106
106	106
106	106
106	106
106	106
106	106
106	106
106	106
106	106
106	106
106	106
106	116
106	107
107	119
107	118
107	118
107	107
107	107
107	119
107	119
107	107
107	107
107	107
107	110
107	110
107	107
107	107
107	107
107	107
107	107
107	107
107	107
107	107
107	107
107	107
107	107
107	107
107	107
107	107
107	107
107	118
107	107
107	107
107	107
107	107
107	107
107	110
107	110
107	107
107	107
107	110
107	107
107	107
107	107
107	107
107	107
107	107
107	110
107	107
107	109
107	109
107	107
107	109
107	107
107	107
108	108
108	108
108	108
108	108
108	108
108	108
108	108
108	108
108	108
108	108
108	108
108	108
108	108
108	108
108	109
108	109
108	108
108	108
108	108
108	109
108	108
108	108
108	108
108	108
108	109
108	108
108	108
108	108
108	108
108	108
108	108
108	109
108	108
108	109
108	109
108	109
108	109
109	109
109	111
109	116
109	109
109	109
109	117
109	109
109	117
109	109
109	109
109	119
109	109
109	117
109	109
109	109
109	109
109	109
109	109
109	117
109	109
109	110
109	109
109	109
109	109
109	109
109	110
109	109
109	110
109	117
109	110
109	110
110	115
110	110
110	117
110	110
110	110
110	110
110	110
110	110
110	110
110	110
110	110
110	110
110	110
110	110
110	110
110	110
110	110
110	110
110	110
110	110
110	110
110	110
110	110
110	110
110	110
110	110
110	111
110	111
110	110
110	119
110	111
110	111
110	111
110	110
110	110
110	119
110	110
110	115
110	110
110	115
110	110
110	110
110	111
111	111
111	111
111	111
111	111
111	111
111	111
111	111
111	111
111	111
111	111
111	111
111	111
111	112
111	111
111	116
111	111
111	111
111	111
111	111
111	116
111	111
111	112
111	111
111	112
111	111
111	120
111	112
111	111
111	112
111	112
111	112
111	112
111	120
111	112
112	112
112	112
112	112
112	112
112	112
112	112
112	112
112	112
112	112
112	112
112	119
112	112
112	112
112	112
112	112
112	112
112	112
112	116
112	114
112	116
112	112
112	112
112	112
112	112
112	112
112	112
112	112
112	116
112	114
112	112
112	112
112	112
112	112
112	112
112	113
112	114
112	112
112	112
112	112
112	112
112	114
112	114
112	112
112	113
112	112
112	113
112	116
113	113
113	113
113	113
113	113
113	116
113	113
113	116
113	113
113	113
113	114
113	116
113	113
113	114
113	113
113	114
113	114
113	114
113	113
113	118
113	113
113	113
113	113
113	118
113	113
113	113
113	113
113	113
113	113
113	113
113	113
113	114
113	113
113	113
113	114
113	114
113	113
113	113
113	113
113	113
113	113
113	113
113	114
113	113
113	118
114	114
114	114
114	114
114	114
114	114
114	118
114	118
114	114
114	114
114	114
114	114
114	114
114	114
114	116
114	116
114	116
114	116
114	114
114	114
114	114
114	116
114	114
114	114
114	114
114	118
114	118
114	118
114	116
114	115
114	117
114	114
114	116
114	114
114	114
114	116
114	114
114	114
114	118
114	116
114	116
114	116
114	116
114	115
115	115
115	118
115	116
115	115
115	118
115	118
115	118
115	115
115	115
115	115
115	115
115	119
115	117
115	115
115	115
115	115
115	116
115	116
115	118
115	115
115	115
115	115
115	115
115	115
115	115
115	115
115	115
115	119
115	115
115	115
115	115
115	115
115	115
115	116
115	115
115	116
115	115
115	116
116	116
116	116
116	116
116	116
116	116
116	116
116	117
116	116
116	116
116	116
116	116
116	117
116	116
116	116
116	116
116	118
117	117
117	117
117	117
117	118
117	117
117	117
117	117
117	117
117	117
117	117
117	117
117	117
117	117
117	117
117	117
117	117
117	118
117	117
117	117
117	118
117	117
117	118
117	118
117	117
117	118
117	117
117	118
117	118
117	118
117	118
117	117
118	118
118	118
118	118
118	118
118	118
118	118
118	119
118	118
118	118
118	118
118	118
118	119
118	118
118	118
118	118
118	118
118	118
118	119
119	119
119	119
119	119
119	119
119	119
119	119
119	119
119	119
119	119
119	119
