3	18
3	15
3	25
3	15
3	25
3	23
3	15
3	15
3	18
3	3
3	16
3	15
3	14
3	16
3	23
3	16
3	14
3	18
3	16
3	4
3	3
3	3
3	3
3	3
3	9
3	3
3	3
3	13
3	3
3	4
3	13
3	3
3	4
3	4
3	3
3	12
3	3
3	4
3	3
3	4
3	3
3	3
3	3
3	13
3	4
3	25
3	4
3	3
3	14
3	3
3	5
3	5
3	5
3	25
3	4
3	5
3	5
3	5
3	13
3	10
3	4
3	15
3	18
3	4
3	12
3	6
3	3
3	3
3	18
3	12
3	3
3	3
3	4
4	18
4	21
4	4
4	4
4	5
4	4
4	4
4	4
4	22
4	10
4	10
4	5
4	4
4	4
4	4
4	4
4	4
4	5
4	4
4	4
4	25
4	4
4	4
4	4
4	4
4	4
4	4
4	4
4	22
4	4
4	10
4	16
4	4
4	10
4	4
4	15
4	4
4	4
4	22
4	4
4	4
4	4
4	5
4	10
4	4
4	5
4	10
4	4
4	4
4	4
4	5
4	21
4	4
4	21
4	21
4	16
4	16
4	4
4	4
4	5
4	4
4	21
4	5
4	4
4	4
4	4
4	4
4	4
4	10
4	4
4	5
4	4
4	4
4	5
4	4
4	4
4	5
4	22
4	5
4	4
4	5
4	22
4	5
4	5
4	5
4	4
4	4
4	5
4	5
5	22
5	23
5	5
5	5
5	5
5	7
5	23
5	5
5	5
5	5
5	5
5	15
5	10
5	27
5	5
5	14
5	5
5	27
5	25
5	25
5	5
5	5
5	15
5	5
5	14
5	5
5	14
5	5
5	5
5	5
5	16
5	5
5	23
5	5
5	5
5	5
5	5
5	20
5	5
5	18
5	20
5	17
5	29
5	5
5	5
5	5
5	5
5	5
5	5
5	5
5	20
5	5
5	5
5	5
5	5
5	5
5	5
5	5
5	5
5	5
5	5
5	5
5	6
5	6
5	6
6	6
6	6
6	6
6	16
6	6
6	16
6	6
6	17
6	6
6	29
6	6
6	6
6	6
6	6
6	6
6	6
6	6
6	6
6	20
6	25
6	25
6	25
6	6
6	6
6	6
6	6
6	6
6	38
6	6
6	38
6	6
6	6
6	38
6	22
6	37
6	17
6	17
6	17
6	8
6	36
6	6
6	6
6	6
6	21
6	6
6	15
6	6
6	13
6	13
6	6
6	6
6	6
6	6
6	10
6	7
6	13
6	7
6	8
6	12
6	6
6	15
6	7
7	12
7	7
7	19
7	7
7	7
7	7
7	7
7	19
7	18
7	21
7	7
7	20
7	7
7	7
7	8
7	7
7	38
7	10
7	7
7	8
7	7
7	7
7	10
7	7
7	7
7	21
7	10
7	10
7	7
7	8
7	7
7	10
7	9
7	7
7	9
7	7
7	8
7	23
7	11
7	11
7	19
7	7
7	8
8	8
8	8
8	8
8	19
8	8
8	8
8	11
8	8
8	24
8	8
8	11
8	8
8	24
8	24
8	8
8	9
8	8
8	8
8	8
8	9
8	20
8	8
8	8
8	9
8	8
8	8
8	10
8	33
8	8
8	11
8	8
8	8
8	9
8	9
8	9
8	8
8	8
8	26
8	22
8	26
8	12
9	11
9	11
9	9
9	9
9	9
9	9
9	12
9	16
9	16
9	13
9	9
9	9
9	9
9	11
9	10
9	9
9	9
9	9
9	9
9	9
9	9
9	11
9	9
9	9
9	9
9	9
9	9
9	9
9	9
9	9
9	12
9	13
9	9
9	10
9	9
9	9
9	9
9	9
9	11
9	9
9	13
9	9
9	13
9	9
9	9
9	9
9	10
9	10
9	10
9	12
9	9
9	11
9	13
9	12
9	12
9	9
9	12
9	9
9	9
9	9
9	9
9	12
9	9
9	11
9	11
9	9
9	10
9	9
9	10
9	9
9	9
9	10
10	10
10	10
10	10
10	10
10	10
10	10
10	10
10	10
10	10
10	10
10	10
10	11
10	12
10	11
10	10
10	10
10	11
10	12
10	10
10	10
10	10
10	10
10	10
10	10
10	10
10	10
10	10
10	10
10	17
10	10
10	11
10	12
10	10
10	10
10	10
10	10
10	11
10	13
10	22
10	10
10	24
10	24
10	15
10	22
10	10
10	10
10	15
10	10
10	10
10	10
10	12
10	10
10	10
10	10
10	13
10	13
10	11
10	10
11	11
11	11
11	11
11	11
11	11
11	11
11	11
11	11
11	11
11	11
11	11
11	11
11	11
11	11
11	11
11	11
11	11
11	11
11	11
11	11
11	11
11	12
11	11
11	11
11	12
11	18
11	13
11	11
11	11
11	12
11	12
11	11
11	11
11	12
11	11
11	12
11	12
11	11
11	11
11	12
11	11
11	11
11	12
11	12
11	12
11	11
11	12
11	13
11	11
11	11
11	11
12	12
12	12
12	12
12	12
12	13
12	15
12	13
12	12
12	12
12	13
12	12
12	12
12	12
12	12
12	12
12	12
12	12
12	12
12	12
12	13
12	12
12	13
12	13
12	13
12	13
12	12
12	13
12	12
12	12
12	12
12	12
12	13
13	13
13	13
13	13
13	13
13	13
13	13
13	22
13	15
13	22
13	13
13	13
13	13
13	13
13	13
13	13
13	13
13	13
13	13
13	16
13	16
13	16
13	13
13	16
13	16
13	13
13	13
13	21
13	13
13	17
13	17
13	13
13	15
13	13
13	15
13	17
13	14
13	13
13	15
13	21
13	15
13	15
13	22
13	14
13	14
13	15
13	14
13	14
14	15
14	14
14	14
14	14
14	14
14	22
14	17
14	15
14	15
14	14
14	14
14	14
14	15
14	14
14	14
14	22
14	14
14	14
14	14
14	14
14	16
14	14
14	16
14	16
14	14
14	14
14	34
14	14
14	14
14	21
14	21
14	15
14	14
14	19
14	15
14	23
14	23
14	19
14	14
14	23
15	21
15	24
15	23
15	21
15	19
15	15
15	19
15	15
15	15
15	28
15	23
15	20
15	19
15	15
15	22
15	15
15	22
15	15
15	15
15	17
15	15
15	24
15	24
15	20
15	24
15	24
15	16
15	22
15	18
15	22
15	15
15	16
15	16
15	16
15	22
15	16
15	18
15	16
15	17
15	22
15	22
16	16
16	21
16	23
16	23
16	24
16	21
16	16
16	20
16	23
16	21
16	21
16	16
16	16
16	19
16	20
16	16
16	20
16	22
16	19
16	21
16	20
16	24
16	19
16	22
16	22
16	24
16	22
16	16
16	16
16	16
16	17
16	17
16	17
16	16
16	17
16	16
16	20
16	17
16	23
17	17
17	20
17	17
17	17
17	22
17	22
17	17
17	22
17	17
17	24
17	17
17	17
17	17
17	24
17	24
17	24
17	20
17	33
17	33
17	17
17	17
17	20
17	24
17	24
17	33
17	33
17	22
17	24
17	19
17	24
17	17
17	33
17	33
17	24
17	17
17	33
17	17
17	17
17	17
17	18
17	18
17	17
17	17
17	17
17	33
17	17
17	18
17	23
17	18
17	17
17	33
17	17
17	17
17	18
17	18
17	17
17	22
17	22
18	18
18	22
18	18
18	18
18	18
18	33
18	18
18	18
18	18
18	18
18	18
18	18
18	18
18	18
18	18
18	19
18	19
18	19
18	19
18	19
18	19
18	19
18	19
18	29
18	18
18	19
18	28
18	23
18	24
18	19
18	19
18	18
18	18
18	23
18	20
18	24
18	33
18	20
18	20
18	23
18	20
18	18
18	28
18	28
18	20
18	33
18	18
18	18
18	20
18	18
18	33
18	20
18	22
18	18
18	22
18	36
18	22
18	22
18	23
18	29
18	18
18	29
18	24
18	23
18	19
18	23
19	23
19	24
19	21
19	23
19	23
19	24
19	24
19	20
19	23
19	19
19	19
19	19
19	19
19	19
19	19
19	19
19	21
19	19
19	19
19	21
19	19
19	19
19	24
19	24
19	19
19	19
19	20
19	24
19	20
19	20
19	19
19	20
19	19
19	19
19	27
19	19
19	24
19	19
19	19
19	19
19	19
19	19
19	19
19	19
19	21
19	24
19	19
19	19
19	29
19	29
19	19
19	19
19	20
19	19
19	19
19	24
19	19
19	29
19	29
19	29
19	19
19	19
19	24
19	20
19	33
19	19
20	20
20	33
20	20
20	20
20	24
20	20
20	23
20	20
20	24
20	24
20	29
20	24
20	29
20	20
20	20
20	24
20	20
20	20
20	22
20	20
20	29
20	24
20	29
20	20
20	20
20	20
20	20
20	20
20	20
20	28
20	20
20	20
20	29
20	20
20	20
20	20
20	38
20	20
20	20
20	20
20	20
20	20
20	20
20	20
20	20
20	20
20	20
20	20
20	27
20	20
20	20
20	29
20	33
20	20
20	28
20	28
20	20
20	20
20	20
20	20
20	20
20	28
20	27
20	25
20	20
20	28
20	28
20	28
20	20
20	20
20	28
20	20
20	23
20	24
20	24
20	24
20	27
20	27
20	20
20	38
20	36
20	21
20	21
20	28
20	20
21	56
21	55
21	21
21	21
21	55
21	21
21	21
21	36
21	21
21	21
21	21
21	21
21	21
21	21
21	21
21	36
21	21
21	21
21	61
21	21
21	21
21	21
21	22
21	22
21	22
21	22
21	22
21	24
22	22
22	22
22	22
22	22
22	23
22	23
22	22
22	23
22	22
22	22
22	23
22	33
22	22
23	28
23	23
23	23
23	23
23	23
23	25
23	23
23	28
23	23
23	23
23	23
23	55
23	23
23	24
23	24
23	23
23	23
24	24
24	24
24	24
24	24
24	28
24	24
24	24
24	24
24	24
24	24
24	29
24	29
24	24
24	24
24	24
24	24
24	28
24	28
24	24
24	34
24	34
24	24
24	24
24	24
24	24
24	33
24	33
24	24
24	24
24	28
24	27
24	27
24	33
24	33
24	33
24	24
24	27
24	24
24	24
24	28
24	24
24	24
24	24
24	24
24	24
24	24
24	25
24	24
25	30
25	25
25	25
25	25
25	25
25	25
25	25
25	25
25	25
25	25
25	25
25	25
25	25
25	25
25	25
25	25
25	25
25	25
25	25
25	25
25	25
25	25
25	25
25	25
25	25
25	25
25	25
25	25
25	25
25	25
25	25
25	35
25	25
25	25
25	25
25	25
25	25
25	25
25	25
25	25
25	25
25	71
25	25
25	25
25	25
25	25
25	25
25	25
25	25
25	35
25	35
25	25
25	32
25	25
25	32
25	71
25	71
25	35
25	34
25	25
25	35
25	35
25	25
25	25
25	25
25	35
25	25
25	35
25	25
25	25
25	25
25	35
25	25
25	25
25	35
25	25
25	35
25	25
25	35
25	25
25	32
25	25
25	25
25	31
25	25
25	26
25	35
26	26
26	26
26	26
26	26
26	26
26	26
26	28
26	26
26	26
26	26
26	26
26	26
26	26
26	26
26	26
26	26
26	26
26	26
26	26
26	26
26	26
26	26
26	26
26	26
26	26
26	103
26	103
26	26
26	34
26	30
26	26
26	26
26	26
26	26
26	26
26	26
26	26
26	26
26	26
26	26
26	38
26	26
26	26
26	27
26	26
26	27
26	28
26	26
26	26
26	26
26	26
26	28
26	38
26	34
26	27
26	27
26	27
26	27
27	27
27	27
27	27
27	27
27	27
27	28
27	27
27	27
27	27
27	27
27	27
27	28
27	28
27	27
27	28
27	28
27	28
27	27
27	27
27	28
27	27
27	27
27	27
27	28
27	28
27	27
27	27
27	27
27	27
27	29
27	27
27	27
27	27
27	28
27	27
27	30
27	27
27	28
27	27
27	28
27	27
27	27
27	33
27	34
27	32
27	30
27	28
27	27
27	27
27	27
27	27
27	27
27	27
27	27
27	27
27	27
27	27
27	27
27	27
27	27
27	27
27	33
27	33
27	27
27	57
27	27
27	27
27	33
27	33
27	27
27	32
27	32
27	27
27	27
27	27
27	27
27	27
27	27
27	33
27	27
27	27
27	27
27	34
27	33
27	33
27	30
27	33
27	27
27	34
27	33
27	28
27	27
27	27
27	27
27	27
27	33
27	33
27	28
27	28
27	28
27	29
28	28
28	34
28	33
28	28
28	34
28	33
28	28
28	34
28	105
28	28
28	28
28	28
28	103
28	28
28	28
28	28
28	28
28	103
28	34
28	28
28	34
28	33
28	34
28	34
28	28
28	28
28	28
28	28
28	28
28	28
28	34
28	28
28	30
28	28
28	30
28	28
28	28
28	28
28	28
28	28
28	28
28	30
28	28
28	28
28	28
28	28
28	28
28	28
28	28
28	29
28	167
28	28
28	29
28	28
28	29
28	29
28	29
28	29
28	29
28	28
28	28
28	29
28	29
28	28
28	28
28	28
28	29
28	29
28	29
28	29
29	167
29	29
29	29
29	167
29	29
29	120
29	119
29	29
29	29
29	29
29	29
29	29
29	29
29	29
29	29
29	29
29	29
29	29
29	29
29	29
29	29
29	29
29	29
29	29
29	29
29	29
29	29
29	29
29	29
29	29
29	29
29	29
29	29
29	29
29	29
29	29
29	29
29	29
29	29
29	167
29	104
29	29
29	29
29	29
29	29
29	167
29	167
29	29
29	29
29	29
29	118
29	29
29	29
29	29
29	29
29	31
29	32
29	29
29	29
29	29
29	32
29	29
29	32
29	29
29	32
29	122
29	122
29	122
29	29
29	29
29	29
29	29
29	29
29	29
29	30
29	29
29	30
29	30
29	30
30	30
30	30
30	30
30	30
30	30
30	30
30	30
30	30
30	30
30	30
30	30
30	30
30	30
30	30
30	30
30	30
30	31
30	30
30	104
30	103
30	32
30	30
30	30
30	30
30	30
30	30
30	30
30	30
30	31
30	30
30	30
30	30
30	30
30	31
30	30
30	30
30	30
30	30
30	30
30	31
30	30
30	30
30	30
30	30
30	30
30	98
30	30
30	30
30	30
30	30
30	30
30	30
30	30
30	30
30	30
30	30
30	30
30	30
30	30
30	30
30	30
30	30
30	31
30	30
30	31
30	30
30	31
30	31
30	31
30	31
30	31
31	31
31	31
31	31
31	31
31	31
31	31
31	31
31	31
31	31
31	31
31	31
31	104
31	31
31	31
31	31
31	34
31	31
31	34
31	31
31	31
31	31
31	31
31	69
31	35
31	34
31	34
31	35
31	31
31	31
31	34
31	34
31	31
31	31
31	31
31	31
31	31
31	31
31	34
31	31
31	31
31	31
31	31
31	35
31	31
31	31
31	31
31	35
31	31
31	32
31	35
31	37
31	35
31	31
31	35
31	31
31	31
31	35
31	32
31	32
31	32
31	31
31	32
31	32
31	31
31	31
31	31
31	31
31	31
31	31
31	32
31	34
31	31
31	32
31	35
31	31
31	32
31	31
31	32
31	35
32	32
32	35
32	35
32	35
32	32
32	32
32	32
32	35
32	34
32	32
32	32
32	32
32	32
32	34
32	32
32	35
32	32
32	35
32	32
32	35
32	32
32	32
32	32
32	32
32	32
32	32
32	35
32	32
32	32
32	105
32	32
32	32
32	32
32	32
32	32
32	32
32	32
32	32
32	32
32	32
32	35
32	32
32	71
32	32
32	32
32	32
32	32
32	32
32	32
32	32
32	32
32	32
32	71
32	32
32	32
32	32
32	32
32	32
32	32
32	32
32	32
32	32
32	32
32	35
32	32
32	32
32	74
32	71
32	32
32	32
32	32
32	71
32	32
32	32
32	32
32	32
32	32
32	32
32	58
32	32
32	32
32	32
32	70
32	70
32	34
32	33
32	32
32	71
32	39
32	35
32	32
32	71
32	35
32	32
32	39
32	39
32	39
32	33
32	33
32	59
33	33
33	59
33	33
33	59
33	59
33	59
33	33
33	33
33	33
33	34
33	33
33	33
33	33
33	33
33	33
33	60
33	69
33	59
33	33
33	33
33	33
33	70
33	69
33	33
33	72
33	33
33	60
33	72
33	60
33	33
33	33
33	41
33	64
33	60
33	59
33	33
33	64
33	33
33	33
33	72
33	33
33	33
33	33
33	33
33	33
33	58
33	59
33	58
33	59
33	59
33	33
33	72
33	72
33	33
33	33
33	33
33	60
33	33
33	33
33	70
33	60
33	33
33	59
33	72
33	33
33	47
33	33
33	33
33	59
33	70
33	33
33	33
33	59
33	59
33	33
33	33
33	39
33	39
33	33
33	58
33	33
33	57
33	33
33	70
33	66
33	33
33	167
33	33
33	57
33	57
33	33
33	34
33	47
33	57
33	71
34	34
34	69
34	40
34	39
34	34
34	39
34	39
34	56
34	40
34	69
34	34
34	34
34	34
34	40
34	35
34	34
34	35
34	34
34	34
34	35
34	34
34	34
34	51
34	34
34	66
34	57
34	34
34	34
34	34
34	35
34	66
34	35
34	34
34	34
34	34
34	34
34	35
34	34
34	34
34	34
34	35
34	34
34	34
34	34
34	35
34	34
34	34
34	34
34	34
35	35
35	35
35	35
35	35
35	35
35	35
35	35
35	35
35	35
35	35
35	75
35	35
35	35
35	35
35	35
35	35
35	35
35	35
35	35
35	35
35	75
35	73
35	35
35	35
35	59
35	35
35	35
35	35
35	35
35	73
35	35
35	35
35	35
35	35
35	73
35	35
35	35
35	35
35	70
35	35
35	35
35	35
35	35
35	35
35	35
35	35
35	35
35	35
35	35
35	35
35	35
35	35
35	65
35	45
35	36
35	70
35	70
35	35
35	36
35	73
35	71
35	35
35	71
35	36
35	73
35	73
35	36
35	73
35	73
35	65
35	35
35	52
35	57
35	70
35	57
35	57
35	73
35	57
36	65
36	36
36	57
36	44
36	36
36	36
36	65
36	73
36	70
36	36
36	70
36	36
36	40
36	36
36	55
36	36
36	70
36	70
36	56
36	65
36	36
36	36
36	40
36	45
36	65
36	56
36	36
36	36
36	44
36	63
36	36
36	36
36	36
36	41
36	36
36	55
36	36
36	42
36	36
36	63
36	36
36	36
36	36
36	36
36	36
36	36
36	42
36	63
36	36
36	40
36	40
36	40
36	55
36	36
36	37
36	40
36	37
36	55
36	37
36	39
36	41
36	48
36	42
36	68
37	39
37	68
37	68
37	39
37	37
37	41
37	48
37	66
37	68
37	37
37	56
37	66
37	40
37	91
37	66
37	37
37	69
37	37
37	37
37	38
37	37
37	37
37	37
37	37
37	37
37	37
37	37
37	37
37	37
37	37
37	93
37	37
37	90
37	54
37	92
37	52
37	37
37	90
37	45
37	53
37	45
37	92
37	92
37	92
37	38
37	90
38	54
38	53
38	38
38	68
38	38
38	38
38	38
38	61
38	52
38	38
38	38
38	53
38	38
38	68
38	38
38	38
38	38
38	38
38	38
38	96
38	38
38	38
38	45
38	38
38	38
38	90
38	53
38	53
38	51
38	38
38	38
38	45
38	51
38	90
38	38
38	53
38	92
38	90
38	38
38	38
38	45
38	53
38	51
38	38
38	38
38	38
38	38
38	90
38	92
38	38
38	38
38	89
38	39
38	38
38	69
39	69
39	39
39	68
39	39
39	66
39	39
39	39
39	58
39	39
39	39
39	39
39	39
39	39
39	58
39	65
39	58
39	69
39	58
39	42
39	39
39	58
39	39
39	56
39	41
39	66
39	48
39	48
39	39
39	52
39	48
39	69
39	69
39	42
39	48
39	68
39	41
39	39
39	57
39	55
39	56
39	40
39	39
39	66
39	41
39	48
39	57
39	69
39	89
39	55
39	89
39	68
39	68
40	40
40	40
40	56
40	55
40	40
40	40
40	56
40	56
40	56
40	40
40	40
40	56
40	66
40	40
40	56
40	67
40	40
40	69
40	41
40	41
41	42
41	42
41	41
41	41
41	41
41	56
41	41
41	53
41	48
41	42
41	63
41	41
41	41
41	63
41	41
41	58
41	68
41	41
41	41
41	56
41	68
41	63
41	53
41	57
41	63
41	43
41	44
41	41
41	66
41	69
41	68
41	67
41	67
42	53
42	53
42	43
42	68
42	42
42	42
42	52
42	53
42	43
42	53
42	66
42	64
42	42
42	52
42	53
42	42
42	42
42	42
42	42
42	46
42	58
42	43
42	42
42	57
42	70
42	66
42	43
42	43
42	65
42	42
42	42
42	53
42	53
42	47
42	67
42	63
42	63
42	43
42	65
42	43
42	46
42	44
42	44
42	64
42	43
42	64
42	43
42	43
43	43
43	43
43	43
43	43
43	43
43	44
43	43
43	43
43	46
43	65
43	73
43	44
43	43
43	43
43	67
43	67
43	44
43	73
43	73
43	73
43	43
43	68
43	57
43	68
43	73
43	67
43	65
43	43
43	43
43	43
43	46
43	68
43	73
43	43
43	66
43	72
43	43
43	67
43	43
43	66
43	73
43	43
43	47
43	64
43	64
44	67
44	64
44	44
44	73
44	73
44	44
44	46
44	73
44	65
44	45
44	46
44	44
44	44
44	71
44	44
44	63
44	44
44	44
44	44
44	44
44	63
44	45
44	55
44	63
44	44
44	64
44	44
44	44
44	45
44	45
44	44
44	45
44	44
44	44
44	45
44	44
44	45
44	60
44	44
44	63
44	54
44	60
45	60
45	45
45	45
45	45
45	45
45	45
45	45
45	45
45	45
45	45
45	60
45	45
45	45
45	65
45	45
45	45
45	63
45	63
45	69
45	51
45	83
45	47
45	46
45	48
45	45
45	45
45	45
45	45
45	45
45	45
45	46
45	122
45	47
45	50
45	45
45	48
45	45
45	45
45	83
45	45
45	45
45	45
45	92
45	46
45	89
45	46
45	46
46	46
46	92
46	92
46	89
46	82
46	48
46	87
46	83
46	49
46	47
46	65
46	47
46	46
46	47
46	46
46	93
46	65
46	67
46	49
46	58
46	49
46	52
46	48
46	48
46	47
46	46
46	46
46	47
46	46
46	48
46	49
46	82
46	49
46	82
46	50
46	50
47	50
47	47
47	65
47	58
47	80
47	47
47	47
47	47
47	65
47	47
47	47
47	65
47	49
47	72
47	69
47	82
47	68
47	51
47	48
48	57
48	58
48	48
48	58
48	48
48	69
48	57
48	48
48	48
48	48
48	93
48	48
48	82
48	82
48	48
48	68
48	93
48	48
48	69
48	48
48	48
48	92
48	81
48	70
48	48
48	58
48	118
48	93
48	57
48	48
48	48
48	48
48	92
48	48
48	48
48	48
48	90
48	93
48	48
48	93
48	51
49	93
49	92
49	92
49	71
49	93
49	92
49	92
49	51
49	51
49	51
49	107
49	50
49	93
49	49
49	126
49	49
49	126
49	82
49	49
49	49
49	49
49	49
49	85
49	49
49	49
49	49
49	77
49	49
49	49
49	118
49	49
49	49
49	49
49	49
49	93
49	77
49	62
49	119
49	49
49	49
49	81
49	49
49	92
49	49
49	49
49	78
49	49
49	78
49	78
49	50
49	105
49	78
49	79
49	49
49	81
49	50
49	78
49	104
49	49
49	50
49	104
49	103
49	67
49	50
49	50
49	103
49	50
49	50
49	49
49	50
49	49
49	50
49	50
49	50
49	50
49	104
49	50
50	50
50	79
50	50
50	74
50	103
50	103
50	50
50	50
50	104
50	50
50	122
50	50
50	107
50	107
50	107
50	50
50	112
50	107
50	54
50	50
50	50
50	122
50	50
50	50
50	68
50	122
50	107
50	50
50	68
50	68
50	107
50	100
50	50
50	103
50	61
50	51
50	103
50	107
50	50
50	68
50	75
50	51
50	95
50	51
50	51
50	50
50	50
50	103
50	103
50	51
50	50
50	53
51	51
51	103
51	51
51	103
51	68
51	51
51	52
51	52
51	51
51	51
51	119
51	119
51	51
51	51
51	51
51	52
51	69
51	51
51	67
51	51
51	67
51	52
51	51
51	103
51	51
51	51
51	52
51	51
51	51
51	52
51	52
51	51
51	52
51	51
51	52
51	52
51	51
51	52
51	52
51	69
51	51
51	52
51	51
51	51
51	51
51	51
51	52
51	52
51	52
52	62
52	52
52	121
52	52
52	52
52	52
52	52
52	52
52	52
52	52
52	52
52	52
52	52
52	53
52	52
52	69
52	68
52	68
52	52
52	52
52	68
52	68
52	68
52	69
52	69
52	70
52	52
52	52
52	67
52	52
52	52
52	67
52	52
52	52
52	70
52	67
52	52
52	52
52	52
52	70
52	52
52	52
52	52
52	70
52	70
52	52
52	70
52	53
52	52
52	53
52	65
52	70
52	52
52	53
52	66
52	53
52	53
52	53
52	52
52	53
52	54
52	55
53	54
53	77
53	70
53	70
53	70
53	53
53	53
53	53
53	53
53	70
53	53
53	54
53	70
53	119
53	54
53	53
53	65
53	53
53	70
53	70
53	68
53	53
53	68
53	53
53	53
53	53
53	54
53	63
53	63
53	65
53	56
53	54
54	54
54	54
54	54
54	54
54	59
54	54
54	57
54	54
54	60
54	54
54	54
54	77
54	76
54	76
54	77
54	77
54	54
54	76
54	54
54	77
54	54
54	76
54	54
54	54
54	56
54	56
54	54
54	77
54	54
54	54
54	75
54	56
54	56
54	57
54	56
54	58
54	60
54	54
55	55
55	55
55	56
55	55
55	77
55	56
55	77
55	60
55	55
55	75
55	55
55	62
55	58
55	55
55	67
55	55
55	60
55	56
56	56
56	75
56	56
56	56
56	57
56	56
56	74
56	57
56	56
56	56
56	56
56	58
56	76
56	77
56	76
56	69
56	68
56	56
56	58
56	69
56	56
56	58
56	56
56	63
56	58
57	57
57	58
57	58
57	58
57	57
57	68
57	60
57	68
57	71
57	58
57	76
57	68
57	57
57	68
57	57
57	57
57	69
57	57
57	74
57	58
57	69
57	74
57	57
57	70
57	58
57	58
57	71
57	74
57	66
57	58
57	57
57	58
57	66
57	57
57	70
57	59
57	70
57	58
57	70
57	70
57	70
57	69
57	68
57	68
57	58
57	74
57	57
57	69
57	59
57	74
57	68
58	58
58	58
58	58
58	58
58	62
58	65
58	60
58	65
58	58
58	58
58	58
58	58
58	58
58	75
58	58
58	75
58	58
58	59
58	58
58	58
58	58
58	69
58	77
58	70
58	59
58	58
58	59
58	75
58	69
58	58
58	69
58	65
58	74
58	70
58	58
58	58
58	58
58	69
58	75
58	69
58	69
58	58
58	58
58	58
58	58
58	70
59	70
59	75
59	65
59	59
59	59
59	59
59	74
59	65
59	59
59	68
59	59
59	59
59	59
59	59
59	75
59	81
59	59
59	59
59	75
59	75
59	76
59	75
59	76
59	59
59	59
59	59
59	76
59	60
59	76
59	59
59	77
59	60
59	59
59	76
59	76
59	59
59	59
59	70
59	59
59	59
59	76
59	59
59	59
59	59
59	75
59	75
59	59
59	76
59	59
59	59
59	59
59	60
59	59
59	64
59	65
59	72
59	59
59	59
59	65
59	65
59	65
59	59
59	72
59	72
59	60
59	60
60	60
60	60
60	60
60	60
60	72
60	60
60	63
60	61
60	62
60	60
60	60
60	60
60	62
60	60
60	60
60	107
60	62
60	62
60	60
60	60
60	62
60	62
60	61
60	60
60	62
60	90
60	60
60	74
60	90
60	74
60	62
60	74
60	90
60	60
60	60
60	62
60	61
60	90
60	60
60	62
60	115
60	60
60	62
60	114
60	60
60	62
60	62
60	114
60	90
60	60
60	90
60	62
60	60
60	61
60	107
60	61
60	61
60	61
60	107
60	60
60	74
60	61
61	83
61	113
61	90
61	74
61	61
61	74
61	61
61	90
61	61
61	74
61	107
61	107
61	61
61	74
61	74
61	107
61	61
61	89
61	61
61	107
61	114
61	68
61	61
61	61
61	61
61	90
61	62
61	107
61	115
61	61
61	61
61	107
61	61
61	61
61	61
61	61
61	107
61	61
61	107
61	61
61	102
61	74
61	73
61	62
61	61
61	74
61	61
61	74
61	102
62	62
62	102
62	102
62	62
62	62
62	62
62	74
62	62
62	63
62	74
62	62
62	74
62	77
62	62
62	78
62	63
62	96
62	62
62	62
62	62
62	102
62	62
62	98
62	75
62	75
62	62
62	89
62	98
62	62
62	64
62	103
62	62
62	62
62	98
62	102
62	84
62	63
62	74
62	62
62	74
62	63
62	63
62	102
62	76
62	98
62	84
62	63
62	63
62	63
62	63
62	96
62	62
62	101
62	64
62	83
63	81
63	97
63	63
63	63
63	84
63	63
63	63
63	96
63	63
63	64
63	63
63	113
63	81
63	80
63	64
63	79
63	78
63	74
63	97
63	79
63	97
63	84
63	77
63	63
63	96
63	116
63	64
63	97
63	95
63	63
63	96
63	105
63	97
63	81
63	116
63	63
63	64
63	101
63	81
63	63
63	96
63	116
63	64
64	102
64	64
64	64
64	64
64	99
64	79
64	98
64	98
64	99
64	64
64	79
64	100
64	64
64	64
64	64
64	73
64	64
64	64
64	74
64	64
64	82
64	82
64	74
64	83
64	74
64	64
64	83
64	64
64	73
64	76
64	64
64	82
64	64
64	75
64	75
64	74
64	101
64	112
64	64
64	112
64	76
64	64
64	73
64	72
64	65
65	73
65	65
65	73
65	73
65	65
65	65
65	65
65	72
65	73
65	72
65	65
65	69
65	73
65	65
65	73
65	65
65	65
65	70
65	65
65	65
65	72
65	70
65	65
65	65
65	91
65	72
65	65
65	65
65	70
65	65
65	69
65	69
65	70
65	65
65	65
65	67
65	65
65	66
66	66
66	70
66	70
66	66
66	70
66	66
66	66
66	70
66	70
66	66
66	72
66	70
66	66
66	66
66	66
66	71
66	69
66	68
66	69
66	69
66	66
66	66
66	89
66	68
66	69
66	68
67	70
67	69
67	70
67	67
67	67
67	70
67	68
67	67
67	68
67	67
67	67
67	68
67	68
67	68
67	67
67	67
67	67
67	67
67	67
67	67
67	67
67	67
67	67
67	67
67	68
67	68
67	70
68	72
68	89
68	69
68	68
68	68
68	68
68	69
68	68
68	68
68	69
68	69
68	68
68	68
68	69
68	68
68	69
68	68
68	68
68	68
68	68
68	68
68	68
68	68
68	70
68	70
68	68
68	69
68	69
68	69
68	68
68	69
68	107
68	69
68	69
68	69
68	68
68	69
68	68
68	70
69	69
69	69
69	69
69	69
69	70
69	69
69	69
69	70
69	69
69	70
69	70
69	69
69	69
69	69
69	69
69	69
69	69
69	69
69	69
69	69
69	69
69	121
69	72
69	69
69	69
69	69
69	70
70	72
70	70
70	121
70	72
70	70
70	70
70	70
70	70
70	70
70	70
70	70
70	70
70	70
70	70
70	72
70	70
70	72
70	70
70	72
70	72
70	72
70	71
70	70
70	70
70	70
70	70
70	71
70	70
70	73
70	70
70	70
70	73
70	70
70	71
70	71
70	71
70	71
70	71
70	71
70	70
70	70
70	70
70	70
70	70
70	71
70	70
70	71
71	71
71	71
71	71
71	72
71	73
71	71
71	71
71	83
71	73
71	71
71	71
71	73
71	71
71	71
71	71
71	71
71	71
71	71
71	71
71	72
71	71
71	71
71	71
71	71
71	72
71	71
71	71
71	71
71	71
71	71
71	71
71	72
71	72
71	72
71	71
71	71
71	121
71	71
71	71
71	72
71	72
71	72
71	71
71	71
71	72
71	72
71	72
71	71
71	72
71	71
71	71
71	71
71	71
71	91
72	72
72	72
72	72
72	72
72	72
72	84
72	121
72	72
72	72
72	121
72	72
72	72
72	72
72	72
72	72
72	72
72	73
72	79
72	91
72	81
72	72
72	72
72	72
72	72
72	72
72	80
72	99
72	72
72	72
72	80
72	79
72	72
72	72
72	72
72	72
72	72
72	117
72	98
72	98
72	72
72	98
72	72
72	72
72	72
72	98
72	98
72	72
72	72
72	72
72	73
72	73
72	73
73	73
73	73
73	73
73	121
73	73
73	73
73	73
73	82
73	83
73	73
73	73
73	73
73	73
73	73
73	82
73	73
73	73
73	83
73	73
73	73
73	73
73	73
73	73
73	73
73	73
73	73
73	73
73	83
73	73
73	81
73	74
73	74
74	74
74	74
74	74
74	101
74	74
74	74
74	74
74	76
74	79
74	82
74	83
74	101
74	101
74	102
74	102
74	102
74	74
74	74
74	74
74	102
74	102
74	102
74	74
74	74
74	74
74	107
74	107
74	107
74	74
74	74
74	74
74	74
74	74
74	74
74	75
74	75
74	75
74	76
74	75
75	77
75	102
75	76
75	76
75	77
75	75
75	76
75	75
75	76
75	76
75	75
75	75
75	75
75	76
75	75
75	75
75	75
75	82
75	75
75	76
75	75
75	82
75	75
75	82
75	75
75	75
75	98
75	75
75	75
75	75
75	75
75	75
75	75
75	75
75	75
75	75
75	75
75	75
75	75
75	75
75	76
75	172
75	76
75	75
76	77
76	76
76	76
76	76
76	76
76	101
76	76
76	76
76	76
76	101
76	76
76	154
76	76
76	76
76	91
76	91
76	76
76	76
76	76
76	76
76	80
76	83
76	77
76	101
76	76
76	99
76	76
76	76
76	76
76	93
76	81
76	81
76	91
76	76
76	113
76	91
76	115
76	91
76	81
76	76
76	91
76	80
76	115
76	80
76	77
76	80
76	76
76	76
76	99
76	80
76	76
76	77
76	76
76	91
76	90
76	76
76	113
76	113
76	76
76	116
76	85
76	87
76	77
76	108
76	76
76	115
76	108
76	76
76	117
76	117
76	102
76	77
76	97
76	77
77	105
77	116
77	99
77	98
77	101
77	105
77	77
77	77
77	77
77	102
77	77
77	77
77	77
77	77
77	105
77	77
77	77
77	105
77	77
77	105
77	84
77	77
77	99
77	105
77	77
77	77
77	77
77	77
77	77
77	77
77	77
77	77
77	104
77	77
77	84
77	77
77	112
77	84
77	77
77	116
77	84
77	79
77	77
77	83
77	116
77	77
77	99
77	77
78	83
78	99
78	97
78	79
78	78
78	84
78	104
78	79
78	94
78	100
78	102
78	84
78	104
78	78
78	104
78	84
78	78
78	84
78	123
78	79
78	104
78	104
78	78
78	78
78	78
78	94
78	79
78	78
78	79
78	79
78	117
78	78
78	79
78	85
78	122
78	116
78	122
78	81
78	97
78	79
78	118
78	78
78	92
78	82
78	114
78	98
78	79
78	96
78	85
78	82
78	82
78	98
78	82
78	104
78	78
78	105
78	86
78	104
78	82
78	104
78	104
78	128
78	104
78	97
78	79
78	78
79	79
79	123
79	79
79	99
79	79
79	79
79	79
79	79
79	79
79	104
79	97
79	95
79	154
79	84
79	122
79	122
79	105
79	79
79	122
79	116
79	79
79	79
79	125
79	104
79	84
79	168
79	155
79	82
79	168
79	108
79	79
79	108
79	108
79	108
79	103
79	95
79	84
79	107
79	79
79	107
79	79
79	80
79	79
79	99
79	107
79	173
79	103
79	79
79	79
79	106
79	103
79	161
79	162
79	162
79	80
79	164
79	173
79	80
79	162
79	162
79	99
79	162
79	106
79	162
79	99
79	106
79	162
79	80
79	98
79	117
79	161
80	161
80	83
80	165
80	164
80	99
80	80
80	161
80	95
80	80
80	95
80	173
80	107
80	99
80	113
80	112
80	173
80	80
80	173
80	117
80	80
80	83
80	98
80	162
80	117
80	162
80	96
80	80
80	80
80	80
80	106
80	163
80	80
80	116
80	80
80	80
80	105
80	124
80	91
80	80
80	124
80	124
80	82
80	124
80	124
80	80
80	80
80	80
80	99
80	153
80	100
80	99
80	159
80	97
80	117
80	105
80	80
80	153
80	105
80	114
80	80
80	80
80	82
80	81
80	82
80	113
80	80
80	82
80	82
80	98
80	81
80	152
81	93
81	81
81	81
81	115
81	84
81	88
81	84
81	81
81	81
81	82
81	118
81	104
81	101
81	84
81	112
81	91
81	81
81	81
81	104
81	104
81	88
81	115
81	81
81	115
81	82
81	85
81	82
81	81
81	81
81	81
81	81
81	82
81	82
81	83
82	114
82	82
82	82
82	114
82	98
82	82
82	92
82	84
82	103
82	98
82	82
82	82
82	82
82	83
82	82
82	83
82	83
82	98
82	83
82	82
82	82
82	82
82	83
82	98
82	98
82	87
82	82
82	83
82	83
82	83
82	83
82	91
82	82
82	83
83	87
83	87
83	83
83	87
83	83
83	87
83	87
83	87
83	84
83	92
83	109
83	109
83	89
83	83
83	83
83	83
83	83
83	99
83	168
83	99
83	109
83	109
83	83
83	109
83	109
83	84
83	110
83	110
83	83
83	83
84	168
84	109
84	84
84	97
84	101
84	102
84	112
84	84
84	98
84	97
84	84
84	99
84	89
84	99
84	102
84	102
84	103
84	108
84	127
84	84
84	102
84	110
84	84
84	165
84	84
84	102
84	84
84	102
84	84
84	84
84	84
84	112
84	84
84	84
84	102
84	84
84	84
84	143
84	112
84	102
84	84
84	84
84	84
84	84
84	84
84	84
84	84
84	84
84	85
84	112
84	104
84	104
84	112
84	104
84	109
84	135
84	104
84	105
84	87
84	165
84	85
84	85
84	85
84	85
85	112
85	112
85	112
85	112
85	105
85	85
85	96
85	112
85	127
85	127
85	105
85	105
85	85
85	85
85	104
85	104
85	98
85	98
85	117
85	98
85	117
85	117
85	117
85	85
85	117
85	87
85	106
85	87
85	114
85	96
85	96
85	86
85	96
85	108
85	96
85	118
85	86
85	85
85	118
85	85
85	101
85	107
85	108
85	85
85	116
85	86
85	96
85	118
85	112
85	109
85	112
85	121
85	86
85	86
85	108
85	85
85	86
85	138
85	85
85	107
85	85
85	85
85	108
85	155
85	139
85	89
85	137
85	112
85	85
85	112
85	110
85	111
86	111
86	86
86	86
86	117
86	89
86	86
86	117
86	86
86	117
86	86
86	86
86	86
86	137
86	108
86	112
86	86
86	88
86	140
86	110
86	93
86	86
86	108
86	93
86	118
86	118
86	117
86	140
86	86
86	112
86	86
86	118
86	137
86	137
86	118
86	118
86	118
86	118
86	86
86	87
86	86
86	108
86	87
86	86
86	86
86	88
86	108
87	117
87	109
87	87
87	126
87	108
87	126
87	126
87	87
87	87
87	87
87	87
87	87
87	112
87	87
87	87
87	106
87	87
87	88
87	122
87	87
87	87
87	117
87	117
87	87
87	112
87	116
87	113
87	87
87	87
87	116
87	116
87	100
87	99
88	107
88	88
88	100
88	112
88	91
88	88
88	88
88	112
88	88
88	88
88	110
88	88
88	88
88	88
88	88
88	114
88	88
88	118
88	88
88	88
88	94
88	141
88	92
88	109
89	89
89	154
89	118
89	109
89	89
89	89
89	117
89	89
89	91
89	112
89	125
89	100
89	89
89	112
89	100
89	115
89	93
89	93
89	95
89	113
89	117
89	117
89	89
89	114
89	90
89	115
89	89
89	90
89	89
89	107
90	90
90	90
90	90
90	115
90	90
90	90
90	90
90	92
90	114
90	115
90	90
90	115
90	90
90	115
90	91
90	90
90	114
90	90
90	114
90	91
90	91
90	90
90	91
90	90
90	90
90	90
91	91
91	91
91	91
91	91
91	91
91	113
91	91
91	91
91	91
91	91
91	91
91	91
91	91
91	91
91	91
91	91
91	91
91	91
91	91
91	91
91	91
91	91
91	91
91	91
91	91
91	91
91	91
91	91
91	91
91	91
91	91
91	91
91	108
91	115
91	136
91	91
91	91
91	113
91	91
91	91
91	91
91	91
91	91
91	91
91	121
91	91
91	121
91	91
91	109
91	91
91	91
91	93
91	92
91	91
91	121
91	91
91	93
91	94
91	112
91	112
91	121
91	93
91	91
91	155
91	155
91	93
91	93
91	92
91	93
91	146
91	91
92	121
92	130
92	110
92	122
92	105
92	121
92	93
92	92
92	155
92	93
92	130
92	93
92	110
92	130
92	94
92	121
92	94
92	146
92	92
92	92
92	92
92	125
92	113
92	92
92	92
92	146
92	141
92	92
92	92
92	134
92	92
92	134
92	125
92	119
92	134
92	92
92	93
92	93
92	92
92	95
92	138
92	92
92	92
92	134
92	125
92	126
92	92
92	123
92	124
92	92
92	133
92	92
92	92
92	93
92	92
92	92
92	92
92	92
92	93
92	123
92	92
92	133
92	124
92	133
92	109
92	133
92	138
92	125
92	120
92	125
92	125
92	125
92	118
92	124
92	146
92	92
92	92
92	124
92	112
92	112
92	92
92	93
92	93
92	92
92	93
92	93
92	93
92	133
92	93
92	140
92	109
93	109
93	93
93	140
93	93
93	93
93	104
93	93
93	93
93	93
93	93
93	145
93	154
93	93
93	93
93	93
93	93
93	93
93	93
93	93
93	93
93	109
93	93
93	93
93	93
93	93
93	138
93	109
93	93
93	93
93	93
93	93
93	93
93	93
93	94
93	93
93	94
93	93
93	118
93	93
93	93
93	117
93	93
93	93
93	124
93	93
93	124
93	93
93	154
93	93
93	93
93	112
93	93
93	118
93	93
93	93
93	123
93	104
93	93
93	130
93	118
93	93
93	112
93	94
93	104
93	93
93	118
93	123
94	122
94	105
94	118
94	118
94	94
94	104
94	146
94	104
94	124
94	118
94	94
94	104
94	112
94	118
94	124
94	94
94	112
94	94
94	153
94	118
94	110
94	94
94	94
94	110
94	125
94	122
94	120
94	122
94	118
94	146
94	117
94	125
94	94
94	122
94	94
94	112
94	94
94	94
94	94
94	141
94	104
94	118
94	118
94	97
94	94
94	94
94	123
94	94
94	94
94	119
94	122
94	110
94	94
94	97
94	97
94	94
94	94
94	112
94	118
94	110
94	118
94	110
94	121
94	110
94	110
94	112
94	121
94	118
94	97
94	123
94	98
94	117
94	117
94	154
94	154
94	118
94	123
94	122
94	110
94	110
94	125
94	122
94	130
94	146
94	95
94	123
94	94
94	104
94	123
94	97
94	125
95	125
95	125
95	123
95	123
95	97
95	130
95	125
95	114
95	126
95	123
95	95
95	95
95	95
95	103
95	122
95	134
95	122
95	122
95	133
95	133
95	133
95	133
95	95
95	123
95	122
95	95
95	95
95	95
95	96
95	127
95	95
95	95
95	127
95	106
95	128
95	95
95	111
95	97
95	96
95	113
95	110
95	122
95	100
95	100
95	114
95	114
95	114
95	95
95	104
95	99
95	127
95	97
95	97
95	99
95	97
95	95
95	96
96	148
96	113
96	96
96	96
96	97
96	98
96	96
96	148
96	127
96	96
96	96
96	104
96	105
96	114
96	114
96	105
96	114
96	96
96	126
96	116
96	97
96	114
96	96
96	112
96	114
96	114
96	96
96	99
96	113
96	127
96	116
96	127
96	148
96	113
96	116
96	116
96	116
96	149
96	97
96	96
96	149
97	99
97	97
97	113
97	127
97	116
97	97
97	97
97	127
97	97
97	149
97	149
97	97
97	98
97	97
97	114
97	110
97	97
97	98
97	97
97	114
97	116
97	116
97	97
97	117
97	111
97	98
97	98
97	97
97	138
97	138
98	98
98	98
98	98
98	98
98	103
98	98
98	103
98	98
98	116
98	109
98	113
98	98
98	126
98	108
98	101
99	129
99	99
99	99
99	101
99	109
99	113
99	99
99	109
99	115
99	126
99	99
99	113
99	99
99	107
99	101
99	113
99	99
99	99
99	125
99	110
99	127
99	100
99	123
99	137
99	112
99	116
99	117
99	116
99	115
99	116
99	134
99	99
99	99
99	103
99	123
100	122
100	104
100	100
100	122
100	100
100	100
100	110
100	122
100	102
100	110
100	100
100	117
100	100
100	102
100	117
100	100
100	100
100	100
100	102
100	101
100	112
100	102
101	102
101	115
101	117
101	115
101	111
101	115
101	101
101	115
101	116
101	101
101	101
101	101
101	116
101	101
101	116
101	101
101	102
101	102
101	101
101	101
101	101
101	101
101	101
101	101
101	101
101	101
101	101
101	101
101	101
101	102
101	101
101	102
101	101
101	102
101	102
101	116
101	103
102	102
102	102
102	105
102	102
102	102
102	102
102	102
102	102
102	102
102	103
102	102
102	103
102	152
102	102
102	102
102	102
102	102
102	103
102	102
102	102
102	102
102	102
102	102
102	105
102	102
102	102
102	102
102	105
102	102
102	102
102	102
102	102
102	103
102	117
102	122
102	103
102	103
102	103
102	102
102	123
102	103
102	122
103	103
103	114
103	103
103	103
103	103
103	103
103	103
103	103
103	103
103	103
103	103
103	123
103	103
103	103
103	103
103	123
103	103
103	103
103	103
103	103
103	103
103	103
103	103
103	103
103	104
103	103
103	103
103	104
103	103
103	103
103	103
103	103
103	103
103	103
103	122
103	103
103	103
103	154
103	103
103	127
103	103
103	127
103	104
103	104
103	127
103	120
104	104
104	104
104	153
104	127
104	154
104	105
104	104
104	128
104	128
104	128
104	104
104	104
104	128
104	104
104	105
104	104
104	105
104	105
104	128
104	127
104	127
104	104
104	127
104	128
104	122
104	104
104	127
104	127
104	128
104	104
104	130
104	127
104	122
104	104
104	104
104	104
104	122
104	125
104	104
104	127
104	128
104	128
104	104
104	122
104	104
104	127
104	104
104	104
104	127
104	104
104	127
104	127
104	128
104	104
104	118
104	118
104	104
104	104
104	119
104	121
104	120
104	120
104	154
104	104
104	105
104	105
104	120
104	120
104	105
104	105
104	112
104	104
104	104
105	105
105	117
105	105
105	116
105	105
105	105
105	105
105	105
105	105
105	105
105	105
105	105
105	105
105	105
105	105
105	105
105	112
105	172
105	125
105	117
105	105
105	105
105	105
105	105
105	125
105	105
105	105
105	125
105	118
105	105
105	140
105	117
105	111
105	117
105	124
105	105
105	105
105	105
105	106
105	126
105	110
105	160
105	135
105	137
105	125
105	106
106	106
106	151
106	106
106	117
106	112
106	125
106	106
106	125
106	106
106	172
106	172
106	125
106	162
106	162
106	129
106	124
106	129
106	106
106	166
106	106
106	163
106	107
106	106
106	106
106	153
106	162
106	106
106	106
106	111
106	106
106	106
106	111
106	106
106	161
106	106
106	128
106	164
106	130
106	117
106	155
106	162
106	162
106	162
106	161
106	106
106	111
106	130
106	162
106	106
106	106
106	121
106	161
106	172
106	117
106	107
106	173
107	139
107	139
107	107
107	173
107	170
107	170
107	107
107	107
107	107
107	107
107	107
107	172
107	107
107	107
107	171
107	172
107	107
107	107
107	171
107	107
107	107
107	171
107	171
107	107
107	172
107	107
107	107
107	168
107	107
107	107
107	107
107	113
108	108
108	108
108	108
108	112
108	108
108	108
108	155
108	108
108	118
108	108
108	108
108	140
108	108
108	116
108	118
108	108
108	108
108	117
108	108
108	115
108	108
108	140
108	109
108	108
108	109
108	126
108	108
109	131
109	117
109	118
109	117
109	111
109	109
109	109
109	123
109	109
109	109
109	124
109	109
109	112
109	109
109	139
109	109
109	123
109	123
109	133
109	109
109	109
109	133
109	133
109	109
109	124
109	112
109	123
109	124
109	110
109	110
109	110
110	112
110	130
110	110
110	110
110	112
110	119
110	118
110	131
110	114
110	112
110	110
110	130
110	121
110	127
110	110
110	110
110	122
110	122
110	112
110	165
110	122
110	110
110	145
110	148
110	155
110	130
110	112
110	130
110	112
110	112
110	112
110	110
110	112
110	122
110	130
110	153
110	124
110	130
110	130
110	110
110	130
110	127
110	110
110	111
110	130
110	135
110	110
110	110
110	112
110	110
110	127
110	113
110	163
110	135
110	111
110	126
110	111
110	110
110	112
110	117
110	111
110	118
110	127
110	117
110	111
111	112
111	118
111	124
111	111
111	141
111	133
111	112
111	133
111	112
111	127
111	112
111	127
111	113
111	127
111	127
111	133
111	112
111	112
111	111
111	112
111	113
111	112
111	127
111	149
111	127
111	149
111	163
111	147
111	148
111	140
111	149
112	140
112	126
112	126
112	130
112	112
112	112
112	112
112	112
112	112
112	112
112	112
112	112
112	114
112	164
112	112
112	122
112	130
112	112
112	127
112	112
112	112
112	124
112	115
112	112
112	112
112	114
112	117
112	135
112	130
112	116
112	125
112	112
112	125
112	114
112	112
112	118
112	117
112	113
112	112
112	137
113	113
113	113
113	116
113	151
113	151
113	133
113	148
113	113
113	133
113	133
113	127
113	113
113	127
113	127
113	149
113	136
113	127
113	113
113	113
113	113
113	148
113	116
113	126
113	117
113	116
113	149
113	116
113	124
113	115
113	127
113	127
113	116
113	114
113	149
113	127
113	115
113	114
113	152
113	152
113	127
113	135
113	127
113	127
113	113
113	113
113	113
113	114
113	113
113	133
113	113
113	113
113	127
113	133
114	115
114	127
114	127
114	114
114	118
114	118
114	118
114	117
114	125
114	117
114	114
114	114
114	114
114	126
114	127
114	126
114	114
114	126
114	114
114	114
114	114
114	114
114	114
114	114
114	114
114	114
114	114
114	114
114	114
114	127
114	115
114	130
114	114
114	115
114	114
114	141
114	123
114	125
114	114
114	114
114	114
114	133
114	123
114	114
114	123
114	122
115	115
115	117
115	117
115	116
115	115
115	115
115	136
115	115
115	115
115	143
115	115
115	115
115	137
115	152
115	137
115	135
115	151
115	152
115	152
115	141
115	134
115	115
115	115
115	154
115	154
115	154
115	115
115	115
115	115
115	123
115	115
115	115
115	115
115	115
115	117
115	116
115	116
115	134
115	117
115	115
115	137
115	143
115	141
115	115
115	116
115	136
115	133
115	115
115	116
116	116
116	143
116	152
116	116
116	141
116	118
116	118
116	134
116	134
116	116
116	134
116	133
116	134
116	116
116	116
116	116
116	116
116	156
116	143
116	116
116	136
116	143
116	116
116	116
116	116
116	116
116	117
116	117
116	136
116	117
116	116
116	117
116	116
116	117
116	116
116	116
117	123
117	117
117	117
117	117
117	117
117	117
117	117
117	117
117	117
117	128
117	118
117	117
117	123
117	123
117	123
117	124
117	117
117	117
117	117
117	124
117	124
117	118
117	153
117	118
117	117
117	154
117	118
117	118
117	154
117	153
117	144
117	118
117	118
117	118
117	152
117	118
117	137
117	117
117	118
118	118
118	123
118	118
118	153
118	118
118	137
118	137
118	137
118	151
118	154
118	154
118	118
118	125
118	118
118	118
118	118
118	149
118	153
118	124
118	118
118	118
118	118
118	125
118	125
118	153
118	125
118	125
118	124
118	124
118	153
118	118
118	124
118	124
118	125
118	146
118	119
118	125
118	118
118	154
118	124
118	118
118	118
118	118
118	118
118	124
118	118
118	118
118	118
118	124
118	124
118	124
118	124
118	119
118	118
118	118
118	118
118	121
118	118
118	124
118	119
118	124
119	124
119	124
119	146
119	123
119	124
119	119
119	122
119	119
119	121
119	119
119	121
119	121
119	119
119	168
119	119
119	119
119	121
119	120
119	152
119	119
119	121
119	148
119	119
119	119
119	119
119	119
119	119
119	119
119	120
119	119
119	119
119	119
119	152
119	168
119	119
119	168
119	119
119	169
119	119
119	119
119	119
119	168
119	119
119	119
119	152
119	119
119	119
119	119
119	152
119	135
119	152
119	152
119	169
119	169
119	169
119	169
119	121
119	147
119	126
119	153
119	153
119	152
119	120
119	119
119	147
119	147
119	120
119	121
119	119
119	120
119	119
119	119
119	121
119	120
120	131
120	152
120	120
120	121
120	121
120	120
120	120
120	146
120	120
120	131
120	152
120	120
120	120
120	151
120	131
120	126
120	120
120	120
120	120
120	131
120	146
120	126
120	120
120	120
120	120
120	146
120	120
120	125
120	120
120	121
120	120
120	120
120	120
120	120
120	120
120	154
120	125
120	120
120	120
120	120
120	120
120	120
120	139
120	125
120	120
120	120
120	134
120	120
120	151
120	151
120	120
120	120
120	137
120	120
120	151
120	151
120	151
120	151
120	120
120	120
120	120
120	122
120	121
120	135
120	135
120	154
120	151
120	120
120	120
120	121
120	151
120	120
120	142
120	134
120	126
120	121
121	121
121	121
121	142
121	121
121	134
121	151
121	121
121	121
121	121
121	121
121	121
121	121
121	134
121	121
121	145
121	121
121	145
121	145
121	166
121	122
121	129
121	144
121	121
121	121
121	145
121	121
121	121
121	146
121	121
121	121
121	127
121	121
121	121
121	146
121	121
121	121
121	121
121	121
121	130
121	121
121	121
121	121
121	121
121	121
121	121
121	121
121	130
121	121
121	121
121	121
121	130
121	121
121	121
121	143
122	122
122	122
122	122
122	148
122	122
122	122
122	148
122	122
122	122
122	122
122	122
122	122
122	122
122	131
122	122
122	122
122	122
122	122
122	122
122	122
122	131
122	131
122	154
122	154
122	154
122	154
122	154
122	122
122	131
122	122
122	130
122	122
122	130
122	131
122	130
122	122
122	122
122	123
122	122
122	123
122	122
122	122
122	122
122	122
122	147
122	127
122	163
122	125
122	125
122	125
122	122
122	125
122	138
122	125
122	124
123	169
123	125
123	123
123	141
123	141
123	123
123	123
123	123
123	140
123	140
123	154
123	123
123	138
123	123
123	137
123	153
123	123
123	123
123	154
123	123
123	154
123	133
123	123
123	140
123	154
123	124
123	154
123	137
124	140
124	133
124	124
124	124
124	125
124	124
124	130
124	129
124	130
124	124
124	153
124	124
124	152
124	151
124	152
124	124
124	137
124	137
124	124
124	124
124	124
124	124
124	150
124	150
124	151
124	162
124	130
124	124
124	124
124	129
124	151
124	129
124	124
124	124
124	128
124	171
124	129
124	151
124	124
124	124
124	129
124	130
124	125
124	125
124	125
124	124
124	130
124	125
124	130
124	130
124	137
124	133
124	152
125	138
125	125
125	125
125	125
125	152
125	128
125	160
125	125
125	125
125	162
125	152
125	152
125	125
125	153
125	125
125	141
125	125
125	153
125	138
125	153
125	125
125	153
125	138
125	141
125	125
125	138
125	125
125	153
125	125
125	153
125	146
125	153
125	125
125	153
125	150
125	153
125	130
125	153
125	125
125	125
125	125
125	125
125	134
125	126
125	125
125	134
125	134
125	138
125	165
125	125
125	138
125	134
125	125
125	162
126	151
126	126
126	148
126	151
126	148
126	150
126	134
126	146
126	126
126	167
126	126
126	126
126	126
126	126
126	149
126	149
126	126
126	158
126	146
126	151
126	146
126	147
126	147
126	147
126	132
126	147
126	126
126	132
126	152
126	126
126	126
126	170
126	126
126	126
126	126
126	154
126	169
126	169
126	126
126	126
126	126
126	127
126	126
126	127
126	126
126	127
126	166
126	165
126	165
127	127
127	127
127	142
127	127
127	155
127	127
127	130
127	144
127	128
127	163
127	127
127	129
127	155
127	127
127	163
127	127
127	130
127	127
127	127
127	130
127	153
127	130
127	141
127	129
127	129
127	145
127	163
127	127
127	163
127	127
127	127
127	127
127	127
127	127
127	127
127	129
127	130
127	129
127	130
127	128
127	130
127	127
127	129
127	127
127	127
127	145
127	130
127	130
127	130
127	127
127	130
127	127
127	169
127	127
127	128
127	128
127	127
127	127
127	128
127	128
127	127
127	128
127	128
127	128
127	128
128	128
128	128
128	128
128	128
128	163
128	128
128	163
128	162
128	130
128	128
128	129
128	128
128	163
128	163
128	128
128	128
128	162
128	128
128	128
128	128
128	162
128	128
128	128
128	128
128	128
128	128
128	141
128	163
128	163
128	136
128	128
128	130
128	141
128	163
128	128
128	128
128	128
128	128
128	164
128	162
128	163
128	128
128	167
128	167
128	128
128	162
128	130
128	128
128	128
128	128
128	128
128	130
128	163
128	128
128	163
128	128
128	129
128	128
128	129
128	130
128	163
128	128
128	130
128	128
128	129
128	130
128	162
128	142
128	129
129	162
129	163
129	129
129	163
129	129
129	150
129	129
129	129
129	143
129	129
129	129
129	129
129	155
129	166
129	129
129	147
129	129
129	129
129	129
129	129
129	147
129	129
129	129
129	142
129	129
129	148
129	129
129	145
129	145
129	145
129	129
129	145
129	129
129	135
129	129
129	129
129	148
129	145
129	145
129	145
129	147
129	129
129	145
129	143
129	147
129	129
129	145
129	145
129	129
129	134
129	129
129	130
129	130
129	145
129	134
129	129
129	151
129	152
129	151
130	141
130	130
130	137
130	130
130	152
130	130
130	152
130	151
130	151
130	152
130	130
130	162
130	130
130	163
130	130
130	130
130	130
130	130
130	130
130	130
130	163
130	130
130	135
130	130
130	130
130	141
130	130
130	130
130	147
130	147
130	147
130	130
130	130
130	130
130	130
130	130
130	130
130	130
130	130
130	131
130	130
130	130
130	130
130	130
130	130
130	157
130	130
130	130
130	155
130	130
130	171
130	130
130	154
130	144
130	144
130	144
130	144
130	130
130	131
130	130
130	130
130	130
130	130
130	154
131	131
131	144
131	131
131	131
131	131
131	131
131	131
131	131
131	131
131	144
131	131
131	131
131	131
131	131
131	151
131	144
131	144
131	147
131	152
131	131
131	131
131	146
131	147
131	131
131	151
131	131
131	131
131	144
131	151
131	131
131	151
131	151
131	131
131	131
131	144
131	144
131	146
131	131
131	148
131	131
131	131
131	131
131	152
131	148
131	131
131	131
131	147
131	146
131	131
131	147
131	131
131	147
131	146
131	131
131	131
131	131
131	131
131	131
131	131
131	131
131	131
131	151
131	148
131	148
131	147
131	131
131	132
131	131
131	131
131	154
131	131
131	153
131	131
131	131
131	160
131	131
131	131
131	132
131	153
131	142
131	148
131	153
131	152
131	131
131	145
131	132
131	148
131	148
132	144
132	144
132	154
132	132
132	154
132	132
132	132
132	135
132	132
132	132
132	152
132	142
132	142
132	152
132	168
132	136
132	132
132	132
132	132
132	132
132	132
132	132
132	132
132	132
132	132
132	132
132	132
132	132
132	132
132	132
132	132
132	132
132	132
132	132
132	132
132	132
132	132
132	132
132	132
132	132
132	132
132	136
132	136
132	132
132	132
132	151
132	142
132	132
132	142
132	132
132	132
132	170
132	132
132	143
132	171
132	132
132	143
132	135
132	132
132	132
132	136
132	136
132	132
132	132
132	135
132	136
132	142
132	145
132	132
132	132
132	133
132	142
132	137
132	143
132	148
132	148
133	133
133	134
133	142
133	137
133	136
133	137
133	137
133	137
133	134
133	143
133	142
133	137
133	134
133	137
133	137
133	134
133	133
133	133
133	133
133	149
133	150
133	133
133	133
133	137
133	137
133	133
133	136
133	138
133	143
133	134
133	133
133	134
133	134
133	140
133	133
133	133
133	135
133	141
133	141
133	148
133	151
133	141
133	141
133	140
133	133
133	137
133	150
133	151
133	137
134	149
134	149
134	136
134	137
134	141
134	134
134	138
134	134
134	134
134	134
134	135
134	141
134	151
134	134
134	143
134	143
134	143
134	143
134	142
134	142
134	141
134	134
134	134
134	134
134	134
134	135
134	152
134	134
134	143
134	134
134	134
134	135
134	138
134	151
134	151
134	152
134	134
134	135
134	135
134	135
134	135
134	154
134	144
134	144
134	134
134	143
134	134
134	136
134	143
134	143
134	135
134	154
134	154
135	154
135	146
135	154
135	154
135	135
135	135
135	154
135	135
135	135
135	136
135	141
135	135
135	152
135	135
135	151
135	135
135	135
135	135
135	142
135	151
135	135
135	146
135	136
135	135
135	136
135	154
135	152
135	135
135	135
135	152
135	135
135	146
135	135
135	167
135	135
135	152
135	143
135	140
135	135
135	135
135	135
135	152
135	135
135	135
135	174
135	136
135	135
135	152
135	141
135	135
135	171
135	170
135	170
135	136
135	135
135	136
135	136
135	136
135	135
136	136
136	136
136	136
136	136
136	136
136	136
136	136
136	136
136	136
136	136
136	136
136	136
136	136
136	136
136	136
136	136
136	136
136	136
136	136
136	136
136	136
136	136
136	136
136	136
136	143
136	136
136	143
136	136
136	137
136	137
136	143
137	137
137	137
137	151
137	137
137	152
137	137
137	148
137	149
137	149
137	137
137	141
137	137
137	137
137	149
137	137
137	137
137	151
137	141
137	137
137	137
137	147
137	140
137	140
137	149
137	149
137	167
137	167
137	150
137	166
137	166
137	166
137	141
137	166
137	166
137	167
137	137
137	149
137	140
137	140
137	149
137	139
137	139
137	149
137	150
137	155
137	155
137	156
137	151
137	155
138	155
138	138
138	168
138	152
138	168
138	169
138	155
138	138
138	155
138	138
138	138
138	155
138	155
138	155
138	169
138	150
138	168
138	138
138	171
138	140
138	138
138	138
138	155
138	138
138	138
138	155
138	169
138	155
138	138
138	170
138	170
138	138
138	169
138	155
138	138
138	140
138	141
138	139
138	155
138	155
138	155
138	155
139	141
139	168
139	139
139	156
139	140
139	140
139	140
139	139
139	139
139	173
139	139
139	140
139	139
139	139
139	139
139	173
139	139
139	139
139	139
139	170
139	140
139	139
139	139
139	139
139	140
139	156
139	155
139	139
139	139
139	140
139	139
139	139
139	139
139	139
139	171
139	139
139	139
139	139
139	168
139	139
139	139
139	139
139	139
139	140
139	139
140	141
140	167
140	174
140	166
140	140
140	140
140	140
140	140
140	140
140	140
140	140
140	140
140	140
140	141
140	167
140	167
140	140
140	140
140	163
140	150
140	141
140	173
140	140
140	141
140	147
140	163
140	141
140	140
140	140
140	168
140	168
140	167
140	167
140	155
140	141
140	140
141	166
141	141
141	167
141	141
141	167
141	167
141	166
141	167
141	147
141	148
141	148
141	141
141	141
141	141
141	151
141	141
141	141
141	141
141	141
141	141
141	141
141	141
141	141
141	142
141	141
141	145
141	145
141	141
141	141
141	141
141	141
141	145
141	141
141	141
141	153
141	152
141	145
141	145
141	145
141	144
141	145
142	145
142	145
142	160
142	142
142	142
142	142
142	142
142	155
142	143
142	145
142	142
142	142
142	160
142	142
142	145
142	142
142	142
142	142
142	145
142	142
142	142
142	142
142	146
142	146
142	142
142	160
142	142
142	160
142	145
142	160
142	160
142	142
142	155
142	142
142	142
142	142
142	152
142	160
142	143
142	145
142	160
142	142
142	143
142	145
142	143
142	143
142	143
142	143
142	143
142	142
142	143
142	154
143	143
143	147
143	145
143	143
143	143
143	143
143	143
143	143
143	143
143	143
143	143
143	143
143	143
143	143
143	143
143	143
143	143
143	145
143	143
143	143
143	143
143	143
143	143
143	143
143	143
143	143
143	143
143	143
143	143
143	144
143	143
143	143
143	143
143	143
143	143
143	143
143	143
143	143
143	143
143	143
143	159
143	152
143	144
143	144
143	143
143	144
144	144
144	152
144	144
144	152
144	144
144	144
144	144
144	144
144	144
144	144
144	172
144	144
144	144
144	144
144	145
144	144
144	144
144	144
144	144
144	144
144	144
144	145
144	144
144	155
144	144
144	144
144	144
144	144
144	144
144	144
144	144
144	145
144	144
144	145
144	145
144	155
144	144
144	172
144	144
144	144
144	155
144	172
144	144
144	144
144	144
144	155
144	145
144	144
144	145
144	156
144	145
144	155
144	145
144	145
145	172
145	145
145	145
145	146
145	145
145	145
145	145
145	146
145	146
145	145
145	146
145	160
145	160
145	160
145	160
145	160
145	145
145	160
145	160
145	145
145	145
145	145
145	160
145	160
145	160
145	160
145	145
145	145
145	145
145	146
145	146
145	160
145	145
145	160
145	159
145	145
145	146
145	145
145	145
145	145
145	145
145	146
145	145
145	147
145	160
145	145
145	145
145	145
145	145
145	145
145	160
145	145
145	146
145	158
145	145
145	145
146	146
146	172
146	146
146	172
146	172
146	146
146	159
146	146
146	146
146	159
146	146
146	151
146	158
146	146
146	151
146	158
146	159
146	146
146	147
146	150
146	158
146	150
146	148
146	148
146	158
146	154
146	154
146	150
146	154
146	159
146	146
146	159
146	159
146	147
146	147
147	147
147	147
147	147
147	148
147	151
147	151
147	148
147	154
147	147
147	169
147	154
147	154
147	150
147	148
147	148
147	147
147	148
147	148
147	148
147	153
147	148
147	147
147	150
147	152
147	150
147	158
147	150
147	154
147	154
147	147
147	147
147	169
147	169
147	169
147	153
147	147
147	147
147	150
147	169
147	169
147	147
147	147
147	147
147	147
147	168
147	169
147	147
147	165
147	157
147	152
147	148
147	147
147	167
147	154
147	147
147	154
147	154
147	147
147	147
147	153
147	153
147	154
147	154
147	148
147	148
147	154
147	147
147	151
147	150
147	148
147	163
147	148
148	148
148	148
148	148
148	150
148	150
148	148
148	150
148	150
148	148
148	150
148	148
148	148
148	152
148	148
148	148
148	153
148	152
148	160
148	154
148	151
148	150
148	151
148	148
148	150
148	149
148	149
148	149
148	149
148	149
148	149
148	148
148	148
148	149
148	148
148	148
148	148
148	148
148	150
149	149
149	149
149	149
149	149
149	150
149	149
149	150
149	149
149	149
149	150
149	150
149	151
149	151
149	151
149	150
149	149
149	149
149	150
149	150
149	150
149	149
149	149
149	150
149	150
149	149
149	149
149	151
149	150
150	150
150	150
150	150
150	150
150	150
150	150
150	150
150	150
150	151
150	150
150	150
150	150
150	151
150	151
150	151
150	150
150	150
150	150
150	150
150	150
150	150
150	150
150	150
150	150
150	150
150	158
150	150
150	158
150	158
150	150
150	159
150	150
150	158
150	158
150	150
150	159
151	151
151	151
151	151
151	151
151	154
151	151
151	151
151	151
151	151
151	153
151	152
151	152
151	151
151	153
151	152
151	151
151	152
151	151
151	151
151	151
151	151
151	152
151	151
151	153
151	153
151	153
151	152
151	152
151	151
151	151
151	153
151	151
151	152
151	153
151	151
151	151
151	152
151	151
152	152
152	152
152	153
152	152
152	152
152	152
152	152
152	152
152	153
152	152
152	152
152	152
152	152
152	152
152	154
152	154
152	169
152	152
152	169
152	152
152	153
152	168
152	153
152	168
152	152
152	167
152	169
152	152
152	152
152	167
152	167
152	152
152	152
152	160
152	152
152	152
152	152
152	152
152	152
152	152
152	152
152	169
152	167
152	152
152	174
152	152
152	166
152	152
152	169
152	169
152	152
152	152
152	157
152	152
152	169
152	160
152	152
152	152
152	152
152	169
152	169
152	160
152	153
152	152
152	153
152	153
152	152
152	168
152	153
152	153
153	153
153	153
153	153
153	153
153	153
153	153
153	168
153	153
153	153
153	153
153	165
153	165
153	164
153	164
153	153
153	153
153	153
153	153
153	153
153	153
153	153
153	153
153	153
153	153
153	153
153	153
153	153
153	168
153	153
153	153
153	153
153	153
153	157
153	153
153	153
153	153
153	153
153	153
153	153
153	153
153	153
153	153
153	153
153	153
153	153
153	153
153	153
153	153
153	153
153	153
153	157
153	154
153	154
153	154
154	154
154	154
154	154
154	154
154	154
154	154
154	155
154	154
154	154
154	170
154	154
154	166
154	169
154	154
154	170
154	170
154	154
154	154
154	154
154	156
154	154
154	180
154	154
154	155
154	155
154	180
154	155
154	181
154	155
155	181
155	180
155	155
155	155
155	155
155	155
155	155
155	155
155	155
155	168
155	155
155	155
155	155
155	155
155	155
155	168
155	155
155	168
155	155
155	155
155	168
155	155
155	155
155	155
155	168
155	155
155	155
155	155
155	155
155	166
155	155
155	155
155	155
155	155
155	155
155	155
155	155
155	167
155	169
155	169
155	155
155	155
155	155
155	155
155	155
155	155
155	156
155	156
155	156
156	156
156	156
156	156
156	156
156	168
156	156
156	156
156	156
156	170
156	170
156	156
156	156
156	156
156	170
156	156
156	158
156	156
156	156
156	156
156	160
156	158
156	173
156	156
156	180
156	179
156	180
156	156
156	179
156	156
156	179
156	156
156	156
156	179
156	179
156	156
156	178
156	156
156	178
156	156
156	156
156	178
156	179
156	179
156	158
156	156
156	156
156	156
156	156
156	156
156	159
156	156
156	157
156	156
156	156
156	156
156	156
156	156
156	156
156	156
156	156
156	156
156	172
156	178
156	157
156	156
156	159
156	156
156	159
156	159
156	164
156	159
156	158
156	157
157	157
157	158
157	160
157	157
157	157
157	157
157	178
157	157
157	157
157	157
157	157
157	172
157	157
157	172
157	157
157	157
157	157
157	157
157	172
157	161
157	157
157	173
157	157
157	157
157	157
157	157
157	157
157	157
157	158
157	157
157	164
157	157
157	158
157	158
157	157
157	179
157	172
157	157
157	157
157	157
157	172
157	157
157	157
157	157
157	172
157	157
157	164
157	164
157	161
157	158
157	157
157	157
157	164
157	161
157	157
157	157
157	157
157	158
157	157
157	161
157	157
157	164
157	179
157	164
157	164
157	164
157	161
157	157
157	161
157	178
157	159
157	157
157	161
157	157
157	157
157	173
157	158
157	173
157	157
157	157
157	157
157	174
157	157
157	174
157	162
157	157
157	158
157	157
157	159
157	174
157	171
157	173
157	173
157	163
157	173
157	162
157	174
157	158
157	174
158	173
158	161
158	174
158	158
158	158
158	158
158	158
158	158
158	174
158	158
158	158
158	173
158	158
158	158
158	158
158	158
158	173
158	179
158	158
158	158
158	173
158	173
158	173
158	173
158	179
158	173
158	179
158	158
158	179
158	173
158	158
158	158
158	179
158	178
158	173
158	158
158	179
158	179
158	179
158	179
158	158
158	158
158	158
158	178
158	158
158	174
158	158
158	174
158	158
158	174
158	158
158	158
158	158
158	159
158	161
158	159
158	158
158	158
158	159
158	159
158	158
158	158
158	159
158	178
158	158
158	159
158	179
158	172
158	173
158	158
158	178
158	178
158	178
158	180
158	178
158	159
158	160
158	158
158	158
158	159
158	158
158	158
158	164
158	158
158	164
158	158
158	178
158	158
158	158
158	158
158	158
158	164
158	158
158	158
158	159
158	164
158	159
158	158
158	179
158	179
158	164
158	160
158	178
158	179
158	159
158	178
158	161
158	178
159	159
159	165
159	179
159	159
159	159
159	159
159	159
159	178
159	159
159	178
159	159
159	179
159	159
159	162
159	165
159	160
159	159
159	163
159	178
159	159
159	165
159	162
159	178
159	163
159	159
159	160
159	179
159	159
159	159
159	165
159	159
159	159
159	159
159	159
159	178
159	179
159	159
159	178
159	159
159	178
159	161
159	159
159	163
159	163
159	159
159	165
159	178
159	159
159	165
159	165
159	178
159	163
159	159
159	159
159	160
159	159
159	160
159	159
159	160
159	164
159	160
159	160
159	160
159	162
159	168
159	178
159	159
159	178
159	178
159	178
159	179
159	178
159	165
159	165
159	159
159	160
160	160
160	162
160	160
160	179
160	160
160	178
160	162
160	160
160	160
160	160
160	160
160	165
160	165
160	160
160	178
160	161
160	162
160	178
160	160
160	162
160	160
160	165
160	163
160	160
160	160
160	160
160	160
160	160
160	160
160	178
160	160
160	160
160	160
160	165
160	165
160	160
160	160
160	160
160	178
160	160
160	162
160	179
160	178
160	160
160	160
160	160
160	160
160	180
160	165
160	165
160	172
160	165
160	161
160	178
160	173
160	179
160	161
160	160
160	161
160	161
160	178
160	173
160	173
160	161
160	173
160	161
161	161
161	173
161	161
161	179
161	161
161	179
161	161
161	161
161	161
161	179
161	162
161	179
161	173
161	179
161	179
161	179
161	178
161	161
161	161
161	172
161	171
161	173
161	161
161	161
161	161
161	161
161	162
161	162
161	162
161	173
161	165
161	179
161	161
161	179
161	161
161	161
161	161
161	180
161	161
161	179
161	179
161	164
161	178
161	161
161	161
161	162
161	161
161	161
161	172
161	172
161	172
161	172
161	179
161	161
161	161
161	162
161	178
161	162
161	179
161	161
161	178
161	173
161	162
161	179
161	179
161	179
161	172
161	179
161	172
161	178
161	179
161	162
161	163
162	162
162	173
162	163
162	162
162	165
162	162
162	165
162	162
162	162
162	162
162	162
162	162
162	165
162	178
162	173
162	162
162	172
162	162
162	174
162	179
162	162
162	162
162	162
162	162
162	162
162	162
162	162
162	162
162	162
162	179
162	162
162	178
162	162
162	178
162	162
162	162
162	162
162	180
162	178
162	178
162	162
162	162
162	165
162	179
162	178
162	163
162	179
162	173
162	179
162	164
162	162
162	162
162	178
162	163
162	165
162	162
162	162
162	163
162	162
162	167
162	162
162	162
162	162
162	162
162	166
162	162
162	166
163	163
163	163
163	163
163	163
163	163
163	163
163	163
163	163
163	163
163	163
163	163
163	163
163	163
163	163
163	165
163	163
163	163
163	163
163	163
163	163
163	163
163	163
163	163
163	163
163	172
163	163
163	165
163	165
163	163
163	165
163	164
163	163
163	163
163	163
163	163
163	163
163	163
163	163
163	181
163	181
163	164
163	164
163	163
163	163
163	164
163	163
164	164
164	164
164	164
164	164
164	164
164	179
164	165
164	178
164	179
164	165
164	165
164	165
164	164
164	164
164	164
164	164
164	165
164	168
164	180
164	164
164	164
164	164
164	164
164	164
164	164
164	164
164	164
164	181
164	165
164	164
164	180
164	164
164	165
164	181
164	168
164	180
164	181
164	164
164	181
164	168
164	181
164	165
164	165
164	181
164	164
164	164
164	164
164	164
164	165
164	165
164	165
164	165
164	165
164	165
164	181
164	164
164	164
164	165
164	165
164	165
164	170
164	164
164	170
164	165
164	164
164	165
165	165
165	165
165	165
165	165
165	165
165	171
165	165
165	165
165	165
165	165
165	165
165	165
165	174
165	165
165	174
165	165
165	167
165	165
165	165
165	165
165	165
165	165
165	181
165	165
165	181
165	165
165	180
165	180
165	166
165	165
165	165
165	181
165	165
165	165
165	165
165	167
165	168
165	165
165	168
165	165
165	167
165	165
165	165
165	167
165	165
165	167
165	165
165	166
165	167
165	166
165	165
165	166
165	165
165	165
165	168
165	168
165	167
165	166
165	165
166	172
166	172
166	167
166	166
166	166
166	166
166	166
166	166
166	166
166	166
166	166
166	166
166	166
166	166
166	166
166	166
166	168
166	166
166	166
166	166
166	166
166	166
166	166
166	169
166	166
166	166
166	169
166	166
166	166
166	166
166	166
166	166
166	166
166	166
166	166
166	166
166	166
166	166
166	166
166	166
166	166
166	166
166	166
166	166
166	166
166	169
166	166
166	167
166	166
166	168
166	166
166	166
166	166
166	166
166	166
166	166
166	166
166	166
166	166
166	166
166	166
166	166
166	170
166	169
166	166
166	166
166	174
166	167
166	166
166	167
166	169
166	167
166	169
166	170
166	166
166	166
166	170
166	174
166	167
166	168
166	174
167	174
167	167
167	167
167	174
167	167
167	174
167	174
167	174
167	170
167	174
167	174
167	167
167	167
167	167
167	168
167	167
167	167
167	167
167	167
167	167
167	167
167	167
167	170
167	167
167	167
167	168
167	167
167	167
167	168
167	168
167	168
167	168
167	168
167	167
167	168
167	167
167	167
167	167
167	168
167	168
167	167
167	167
167	168
167	167
167	167
167	168
167	167
167	168
167	167
167	167
167	167
167	167
167	167
167	167
167	167
167	167
167	167
167	167
167	167
167	167
167	167
167	167
167	167
167	167
167	167
167	167
167	167
167	167
167	167
168	168
168	168
168	168
168	168
168	168
168	168
168	168
168	168
168	168
168	168
168	168
168	168
168	168
168	168
168	168
168	168
168	168
168	168
168	168
168	180
168	168
168	168
168	168
168	168
168	168
168	168
168	181
168	168
168	180
168	180
168	168
168	168
168	168
168	168
168	168
168	168
168	168
168	168
168	168
168	169
168	168
168	168
168	168
168	168
168	168
168	168
168	168
168	168
168	168
168	168
168	168
168	168
168	168
168	180
168	180
168	168
168	168
168	168
168	168
168	168
168	168
168	168
168	169
168	168
168	168
168	168
168	169
168	168
168	169
168	169
168	169
168	168
168	169
168	169
168	168
168	170
168	169
168	170
169	169
169	169
169	169
169	169
169	169
169	169
169	169
169	169
169	169
169	169
169	169
169	169
169	169
169	169
169	169
169	169
169	170
169	170
169	169
169	169
169	169
169	169
169	169
169	169
169	170
169	169
169	170
169	169
169	169
169	170
169	169
169	169
169	169
169	169
169	169
169	169
169	169
169	169
169	169
169	169
169	169
169	169
169	169
169	169
169	169
169	169
169	169
169	169
169	169
169	169
169	169
169	169
169	169
169	174
169	169
169	169
169	170
169	169
169	170
169	169
169	169
169	170
169	174
169	174
169	169
169	173
169	174
169	174
169	173
169	174
170	170
170	170
170	170
170	170
170	170
170	170
170	170
170	170
170	170
170	170
170	173
170	170
170	170
170	170
170	170
170	170
170	174
170	170
170	170
170	170
170	170
170	174
170	170
170	170
170	170
170	174
170	170
170	174
170	174
170	174
170	170
170	174
170	170
170	174
170	170
170	170
170	170
170	170
170	170
170	170
170	170
170	174
170	170
170	170
170	170
170	170
170	170
170	171
170	174
170	174
170	170
170	170
170	170
170	170
170	170
170	170
170	170
170	170
170	170
170	171
170	170
170	170
170	171
170	170
170	171
170	171
171	171
171	171
171	171
171	173
171	171
171	173
171	171
171	174
171	171
171	171
171	174
171	171
171	171
171	171
171	172
171	174
171	171
171	172
171	171
171	171
171	174
171	171
171	171
171	171
171	171
171	174
171	171
171	171
171	177
171	171
171	177
171	171
171	171
171	171
171	171
171	172
171	171
171	171
171	171
171	171
171	171
171	177
171	171
171	174
171	179
171	171
171	171
171	172
171	172
171	172
171	172
171	171
171	172
171	174
171	174
171	174
171	171
171	174
171	172
171	174
171	172
171	171
171	171
171	174
171	172
171	172
171	172
171	172
171	174
172	172
172	172
172	172
172	172
172	172
172	172
172	174
172	174
172	174
172	177
172	173
172	172
172	172
172	172
172	173
172	178
172	173
172	174
172	172
172	172
172	172
172	172
172	174
172	178
172	172
172	172
172	174
172	173
172	173
172	172
172	172
172	172
172	172
172	172
172	172
172	172
172	172
172	172
172	172
172	172
172	173
172	173
172	172
172	172
172	173
172	172
172	172
172	172
172	172
172	172
172	172
172	172
172	172
172	172
172	173
172	172
172	173
172	173
172	172
172	173
172	173
172	172
173	173
173	173
173	174
173	173
173	173
173	173
173	173
173	179
173	173
173	179
173	173
173	173
173	173
173	173
173	173
173	179
173	173
173	173
173	173
173	173
173	173
173	173
173	173
173	173
173	173
173	180
173	178
173	178
173	173
173	174
173	173
173	173
173	173
173	173
173	173
173	173
173	173
173	173
173	173
173	174
173	173
173	174
173	174
173	173
173	174
173	173
173	173
173	174
173	174
173	173
173	173
173	174
173	178
173	173
174	174
174	174
174	174
174	174
174	178
174	174
174	178
174	174
174	174
174	174
174	174
174	174
174	174
174	181
174	174
174	174
174	174
174	174
174	174
174	178
174	174
174	174
174	174
174	174
174	178
174	174
174	174
174	180
174	174
174	174
174	174
174	174
174	174
174	175
174	178
174	174
174	174
175	177
177	178
177	177
177	177
177	177
177	177
177	178
177	178
178	178
178	179
178	178
178	178
178	178
178	179
178	178
178	179
178	178
178	178
178	178
178	179
178	179
178	178
178	178
178	178
178	179
178	179
178	179
178	178
178	179
178	178
178	178
178	179
178	179
178	178
178	178
178	178
178	178
178	179
178	178
178	178
178	179
178	178
178	178
178	179
178	178
178	178
178	178
178	179
178	178
178	178
178	178
178	179
178	179
178	178
178	179
178	179
178	179
178	179
178	179
178	178
178	179
178	179
178	179
178	179
178	179
178	179
178	179
178	179
178	179
178	178
178	179
178	178
178	178
179	179
179	179
179	179
179	179
179	179
179	179
179	179
179	179
179	179
179	179
179	179
179	179
179	179
179	179
179	179
179	179
179	179
179	179
179	179
179	179
179	179
179	179
179	179
179	179
179	179
179	180
179	179
179	179
179	180
179	179
179	179
179	179
179	179
179	179
179	179
179	179
179	179
179	179
179	179
179	179
179	179
179	179
179	179
179	180
179	179
179	179
179	179
179	179
179	179
180	180
180	180
180	180
180	180
180	180
180	180
180	180
180	180
180	181
180	181
180	180
180	180
180	181
180	181
180	181
180	181
180	181
180	180
180	180
180	181
180	180
180	180
180	180
180	180
180	181
180	180
180	181
180	180
180	181
180	180
180	181
180	180
180	180
180	181
180	180
180	180
180	181
180	181
180	181
180	181
180	181
180	181
180	181
180	180
180	181
180	180
180	180
180	180
180	180
180	180
180	180
180	180
180	180
180	182
180	181
180	180
180	181
180	181
180	181
180	180
180	181
180	181
180	181
180	181
180	180
180	180
180	181
180	180
180	181
180	181
180	181
181	181
181	181
181	181
181	181
181	181
181	181
181	181
181	181
181	181
181	181
181	181
181	181
181	181
181	181
181	181
181	181
181	181
181	181
181	181
181	181
181	181
181	181
181	181
181	181
181	181
181	181
181	181
181	181
181	181
181	181
181	181
181	181
