3	28
3	3
3	28
3	28
3	24
3	3
3	29
3	3
3	29
3	3
3	3
3	3
3	3
3	29
3	29
3	5
3	25
3	28
3	30
3	30
3	3
3	3
3	4
3	3
3	28
3	3
3	25
3	28
3	20
3	28
3	20
3	5
3	3
3	25
3	14
3	13
3	4
3	3
3	24
3	5
3	29
3	3
3	11
3	20
3	20
3	3
3	29
3	25
3	3
3	7
3	6
3	37
3	28
3	3
3	25
4	4
4	4
4	5
4	23
4	25
4	4
4	28
4	4
4	4
4	4
4	4
4	5
4	22
4	5
4	31
4	34
4	11
4	10
4	10
4	24
4	22
4	22
4	24
4	5
4	4
4	22
4	18
4	29
4	27
4	21
4	10
4	10
4	5
4	31
4	31
4	10
4	11
4	5
4	5
4	19
5	5
5	5
5	28
5	5
5	6
5	5
5	31
5	5
5	31
5	18
5	28
5	28
5	16
5	28
5	30
5	11
5	10
5	16
5	31
5	7
5	6
5	5
5	6
5	14
5	6
5	19
5	15
5	5
5	16
5	17
5	19
5	37
5	37
5	33
5	5
5	5
5	5
5	14
5	20
5	34
5	33
5	7
6	9
6	19
6	6
6	7
6	19
6	6
6	6
6	14
6	6
6	15
6	6
6	6
6	32
6	15
6	6
6	6
6	8
6	6
6	19
6	14
6	12
6	15
6	7
6	7
6	6
6	14
6	7
7	28
7	15
7	7
7	14
7	7
7	17
7	7
7	7
7	11
7	14
7	7
7	57
7	8
7	19
7	7
7	7
7	34
7	7
7	8
7	8
7	17
7	7
7	7
7	14
7	7
7	19
7	19
7	20
7	11
7	7
7	7
7	8
7	8
7	8
8	19
8	8
8	8
8	11
8	8
8	8
8	8
8	34
8	8
8	26
8	25
8	8
8	27
8	17
8	35
8	20
8	20
8	11
8	12
8	8
8	8
8	18
8	18
8	8
8	55
8	8
8	8
8	9
8	18
8	8
8	8
8	8
8	55
8	18
8	20
8	38
8	34
8	34
8	8
8	40
8	55
8	8
8	55
8	55
8	8
8	24
8	41
8	14
8	8
8	8
8	55
8	9
8	8
8	40
9	22
9	9
9	41
9	14
9	9
9	9
9	9
9	14
9	27
9	27
9	9
9	9
9	9
9	9
9	14
9	18
9	35
9	9
9	9
9	9
9	9
9	9
9	10
9	10
9	9
9	22
9	9
9	18
9	9
9	9
9	27
9	9
9	12
9	10
9	9
9	9
9	9
9	21
9	9
9	10
9	9
9	9
9	27
9	9
9	9
9	9
9	9
9	39
9	26
9	9
9	10
9	10
9	10
9	10
9	10
9	10
10	10
10	10
10	10
10	10
10	10
10	10
10	10
10	11
10	10
10	11
10	10
10	10
10	10
10	10
10	28
10	10
10	11
10	11
10	10
10	11
10	10
10	10
10	10
10	10
10	10
10	11
10	10
10	10
11	11
11	11
11	22
11	11
11	11
11	27
11	27
11	28
11	28
11	27
11	28
11	34
11	11
11	11
11	27
11	11
11	11
11	12
11	27
11	11
11	26
12	15
12	12
12	18
12	15
12	67
12	67
12	34
12	63
12	12
12	63
12	12
12	12
12	12
12	17
12	37
12	36
12	14
12	12
12	12
12	12
12	17
12	12
12	17
12	18
12	12
12	63
12	32
12	32
12	15
12	32
12	63
12	17
12	19
12	13
13	55
13	20
13	38
13	38
13	53
13	39
13	13
13	13
13	38
13	19
13	19
13	27
13	51
13	26
13	26
13	13
13	51
13	19
13	13
13	51
13	69
13	51
13	26
13	38
13	38
13	13
13	21
13	37
13	26
13	38
13	27
13	14
13	14
13	13
13	38
13	14
14	14
14	26
14	14
14	25
14	28
14	17
14	27
14	14
14	38
14	30
14	28
14	14
14	14
14	20
14	19
14	27
14	30
14	26
14	19
14	28
14	30
14	14
14	28
14	14
14	16
14	37
14	14
14	31
14	14
14	14
14	14
14	14
14	14
14	15
14	19
14	15
14	15
14	14
14	19
14	28
14	15
14	14
14	15
14	15
14	28
15	28
15	15
15	15
15	15
15	15
15	15
15	15
15	15
15	28
15	16
15	15
15	33
15	15
15	28
15	15
15	15
15	28
15	15
15	15
15	15
15	35
15	28
16	16
16	37
16	37
16	31
16	37
16	16
16	16
16	44
16	55
16	46
16	36
16	16
16	16
16	32
16	16
16	32
16	32
16	33
16	16
16	16
16	16
16	34
16	36
16	16
16	43
16	91
16	16
16	34
16	65
16	17
16	68
16	33
16	16
16	32
16	16
16	46
16	68
16	36
16	36
16	46
16	32
16	33
16	16
16	46
16	32
17	17
17	36
17	36
17	17
17	36
17	32
17	68
17	68
17	68
17	33
17	32
17	17
17	91
17	37
17	46
17	68
17	32
17	17
17	17
17	17
17	33
17	33
17	17
17	19
17	46
17	32
17	17
17	20
17	32
18	65
18	65
18	18
18	24
18	20
18	26
18	24
18	35
18	38
18	18
18	20
18	46
18	61
18	18
18	18
18	70
18	22
18	31
18	18
18	18
18	39
18	22
18	18
18	18
18	18
18	18
18	22
18	22
18	61
18	22
18	31
18	22
18	62
18	57
18	40
18	18
18	38
18	41
18	21
18	22
18	18
18	21
18	39
18	22
18	19
19	21
19	19
19	39
19	20
19	22
19	39
19	19
19	21
19	23
19	23
19	19
19	20
19	19
19	39
19	37
19	23
19	39
19	39
19	37
19	23
19	19
19	19
19	69
19	37
19	19
19	21
19	37
19	19
19	19
19	38
19	19
19	19
19	39
19	39
19	54
19	20
19	24
19	19
19	28
19	19
19	19
19	19
19	26
19	26
19	19
19	20
19	19
19	34
19	23
19	20
19	90
20	30
20	34
20	24
20	20
20	35
20	24
20	20
20	20
20	36
20	20
20	20
20	37
20	24
20	29
20	21
20	20
20	25
20	20
20	24
20	40
20	24
20	20
20	55
20	25
20	53
20	25
20	53
20	20
20	48
20	20
20	66
20	22
20	53
20	29
20	22
20	24
20	66
20	55
21	23
21	24
21	25
21	21
21	31
21	48
21	31
21	66
21	51
21	25
21	56
21	31
21	29
21	40
21	21
21	57
21	21
21	38
21	21
21	57
21	21
21	38
21	21
21	21
21	21
21	38
21	38
21	21
21	40
21	21
21	39
21	39
21	38
21	21
21	41
21	21
21	39
21	21
21	38
21	38
21	21
21	33
21	63
21	45
21	21
21	38
21	27
21	41
21	40
21	45
21	22
21	40
21	21
21	25
21	21
22	22
22	27
22	90
22	22
22	22
22	40
22	22
22	23
22	40
22	23
22	32
22	22
22	22
22	22
22	22
22	23
22	40
22	23
22	23
22	24
22	22
22	23
22	31
22	23
22	24
22	61
22	22
22	31
22	23
22	23
22	22
22	22
22	22
22	41
22	23
22	29
22	22
22	27
23	23
23	23
23	23
23	25
23	24
23	55
23	23
23	23
23	90
23	23
23	23
23	23
23	23
23	25
23	25
23	26
23	26
23	23
23	23
23	25
23	24
23	24
23	40
23	24
23	23
23	23
23	23
23	24
23	23
23	90
23	24
24	29
24	24
24	24
24	24
24	48
24	90
24	52
24	90
24	24
24	27
24	27
24	27
24	24
24	25
24	25
24	26
24	25
24	24
24	24
24	24
24	24
24	26
24	24
24	24
24	25
24	25
24	25
24	49
24	25
24	25
24	25
24	25
24	55
24	25
24	24
25	25
25	25
25	25
25	25
25	48
25	25
25	25
25	31
25	38
25	29
25	25
25	29
25	25
25	25
25	25
25	28
25	27
25	26
25	25
25	25
25	31
25	30
25	29
25	26
25	26
25	29
25	27
25	26
25	27
25	27
26	26
26	30
26	28
26	26
26	26
26	26
26	28
26	26
26	30
26	28
26	26
26	26
26	35
26	51
26	26
26	26
26	27
26	26
26	29
26	26
26	26
26	26
26	26
26	26
26	26
26	26
26	29
26	26
26	27
26	28
26	26
26	26
26	26
26	27
26	29
26	27
26	26
26	26
26	30
26	26
26	27
26	27
26	26
26	40
26	27
26	27
26	26
26	28
26	27
26	27
27	30
27	27
27	37
27	27
27	27
27	27
27	27
27	27
27	27
27	27
27	27
27	27
27	27
27	27
27	29
27	28
27	27
27	27
27	27
27	27
27	27
27	27
27	27
27	27
27	27
27	27
27	27
27	27
27	29
27	27
27	27
27	29
27	27
27	27
27	27
27	28
27	28
27	29
27	27
27	29
27	29
27	28
27	27
27	29
28	28
28	28
28	28
28	28
28	28
28	31
28	28
28	28
28	30
28	28
28	28
28	28
28	30
28	28
28	28
28	28
28	29
28	30
28	28
28	28
28	28
28	28
28	29
28	28
28	28
28	28
28	30
28	28
28	28
28	28
28	29
28	31
28	31
28	31
28	31
28	28
28	29
29	29
29	29
29	42
29	29
29	48
29	29
29	29
29	29
29	29
29	53
29	29
29	53
29	66
29	54
29	29
29	67
29	29
29	29
29	29
29	29
29	40
29	54
29	55
29	40
29	40
29	38
29	34
29	41
29	39
29	38
29	56
29	29
29	57
29	29
29	56
29	58
29	39
29	56
29	30
29	30
29	30
29	30
29	29
29	30
29	30
29	38
29	29
30	30
30	42
30	30
30	38
30	30
30	38
30	30
30	51
30	39
30	52
30	52
30	52
30	52
30	30
30	30
30	35
30	36
30	30
30	52
30	57
30	52
30	52
30	35
30	36
30	30
30	30
30	30
30	30
30	30
30	30
30	30
30	30
30	30
30	31
30	32
30	31
30	31
31	31
31	31
31	33
31	31
31	33
31	32
31	32
31	32
31	31
31	32
31	63
31	63
31	31
31	31
31	31
31	31
31	31
31	31
31	31
31	32
31	32
31	31
31	44
31	32
31	32
31	31
31	32
31	63
31	34
31	33
31	32
32	32
32	33
32	32
32	32
32	32
32	33
32	32
32	32
32	44
32	65
32	66
32	68
32	32
32	32
32	32
32	32
32	65
32	65
32	32
32	65
32	32
32	65
32	32
32	65
32	68
32	68
32	68
32	32
32	32
32	32
32	32
32	32
32	37
32	35
32	63
32	32
32	62
32	32
32	33
32	63
32	34
32	33
32	33
32	34
32	36
32	34
32	60
32	36
32	63
32	32
32	33
32	32
32	33
32	36
32	33
32	36
32	36
32	33
32	33
33	33
33	33
33	44
33	33
33	33
33	36
33	68
33	68
33	36
33	68
33	35
33	36
33	33
33	34
33	33
33	34
33	67
33	67
33	53
33	67
33	34
33	36
33	33
33	62
33	64
33	63
33	68
33	66
33	36
33	37
33	33
33	63
33	36
33	36
33	33
33	33
33	36
33	34
33	33
33	33
34	34
34	36
34	36
34	34
34	63
34	34
34	34
34	34
34	34
34	63
34	34
34	34
34	36
34	34
34	34
34	34
34	34
34	34
34	63
34	34
34	34
34	34
34	34
34	35
34	34
34	35
34	34
34	34
34	35
34	63
34	34
34	35
34	34
34	35
34	34
34	35
34	35
34	35
34	34
34	35
34	34
34	34
34	34
34	34
34	34
34	36
34	35
34	35
34	34
34	35
34	35
34	35
34	35
35	35
35	35
35	35
35	66
35	53
35	35
35	35
35	66
35	66
35	35
35	66
35	66
35	67
35	67
35	66
35	53
35	67
35	35
35	68
35	67
35	53
35	35
35	35
35	67
35	53
35	36
35	43
35	62
35	35
35	36
35	36
35	36
35	37
36	36
36	64
36	36
36	66
36	37
36	36
36	64
36	36
36	36
36	36
36	67
36	66
36	36
36	36
36	36
36	36
36	36
36	67
36	36
36	36
36	63
36	63
36	36
36	36
36	36
36	36
36	62
36	36
36	44
36	63
36	62
36	44
36	37
36	36
36	37
36	44
36	65
36	65
37	61
37	44
37	65
37	65
37	37
37	40
37	62
37	64
37	37
37	43
37	66
37	47
37	37
37	37
37	37
37	37
37	66
37	63
37	62
37	37
37	37
37	38
37	38
37	66
37	37
37	62
37	37
37	62
37	37
37	37
37	37
37	37
37	37
37	37
37	37
37	37
37	37
37	38
37	37
37	37
37	38
37	37
37	37
37	37
37	61
37	40
37	39
37	38
37	38
37	37
37	52
37	39
37	37
38	38
38	45
38	38
38	38
38	38
38	38
38	75
38	38
38	38
38	38
38	38
38	38
38	51
38	68
38	38
38	38
38	38
38	52
38	39
38	38
38	39
38	39
38	55
38	39
38	38
38	39
38	39
38	54
38	39
38	55
38	38
38	38
38	38
38	38
38	38
38	40
38	56
38	38
38	41
38	40
38	91
38	38
38	38
38	56
39	39
39	51
39	39
39	39
39	51
39	39
39	39
39	51
39	51
39	51
39	57
39	39
39	45
39	70
39	40
39	61
39	39
39	45
39	40
39	71
39	39
39	40
39	39
39	47
39	45
39	44
39	40
39	70
39	61
39	39
39	39
39	43
39	39
39	39
39	40
39	45
39	39
39	70
39	60
39	39
39	42
39	70
39	39
39	44
39	39
39	44
39	64
39	41
39	41
39	57
40	40
40	41
40	40
40	40
40	57
40	43
40	41
40	41
40	42
40	71
40	55
40	40
40	40
40	40
40	55
40	55
40	41
40	61
40	72
40	45
40	40
40	40
40	56
40	41
40	41
40	40
40	41
40	92
40	41
40	40
40	40
40	40
40	41
40	90
40	41
40	40
40	45
40	55
40	41
40	55
40	40
41	41
41	70
41	69
41	55
41	69
41	61
41	41
41	41
41	41
41	41
41	41
41	57
41	55
41	58
41	55
41	41
41	55
41	41
41	41
41	55
41	41
41	65
41	55
41	41
41	55
41	42
41	42
41	41
41	41
41	41
41	47
41	41
41	41
41	41
41	41
41	54
41	88
41	47
41	41
41	41
41	41
41	42
41	55
41	41
41	41
41	42
41	55
41	41
41	41
41	70
41	45
41	41
41	44
41	44
41	57
42	56
42	47
42	56
42	77
42	55
42	55
42	56
42	42
42	60
42	56
42	42
42	51
42	51
42	65
42	78
42	42
42	70
42	42
42	42
42	65
42	46
42	44
42	64
42	47
42	75
42	75
42	42
42	45
42	59
42	45
42	44
42	55
42	61
42	61
42	55
42	55
42	55
42	43
42	42
42	42
42	70
42	43
42	43
42	61
42	42
42	60
42	42
42	43
42	70
42	70
42	47
42	70
42	61
42	70
42	56
42	61
43	70
43	43
43	43
43	43
43	47
43	70
43	43
43	43
43	43
43	43
43	43
43	43
43	43
43	43
43	60
43	45
43	44
44	44
44	60
44	60
44	44
44	62
44	60
44	60
44	60
44	68
44	65
44	68
44	65
44	65
44	68
44	65
44	65
44	68
44	45
44	44
44	55
44	44
44	62
44	62
44	62
44	61
44	44
44	59
44	44
44	44
44	68
44	61
44	59
44	61
44	71
44	70
44	59
44	71
44	71
44	45
45	62
45	64
45	45
45	45
45	68
45	68
45	59
45	70
45	45
45	70
45	59
45	62
45	45
45	49
45	53
45	45
45	45
45	45
45	46
46	91
46	91
46	46
46	46
46	65
46	65
46	61
46	61
46	50
46	63
46	50
46	50
46	67
46	46
46	50
46	70
46	63
46	68
46	65
46	51
46	73
46	65
46	69
46	73
46	47
46	78
46	71
46	72
46	75
46	47
46	75
46	46
46	47
46	80
46	80
46	46
46	75
46	47
46	75
46	76
46	80
47	47
47	81
47	82
47	105
47	82
47	82
47	79
47	75
47	87
47	47
47	77
47	71
47	75
47	78
47	86
47	103
47	74
47	53
47	72
47	57
47	47
47	53
47	47
47	90
47	76
47	90
47	73
47	54
47	54
47	74
47	74
47	67
47	74
47	56
47	72
47	77
47	75
47	91
47	72
48	57
48	73
48	76
48	77
48	66
48	78
48	48
48	48
48	53
48	53
48	54
48	48
48	48
48	76
48	48
48	71
48	66
48	93
48	93
48	77
48	77
48	93
48	94
48	93
48	48
48	48
48	71
48	66
48	77
48	48
48	75
48	71
48	71
48	71
48	48
49	71
49	75
49	76
49	53
49	104
49	104
49	92
49	90
49	104
49	104
49	49
49	49
49	53
49	56
49	77
49	53
49	49
49	90
49	49
49	69
49	56
49	49
49	49
49	49
49	70
49	74
49	49
49	52
49	50
49	50
49	74
49	49
49	88
49	52
49	70
49	49
49	89
49	49
49	69
49	70
49	57
49	89
50	52
50	50
50	69
50	56
50	50
50	52
50	69
50	69
50	69
50	90
50	70
50	77
50	50
50	70
50	52
50	52
50	68
50	90
50	56
50	50
50	50
50	50
50	70
50	90
50	50
50	56
50	50
50	50
50	77
50	77
50	53
50	50
50	52
50	70
50	50
50	50
50	50
50	77
50	70
50	70
50	73
50	50
50	57
50	74
50	51
50	50
50	51
50	52
50	50
50	53
50	51
50	51
50	57
50	69
50	69
51	51
51	68
51	78
51	69
51	77
51	69
51	57
51	77
51	73
51	52
51	52
51	58
51	65
51	51
51	88
51	66
51	88
51	51
51	51
51	51
51	51
51	51
51	88
51	52
51	88
51	51
51	51
51	68
51	51
51	51
51	51
51	57
51	57
51	51
51	51
51	51
51	51
51	51
51	51
51	51
51	51
51	51
51	51
51	51
51	51
51	51
51	52
51	51
51	59
51	51
51	52
51	52
51	52
51	52
51	52
51	52
51	51
51	60
52	72
52	88
52	72
52	70
52	52
52	52
52	87
52	104
52	72
52	52
52	52
52	72
52	52
52	73
52	52
52	60
52	72
52	52
52	72
52	65
52	83
52	52
52	52
52	87
52	87
52	84
52	52
52	52
52	52
52	52
52	87
52	52
52	52
52	52
52	52
52	72
52	52
52	52
52	52
52	52
52	52
52	65
52	52
52	90
52	52
52	88
52	56
52	52
52	56
52	57
52	57
52	56
52	52
52	71
52	70
52	56
52	53
52	53
53	69
53	53
53	78
53	69
53	69
53	53
53	69
53	53
53	53
53	73
53	69
53	53
53	69
53	69
53	75
53	53
53	53
53	57
53	57
53	53
53	55
53	53
53	55
53	54
53	54
53	54
53	69
53	69
53	53
53	53
53	77
53	55
53	53
53	69
53	53
53	53
53	53
53	53
53	71
53	54
53	55
53	55
53	66
53	67
53	66
53	53
53	66
53	76
53	53
53	54
53	77
53	66
54	55
54	78
54	55
54	54
54	54
54	56
54	57
54	54
54	78
54	55
54	56
54	73
54	58
54	56
54	78
54	72
54	54
54	56
54	75
54	54
54	87
54	87
54	87
54	71
54	76
54	86
54	55
54	86
54	54
54	54
54	55
54	54
54	55
54	54
54	54
54	74
54	75
54	54
54	86
54	87
54	86
54	54
54	74
54	54
54	54
54	54
54	54
54	57
54	67
54	54
54	57
54	55
54	76
54	55
54	55
54	55
54	55
54	55
54	67
54	56
54	55
54	57
54	54
54	57
54	55
55	55
55	55
55	55
55	55
55	55
55	55
55	71
55	55
55	55
55	55
55	55
55	55
55	56
55	56
55	56
55	55
55	55
55	72
55	55
55	55
55	55
55	72
55	72
55	55
55	66
55	55
55	55
55	55
55	56
55	55
55	70
55	69
55	55
55	69
55	69
55	55
55	69
55	55
55	55
55	55
55	55
55	55
55	55
55	55
55	100
55	83
56	70
56	56
56	65
56	71
56	56
56	69
56	70
56	56
56	71
56	56
56	56
56	77
56	90
56	56
56	74
56	74
56	77
56	69
56	56
56	57
56	57
56	67
56	56
56	57
56	71
56	57
56	57
56	73
56	56
56	88
56	57
56	74
56	91
56	57
56	88
56	92
56	56
56	66
56	74
56	77
56	77
56	56
56	57
56	69
56	56
56	56
57	57
57	57
57	57
57	57
57	57
57	57
57	57
57	57
57	67
57	67
57	104
57	57
57	57
57	57
57	57
57	57
57	57
57	57
57	89
57	69
57	89
57	68
57	57
57	67
57	57
57	67
57	58
57	57
57	69
57	69
57	78
57	57
57	69
57	58
57	67
57	73
57	69
57	76
57	73
58	74
58	88
58	58
58	74
58	58
58	58
58	58
58	58
58	58
58	74
58	58
58	58
58	58
58	73
58	69
58	58
58	58
58	69
58	58
58	58
58	58
58	69
58	69
58	74
58	67
58	58
58	69
58	67
58	58
58	68
58	59
58	58
58	58
58	59
58	58
58	58
58	58
58	68
58	68
58	68
58	58
58	59
58	58
58	59
58	59
59	68
59	68
59	59
59	59
59	59
59	59
59	59
59	59
59	59
59	59
59	59
59	59
59	59
59	59
59	59
59	62
59	62
59	62
59	59
59	62
59	62
59	59
59	59
59	89
59	59
59	59
59	68
59	62
59	59
59	62
59	69
59	59
59	59
59	59
59	59
59	63
59	59
59	59
59	59
59	89
59	89
59	73
59	59
59	68
59	60
59	68
59	74
59	76
60	89
60	60
60	73
60	73
60	72
60	87
60	87
60	104
60	103
60	60
60	72
60	72
60	73
60	101
60	87
60	60
60	72
60	60
60	60
60	60
60	60
60	60
60	87
60	60
60	61
60	60
60	61
60	100
60	60
60	84
60	87
60	100
60	61
60	100
60	60
60	87
60	104
60	72
60	72
60	72
60	60
60	68
61	61
61	61
61	61
61	61
61	62
61	61
61	62
61	61
61	61
61	100
61	61
61	61
61	61
61	61
61	61
61	61
61	65
62	62
62	62
62	62
62	62
62	62
62	64
62	62
62	101
62	87
62	87
62	87
62	62
62	62
62	63
62	66
62	66
62	66
62	64
63	63
63	63
63	63
63	63
63	63
63	70
63	67
63	65
63	64
63	64
63	64
63	66
63	66
63	91
63	65
63	63
63	87
63	64
63	63
63	63
63	67
63	66
63	77
63	64
63	63
63	63
63	63
63	63
63	63
63	65
63	68
63	68
63	63
63	70
63	63
63	81
64	64
64	81
64	64
64	65
64	64
64	64
64	64
64	64
64	64
64	87
64	64
64	84
64	64
64	66
64	64
64	66
64	64
64	66
64	65
64	64
64	64
64	65
64	65
64	64
64	64
64	65
65	65
65	65
65	65
65	66
65	65
65	65
65	65
65	65
65	65
65	100
65	65
65	65
65	72
65	65
65	65
65	65
65	65
65	65
65	65
65	65
65	65
65	65
65	65
65	65
65	65
65	66
65	68
66	66
66	92
66	77
66	66
66	68
66	66
66	66
66	68
66	66
66	91
66	66
66	66
66	91
66	67
66	66
66	66
66	66
66	66
66	74
66	74
66	66
66	66
66	66
66	81
66	66
66	66
66	78
66	66
66	66
66	78
66	67
66	66
66	68
66	66
66	92
66	68
66	66
67	71
67	81
67	67
67	78
67	73
67	67
67	67
67	78
67	67
67	67
67	67
67	69
67	67
67	69
67	97
67	67
67	67
67	69
67	67
67	68
67	71
67	74
67	91
67	78
67	69
67	103
67	67
67	67
67	73
67	78
68	74
68	69
68	68
68	68
68	68
68	68
68	68
68	68
68	68
68	68
68	68
68	68
68	68
68	76
68	76
68	76
68	76
68	76
68	92
68	91
68	68
68	77
68	68
68	68
68	69
68	68
68	101
68	83
68	101
68	68
68	68
68	68
68	77
68	77
68	72
69	89
69	69
69	69
69	69
69	69
69	90
69	69
69	76
69	69
69	90
69	69
69	77
69	104
69	69
69	104
69	69
69	69
69	73
69	69
69	69
69	76
69	69
69	69
69	69
69	69
69	81
69	69
69	77
69	76
69	69
69	76
69	76
69	72
69	69
69	69
69	74
69	69
69	88
69	69
69	78
70	74
70	70
70	70
70	70
70	70
70	70
70	70
70	70
70	70
70	70
70	70
70	70
70	70
70	89
70	75
70	70
70	70
70	70
70	70
70	77
70	70
70	71
71	71
71	71
71	73
71	71
71	75
71	103
71	103
71	79
71	87
71	105
71	71
71	71
71	71
71	75
71	75
71	71
71	76
71	71
71	72
71	72
71	76
71	96
72	79
72	72
72	72
72	75
72	72
72	86
72	82
72	73
72	86
72	104
72	72
72	74
72	74
72	74
72	74
72	72
72	72
72	72
72	75
72	72
72	72
72	75
72	98
72	72
72	72
72	72
72	91
72	86
72	104
73	73
73	73
73	74
73	74
73	73
73	104
73	73
73	73
73	73
73	106
73	111
73	86
73	77
73	89
73	89
73	104
73	77
73	73
73	77
73	78
73	77
73	103
74	74
74	78
74	76
74	74
74	74
74	74
74	74
74	74
74	74
74	74
74	86
74	86
74	86
74	75
74	78
74	88
74	77
74	76
75	75
75	78
75	78
75	77
75	76
75	75
75	75
75	96
75	86
75	82
75	78
75	80
75	81
75	75
75	75
75	79
75	78
75	78
75	87
75	91
75	86
75	86
75	75
75	75
75	96
75	75
75	75
75	79
75	75
75	94
75	75
75	79
75	98
75	76
75	82
75	78
75	78
75	77
75	75
75	76
75	76
75	75
75	92
75	95
75	75
75	95
75	95
76	76
76	92
76	87
76	92
76	76
76	95
76	93
76	76
76	76
76	76
76	76
76	76
76	101
76	76
76	77
77	77
77	77
77	77
77	77
77	77
77	78
77	78
77	78
77	104
77	77
77	77
77	77
77	78
77	78
78	86
78	78
78	78
78	78
78	78
78	78
78	78
78	78
78	78
78	78
78	104
78	79
78	80
78	79
78	78
78	104
78	104
78	105
78	78
78	104
78	78
78	78
78	78
79	105
79	105
79	105
79	105
79	105
79	105
79	107
79	104
79	104
79	79
79	79
79	79
79	79
79	79
79	79
79	79
79	79
79	87
79	81
79	81
79	79
79	79
79	93
79	93
79	79
79	79
79	79
79	101
79	94
79	104
79	79
79	86
79	86
79	86
79	86
79	79
79	79
79	80
79	101
79	101
79	79
79	79
79	87
79	80
79	79
79	80
79	80
79	79
79	79
79	80
79	80
79	101
79	80
79	79
79	79
79	83
79	81
79	80
79	101
79	87
79	86
79	79
79	80
79	86
79	87
80	81
80	80
80	105
80	81
80	81
80	101
80	86
80	81
80	87
80	81
80	83
80	83
80	80
80	86
80	83
80	82
80	82
80	82
80	80
80	80
80	103
80	80
80	102
80	80
80	85
80	80
80	80
80	85
80	81
80	101
80	80
80	101
80	80
80	80
80	80
80	105
80	105
80	105
80	80
80	81
80	81
80	81
80	80
80	99
80	148
80	81
81	82
81	106
81	104
81	81
81	88
81	105
81	81
81	85
81	81
81	81
81	81
81	105
81	106
81	86
81	118
81	83
81	90
81	84
81	116
81	101
81	101
81	81
81	81
81	81
81	81
81	81
81	105
81	86
81	81
81	81
81	118
81	86
81	87
81	86
81	107
81	106
81	157
81	82
81	82
81	81
81	86
81	86
82	82
82	82
82	82
82	103
82	82
82	82
82	82
82	82
82	82
82	82
82	105
82	82
82	82
82	130
82	111
82	90
82	82
82	85
82	105
82	86
82	82
82	82
82	82
82	97
82	117
82	116
82	130
82	82
82	85
82	101
82	82
82	105
82	82
82	116
82	116
82	117
82	116
82	97
82	130
82	116
82	85
82	85
82	91
82	91
82	112
82	83
82	109
83	130
83	100
83	109
83	99
83	96
83	108
83	83
83	100
83	117
83	91
83	83
83	83
83	100
83	100
83	130
83	96
83	90
83	131
83	93
83	100
83	116
83	127
83	130
83	130
83	100
83	109
83	93
83	100
83	130
83	110
83	109
83	130
83	109
83	130
83	109
83	109
83	109
83	97
83	97
83	130
83	97
83	102
83	102
83	97
83	86
83	101
83	83
83	101
83	97
83	98
83	96
83	97
83	83
83	97
83	130
83	102
83	83
83	99
83	101
83	101
83	97
83	103
83	83
83	130
83	130
83	83
83	101
83	101
83	90
83	85
83	96
83	101
83	83
83	97
83	83
83	103
83	83
83	103
83	101
83	97
83	101
83	96
83	103
83	103
83	101
83	157
83	96
83	97
83	101
83	101
83	158
83	101
83	103
83	103
83	83
83	84
83	103
83	83
83	85
83	84
83	84
83	83
83	103
83	84
83	83
83	84
83	87
83	84
83	84
84	96
84	84
84	116
84	96
84	85
84	100
84	84
84	100
84	84
84	85
84	85
84	84
84	84
84	84
84	84
84	84
84	84
84	84
84	84
84	84
84	84
84	84
84	157
84	84
84	116
84	84
84	84
84	84
84	84
84	100
84	84
84	104
84	84
84	84
84	84
84	84
84	85
84	85
84	103
84	96
84	84
84	84
84	130
84	84
84	84
84	121
84	84
84	85
84	84
84	131
84	85
84	84
84	84
84	85
84	85
84	85
84	85
84	84
84	85
84	84
84	96
84	96
84	84
84	85
84	96
84	84
84	85
84	101
84	84
84	84
84	157
84	84
84	103
84	103
84	103
84	103
84	84
84	85
84	85
84	85
84	85
84	130
84	85
85	130
85	103
85	157
85	85
85	103
85	103
85	85
85	116
85	103
85	103
85	100
85	103
85	103
85	101
85	97
85	85
85	85
85	85
85	85
85	85
85	85
85	85
85	85
85	85
85	85
85	100
85	97
85	85
85	85
85	85
85	85
85	85
85	96
85	85
85	100
85	103
85	130
85	130
85	85
85	85
85	85
85	85
85	116
85	85
85	102
85	102
85	130
85	100
85	130
85	85
85	103
85	103
85	103
85	102
85	86
85	97
85	130
85	98
85	96
85	101
85	85
85	85
85	85
85	85
85	85
85	104
85	85
85	85
85	101
85	116
85	85
85	85
85	97
85	98
85	130
85	97
85	85
85	116
85	85
85	86
85	104
85	134
86	86
86	102
86	86
86	104
86	104
86	88
86	86
86	86
86	88
86	88
86	86
86	86
86	86
86	98
86	86
86	116
86	86
86	86
86	86
86	87
86	104
86	86
86	106
86	86
86	86
86	86
86	87
86	86
86	86
86	86
86	87
86	87
86	87
87	87
87	87
87	87
87	88
87	87
87	87
87	87
87	87
87	103
87	87
87	87
87	91
87	91
87	103
87	87
87	87
87	120
87	116
87	103
87	87
87	87
87	103
87	87
87	87
87	87
87	103
87	104
87	104
87	104
87	87
87	87
87	87
87	87
87	87
87	87
87	87
87	87
87	87
87	87
87	87
87	88
87	88
87	88
87	88
88	88
88	88
88	88
88	88
88	88
88	104
88	88
88	88
88	94
88	104
88	95
88	88
88	88
88	88
88	95
88	88
88	88
88	88
88	95
88	88
88	88
88	88
88	88
88	88
88	88
88	88
88	89
88	88
88	88
88	88
88	88
88	88
88	88
88	88
88	88
88	88
88	88
88	88
88	88
88	95
88	88
88	88
88	89
88	89
88	88
88	88
88	89
88	88
88	88
88	88
89	89
89	89
89	89
89	89
89	89
89	89
89	89
89	89
89	89
89	89
89	96
89	89
89	89
89	89
89	89
89	89
89	96
89	89
89	89
89	89
89	89
89	89
89	89
89	89
89	89
89	89
89	89
89	89
89	122
89	92
89	89
89	90
89	89
89	89
89	89
89	89
89	89
89	89
89	89
89	89
89	89
89	89
89	89
89	89
89	89
89	89
89	122
89	89
89	89
89	89
89	89
89	89
89	89
89	89
89	89
89	122
89	89
89	89
89	89
89	89
89	89
89	90
89	89
89	89
89	102
89	90
89	89
89	90
89	122
90	90
90	122
90	90
90	90
90	90
90	90
90	90
90	90
90	90
90	90
90	90
90	122
90	90
90	104
90	90
90	90
90	90
90	90
90	90
90	116
90	102
90	102
90	90
90	108
90	108
90	102
90	90
90	90
90	90
90	102
90	108
90	90
90	90
90	109
90	109
90	90
90	90
90	90
90	90
90	94
90	107
90	90
90	107
90	107
90	90
90	107
90	118
90	119
90	118
90	107
90	104
90	111
90	90
90	102
90	102
91	117
91	91
91	104
91	91
91	127
91	93
91	97
91	91
91	110
91	117
91	104
91	111
91	110
91	111
91	117
91	110
91	103
91	109
91	91
91	116
91	108
91	111
91	110
91	91
91	118
91	91
92	92
92	92
92	109
92	93
92	92
92	92
92	92
92	92
92	137
92	137
92	119
92	93
92	92
92	92
92	92
92	93
92	95
92	95
92	125
92	95
92	92
92	92
92	125
92	108
92	118
92	117
92	118
92	92
92	92
92	92
92	92
92	118
92	93
92	92
92	93
92	109
92	105
92	105
92	105
92	105
92	109
92	109
92	112
92	111
92	106
92	118
92	93
93	93
93	93
93	123
93	93
93	93
93	129
93	93
93	95
93	93
93	93
93	105
93	93
93	129
93	95
93	108
93	96
93	105
93	93
93	96
93	95
93	97
93	93
93	108
93	93
93	129
93	96
93	94
93	93
93	109
93	107
93	125
93	93
93	93
93	93
93	106
94	94
94	97
94	105
94	94
94	106
94	94
94	106
94	94
94	106
94	106
94	106
94	105
94	97
94	97
94	106
94	98
94	94
94	94
94	94
94	97
94	107
94	94
94	108
94	94
94	94
94	94
94	94
94	96
94	96
94	96
94	94
94	95
94	94
94	94
94	94
94	94
94	95
94	95
94	95
94	130
95	95
95	95
95	95
95	95
95	95
95	96
95	96
95	95
95	96
95	95
95	95
95	95
95	95
95	95
95	95
95	95
95	95
95	95
95	95
95	95
95	95
95	95
95	95
95	129
95	95
95	95
95	95
95	95
95	95
95	95
95	95
95	129
95	95
95	95
95	95
95	95
95	95
95	95
95	95
95	95
95	95
95	151
95	95
95	95
95	135
95	95
95	95
95	95
95	95
95	95
95	95
95	95
95	96
95	95
95	96
95	96
95	96
95	96
95	96
95	117
96	96
96	96
96	96
96	96
96	96
96	96
96	96
96	121
96	96
96	96
96	96
96	96
96	96
96	96
96	96
96	100
96	96
96	96
96	96
96	96
96	96
96	96
96	96
96	96
96	96
96	96
96	96
96	96
96	96
96	101
96	96
96	96
96	96
96	101
96	96
96	96
96	96
96	96
96	96
96	101
96	133
96	156
96	101
96	96
96	96
96	96
96	96
96	96
96	96
96	96
96	96
96	96
96	96
96	96
96	97
96	96
96	97
96	100
96	123
96	96
96	98
96	101
96	96
96	101
96	98
96	98
96	101
96	98
96	96
96	97
96	96
96	130
96	116
96	97
96	103
96	101
96	96
96	96
96	96
96	116
96	97
97	114
97	97
97	130
97	131
97	116
97	97
97	103
97	131
97	97
97	157
97	157
97	103
97	97
97	130
97	100
97	98
97	97
97	98
97	103
97	97
97	98
97	98
97	129
97	130
97	97
97	157
97	98
97	98
97	99
97	99
97	99
97	98
97	99
97	98
97	97
97	97
97	98
97	102
97	154
97	97
97	102
97	98
97	98
97	102
97	98
97	137
97	110
97	110
97	110
97	97
97	97
97	97
97	110
97	97
97	130
97	119
97	97
97	110
97	119
97	97
97	97
97	97
97	119
97	97
97	97
97	97
97	97
97	97
97	103
97	103
97	103
97	103
97	97
97	97
97	103
97	119
97	98
97	98
97	98
97	119
97	97
97	97
97	98
97	98
97	98
97	110
97	97
97	98
97	98
97	98
97	98
98	98
98	98
98	119
98	145
98	110
98	110
98	98
98	98
98	119
98	111
98	111
98	119
98	130
98	130
98	127
98	102
98	98
98	98
98	98
98	98
98	98
98	98
98	104
98	98
98	117
98	130
98	117
98	130
98	98
98	102
98	131
98	109
98	112
98	98
98	98
98	130
98	130
98	117
98	112
98	117
98	129
98	130
98	154
98	99
98	98
98	99
98	99
98	102
98	98
98	99
98	129
98	129
98	99
98	102
98	102
99	153
99	151
99	102
99	158
99	102
99	102
99	137
99	129
99	137
99	116
99	119
99	113
99	112
99	99
99	120
99	115
99	99
99	115
99	99
99	131
99	99
99	99
99	99
99	99
99	99
99	99
99	99
99	99
99	99
99	99
99	120
99	99
99	99
99	100
99	100
99	132
99	132
99	117
99	132
99	114
99	117
99	99
99	99
99	99
99	117
99	114
99	99
99	99
99	120
99	100
99	100
99	130
99	100
99	120
99	120
99	99
99	102
99	101
99	99
99	99
99	99
99	100
99	120
99	114
99	100
100	114
100	100
100	114
100	100
100	100
100	100
100	100
100	114
100	116
100	135
100	131
100	135
100	135
100	117
100	135
100	135
100	100
100	117
100	130
100	100
100	135
100	117
100	100
100	114
100	130
100	116
100	114
100	114
100	135
100	130
100	100
100	100
100	100
100	100
100	138
100	100
100	100
100	102
100	102
100	100
100	100
100	130
100	123
100	130
100	100
100	100
100	100
100	100
100	113
100	100
100	101
100	100
100	100
100	100
100	100
100	130
100	100
100	100
100	101
100	100
100	100
100	101
100	100
100	100
100	100
100	101
100	100
100	100
100	100
100	100
100	103
100	100
100	101
100	103
100	103
101	101
101	101
101	101
101	101
101	101
101	101
101	101
101	101
101	151
101	101
101	101
101	101
101	101
101	101
101	107
101	115
101	101
101	101
101	101
101	101
101	101
101	109
101	101
101	101
101	101
101	115
101	115
101	101
101	101
101	115
101	147
101	103
101	101
101	101
101	101
101	101
101	101
101	101
101	157
101	101
101	134
101	113
101	114
101	101
101	101
101	101
101	101
101	101
101	101
101	101
101	101
101	101
102	102
102	155
102	146
102	103
102	146
102	102
102	102
102	102
102	102
102	102
102	102
102	129
102	146
102	122
102	102
102	102
102	102
102	129
102	102
102	102
102	153
102	102
102	102
102	102
102	102
102	116
102	102
102	102
102	102
102	102
102	102
102	102
102	116
102	102
102	144
102	102
102	103
102	145
102	123
102	154
102	102
102	119
102	102
102	130
102	102
102	154
102	102
102	102
102	102
102	103
102	102
102	116
102	102
102	102
102	102
102	130
102	119
102	130
102	127
102	102
103	103
103	103
103	103
103	103
103	112
103	103
103	103
103	127
103	103
103	103
103	103
103	103
103	112
103	112
103	103
103	103
103	103
103	103
103	103
103	103
103	103
103	103
103	103
103	103
103	103
103	103
103	119
103	147
103	147
103	103
103	103
103	157
103	157
103	103
103	103
103	103
103	103
103	103
103	157
103	103
103	103
103	103
103	115
103	103
103	135
103	103
103	103
103	103
103	103
103	103
103	116
103	103
103	103
103	115
103	115
103	116
104	138
104	138
104	138
104	129
104	104
104	154
104	104
104	104
104	104
104	116
104	116
104	104
104	116
104	104
104	104
104	104
104	104
104	104
104	116
104	104
104	104
104	111
104	104
104	104
104	106
104	106
104	105
104	106
104	106
104	104
104	106
104	104
104	104
104	110
104	111
104	104
104	104
104	104
104	104
104	105
104	105
104	105
104	116
104	105
105	111
105	116
105	105
105	105
105	111
105	105
105	116
105	105
105	105
105	123
105	105
105	105
105	105
105	105
105	105
105	105
105	105
105	117
105	105
105	106
105	105
105	105
105	105
105	105
105	105
105	106
105	105
105	140
105	123
105	106
105	105
105	105
105	106
105	105
105	123
105	105
105	123
105	123
105	105
105	108
105	108
105	108
105	105
105	105
105	105
105	105
105	108
105	109
105	116
105	105
105	105
105	105
105	105
105	119
105	107
105	105
105	123
105	108
105	106
105	108
105	108
105	105
105	109
105	105
105	105
105	105
106	106
106	106
106	107
106	106
106	106
106	106
106	106
106	106
106	106
106	106
106	106
106	143
106	106
106	106
106	107
106	106
106	106
106	111
106	108
106	107
106	107
106	106
106	106
106	106
106	110
106	106
106	111
106	106
106	127
106	106
106	107
106	111
106	106
106	107
106	107
106	110
106	110
107	107
107	129
107	128
107	129
107	122
107	128
107	129
107	129
107	107
107	107
107	107
107	129
107	129
107	122
107	121
107	121
107	108
107	107
107	142
107	108
107	144
107	108
107	107
107	107
107	114
107	108
107	107
107	107
107	107
107	143
107	107
107	107
107	108
107	107
107	144
107	107
107	107
107	107
107	108
107	144
107	107
107	107
107	143
107	142
107	108
107	107
107	108
107	107
107	108
107	107
107	143
107	108
107	144
107	108
107	107
107	108
107	108
107	107
107	107
107	107
107	108
107	107
107	107
107	117
107	116
107	144
107	117
107	107
107	131
107	117
107	107
107	109
107	108
107	144
107	109
107	108
107	108
107	108
107	108
107	108
107	108
107	130
107	108
108	108
108	108
108	108
108	108
108	108
108	108
108	108
108	108
108	108
108	138
108	108
108	150
108	108
108	108
108	109
108	108
108	144
108	138
108	108
108	108
108	145
108	113
108	117
108	117
108	108
108	108
108	143
108	117
108	145
108	108
108	113
108	143
108	117
108	108
108	109
108	108
108	108
108	126
108	108
108	108
108	108
108	108
108	108
108	108
108	144
108	108
108	108
108	127
108	108
108	108
108	108
108	108
108	108
108	108
108	109
108	147
108	145
108	145
108	108
108	108
108	108
108	108
108	109
108	108
108	109
108	116
108	108
108	108
108	109
108	112
108	109
109	109
109	109
109	109
109	109
109	109
109	109
109	109
109	109
109	109
109	127
109	109
109	109
109	112
109	109
109	112
109	109
109	109
109	109
109	116
109	109
109	109
109	111
109	111
109	112
109	127
109	127
109	110
109	109
109	109
109	109
109	109
109	109
110	111
110	128
110	118
110	112
110	110
110	110
110	111
110	123
110	112
110	110
110	110
110	117
110	110
110	110
110	111
110	113
110	111
110	112
110	112
110	110
110	129
110	129
110	110
110	145
110	128
110	112
110	110
110	124
110	124
110	111
110	112
110	119
110	124
110	123
110	118
110	117
110	112
110	112
110	111
110	111
110	110
110	111
110	110
110	111
111	112
111	127
111	112
111	111
111	112
111	128
111	129
111	124
111	129
111	112
111	111
111	111
111	129
111	129
111	127
111	119
111	111
111	117
111	123
111	111
112	112
112	112
112	112
112	127
112	139
112	123
112	112
112	112
112	127
112	129
112	127
112	127
112	112
112	112
112	112
112	119
112	119
112	125
112	125
112	113
113	119
113	120
113	146
113	126
113	113
113	113
113	126
113	113
113	113
113	126
113	113
113	126
113	145
113	146
113	113
113	127
113	113
113	113
113	146
113	132
113	146
113	148
113	113
113	113
113	143
113	143
113	117
113	143
113	113
113	147
113	146
114	145
114	119
114	145
114	120
114	120
114	117
114	114
114	120
114	114
114	117
114	132
114	114
114	114
114	114
114	120
114	117
114	117
114	134
114	114
114	114
114	114
114	114
114	144
114	131
114	134
114	135
114	120
114	120
114	114
114	114
114	114
114	114
114	130
114	117
114	143
114	134
114	115
114	117
114	114
114	132
114	132
115	115
115	115
115	132
115	131
115	135
115	135
115	115
115	131
115	133
115	134
115	135
115	115
115	135
115	135
115	132
115	115
115	131
115	135
115	133
115	133
115	115
115	134
115	134
115	135
115	119
115	115
115	133
115	136
115	136
115	134
115	133
115	134
115	115
115	135
115	135
115	115
115	135
115	115
115	135
115	115
115	115
115	115
115	115
115	137
115	115
115	115
115	115
115	115
115	135
115	115
115	115
115	135
115	115
115	132
115	135
115	137
115	137
115	115
115	137
116	131
116	131
116	131
116	131
116	131
116	157
116	157
116	137
116	116
116	116
116	116
116	116
116	134
116	116
116	116
116	116
116	116
116	116
116	134
116	116
116	116
116	116
116	137
116	137
116	116
116	116
116	153
116	133
116	137
116	116
116	116
116	137
116	117
116	116
116	116
116	137
116	116
116	116
116	116
116	116
116	116
116	116
116	116
116	116
116	116
116	116
116	116
116	116
116	137
116	116
116	116
116	116
116	116
116	138
116	116
116	116
116	117
116	116
117	117
117	130
117	119
117	119
117	118
117	117
117	117
117	147
117	117
117	147
117	117
117	117
117	128
117	117
117	143
117	117
117	117
117	117
117	145
117	128
117	131
117	117
117	127
117	132
117	145
117	131
117	131
117	128
117	143
117	131
117	143
117	145
117	132
117	132
117	118
117	118
118	128
118	128
118	128
118	143
118	145
118	148
118	118
118	146
118	118
118	147
118	154
118	154
118	148
118	147
118	146
118	147
118	148
118	148
118	148
118	141
118	151
118	149
118	159
118	152
118	152
118	142
118	159
118	128
118	141
118	120
118	118
118	118
118	119
118	120
118	135
118	118
118	135
118	119
118	142
118	118
118	118
118	118
118	141
118	118
118	119
118	135
118	118
118	118
118	141
118	141
118	118
118	136
118	135
118	119
118	119
119	119
119	119
119	135
119	119
119	119
119	146
119	120
119	119
119	119
119	139
119	140
119	119
119	152
119	139
119	119
119	119
119	136
119	119
119	119
119	119
119	119
119	136
119	136
119	136
119	136
119	119
119	119
119	136
119	136
119	140
119	140
119	120
119	119
119	119
119	119
119	120
119	136
119	119
119	120
119	120
119	140
119	131
119	120
119	120
119	119
119	119
119	142
119	119
119	120
119	142
119	120
119	120
120	120
120	120
120	120
120	153
120	141
120	120
120	134
120	135
120	120
120	120
120	120
120	120
120	120
120	120
120	120
120	121
120	121
120	121
120	121
120	120
120	121
120	120
120	152
120	121
120	120
120	120
120	121
120	130
120	120
120	120
120	151
120	151
120	151
120	154
120	139
120	151
120	131
120	131
120	131
120	121
121	150
121	121
121	151
121	121
121	121
121	132
121	132
121	121
121	138
121	122
121	121
121	132
121	122
121	138
121	132
121	138
121	121
121	131
121	122
121	121
121	121
121	138
121	138
121	132
121	121
121	159
121	152
121	121
121	152
121	121
121	121
121	137
121	121
121	137
121	152
121	136
121	139
121	152
121	129
121	121
121	129
121	156
121	132
121	138
121	121
121	122
121	138
121	121
121	136
121	154
121	122
121	157
121	138
121	155
121	121
121	121
121	121
121	137
121	121
121	121
121	136
121	121
121	121
121	136
121	121
121	154
121	121
121	156
121	135
121	137
121	121
121	121
121	137
121	136
121	122
121	138
121	148
121	159
121	155
121	121
121	152
121	152
121	122
121	152
121	152
121	138
121	122
121	122
121	121
121	151
121	138
121	137
121	122
121	122
122	122
122	138
122	135
122	122
122	122
122	137
122	122
122	129
122	122
122	122
122	129
122	139
122	129
122	137
122	122
122	122
122	122
122	155
122	139
122	122
122	138
122	138
122	138
122	122
122	129
122	122
122	122
122	138
122	129
122	129
122	138
122	138
122	138
122	148
122	122
122	122
122	122
122	122
122	122
122	122
122	148
122	122
122	122
122	122
122	122
122	122
122	122
122	122
122	122
122	126
122	127
122	122
122	157
122	122
122	122
122	157
122	150
122	157
122	122
122	123
122	123
122	138
122	123
122	123
122	123
122	124
122	123
122	138
122	138
122	138
123	129
123	123
123	123
123	123
123	123
123	123
123	138
123	138
123	151
123	151
123	138
123	123
123	138
123	151
123	123
123	123
123	148
123	124
123	124
123	128
123	123
123	124
123	123
123	138
123	123
123	128
123	140
123	123
123	123
123	123
123	123
123	123
123	140
123	123
123	123
123	123
123	123
123	123
123	123
123	123
123	123
123	123
123	123
123	139
123	123
123	142
123	142
123	142
123	123
123	124
123	123
123	138
124	149
124	129
124	124
124	149
124	124
124	156
124	124
124	124
124	125
124	151
124	124
124	128
124	128
124	149
124	127
124	152
124	129
124	150
124	129
124	128
124	128
124	159
124	159
124	129
124	138
124	150
124	150
124	129
124	154
124	151
124	151
124	139
124	138
124	154
124	150
124	124
124	150
124	154
124	124
124	127
124	124
124	150
124	124
124	124
124	150
124	127
124	125
124	125
124	150
125	125
125	146
125	146
125	125
125	125
125	125
125	125
125	128
125	125
125	128
125	148
125	140
125	157
125	157
125	125
125	125
125	142
125	141
125	125
125	140
125	143
125	143
125	125
125	143
125	128
125	143
125	125
125	127
125	139
125	125
125	127
125	141
125	144
125	142
125	125
125	126
125	126
125	125
125	142
125	126
126	126
126	126
126	142
126	141
126	146
126	126
126	144
126	144
126	144
126	146
126	150
126	146
126	126
126	149
126	126
126	146
126	140
126	126
126	149
126	149
126	149
126	146
126	142
126	146
126	142
126	126
126	144
126	126
126	146
126	146
126	140
126	126
126	144
126	127
126	129
126	126
126	127
126	126
126	140
126	140
126	126
126	140
126	128
126	146
126	126
126	127
126	126
126	127
126	127
126	128
126	140
126	127
126	127
126	145
127	127
127	151
127	127
127	127
127	127
127	129
127	148
127	147
127	151
127	127
127	128
127	127
127	127
127	127
127	127
127	127
127	128
127	128
127	145
127	128
127	158
127	146
127	146
127	127
127	127
127	147
127	127
127	127
127	157
127	146
127	127
127	146
127	127
127	129
127	129
127	128
127	128
127	129
127	145
127	127
127	147
127	127
127	158
127	158
127	147
127	130
128	128
128	128
128	128
128	129
128	130
128	145
128	128
128	129
128	145
128	128
128	151
128	128
128	129
128	128
128	128
128	128
128	128
128	137
128	129
128	128
128	128
128	129
128	129
128	128
128	128
128	129
129	129
129	129
129	145
129	148
129	148
129	151
129	144
129	154
129	154
129	146
129	146
129	135
129	154
129	129
129	129
129	135
129	129
129	136
129	150
129	154
129	129
129	152
129	146
129	152
129	151
129	151
129	153
129	159
129	129
129	129
129	129
129	129
129	156
129	154
129	155
129	129
129	148
129	147
129	138
129	129
129	158
129	130
129	129
129	129
129	130
129	130
129	129
129	130
129	129
129	147
129	134
129	130
129	147
129	147
129	148
130	148
130	130
130	130
130	130
130	130
130	130
130	147
130	130
130	130
130	130
130	131
130	130
130	130
130	130
130	130
130	130
130	131
130	147
130	147
130	130
130	147
130	130
130	147
130	131
130	130
130	147
130	130
130	131
130	130
130	130
130	130
130	130
130	134
130	156
130	133
130	133
130	131
130	131
130	130
130	131
130	158
131	157
131	133
131	134
131	131
131	131
131	133
131	131
131	134
131	134
131	134
131	135
131	134
131	133
131	134
131	131
131	131
131	131
131	144
131	131
131	131
131	131
131	131
131	144
131	131
131	131
131	131
131	144
131	131
131	131
131	144
131	144
131	144
131	131
131	132
131	132
131	132
131	131
131	144
131	131
131	131
131	131
131	131
131	132
131	131
131	132
131	132
131	132
131	132
131	144
132	132
132	132
132	144
132	132
132	132
132	132
132	159
132	132
132	133
132	133
132	133
132	132
132	137
132	132
132	156
132	141
132	133
132	132
132	133
132	137
132	133
132	132
132	153
132	133
132	132
132	157
132	133
132	133
132	153
132	158
132	133
132	132
132	133
132	133
133	133
133	133
133	133
133	135
133	158
133	133
133	133
133	133
133	133
133	150
133	133
133	133
133	133
133	133
133	135
133	133
133	133
133	133
133	133
133	153
133	133
133	154
133	133
133	134
133	135
133	135
133	134
133	133
133	133
133	134
133	134
133	134
133	141
133	134
133	134
133	152
133	134
134	134
134	159
134	157
134	159
134	134
134	157
134	137
134	155
134	134
134	134
134	134
134	134
134	134
134	135
134	134
134	134
134	135
134	153
134	156
134	153
134	134
134	155
134	157
134	134
134	134
134	135
134	141
134	141
134	142
134	134
134	134
134	158
134	153
134	141
134	134
134	142
134	142
134	134
134	135
134	134
134	135
134	135
134	135
135	135
135	135
135	135
135	135
135	159
135	153
135	135
135	135
135	135
135	135
135	135
135	135
135	135
135	135
135	135
135	135
135	135
135	137
135	157
135	155
135	137
135	153
135	158
135	135
135	142
135	135
135	135
135	135
135	137
135	135
135	142
135	148
135	136
135	159
135	136
135	135
135	158
135	158
135	148
135	136
135	158
135	135
135	135
135	136
135	135
135	155
135	135
135	159
135	135
135	142
135	150
135	151
135	159
135	136
136	136
136	136
136	136
136	152
136	136
136	142
136	136
136	136
136	136
136	136
136	136
136	136
136	136
136	136
136	158
136	136
136	136
136	137
136	159
136	136
136	137
136	136
136	159
136	155
136	155
136	136
136	148
136	155
136	155
136	155
136	158
136	137
136	140
136	136
136	136
136	136
136	136
136	158
136	158
136	136
136	137
136	136
136	158
136	159
136	154
136	137
136	137
136	137
136	137
137	137
137	137
137	137
137	137
137	137
137	156
137	137
137	137
137	137
137	137
137	157
137	157
137	144
137	137
137	147
137	155
137	155
137	147
137	152
137	137
137	157
137	137
137	143
138	138
138	138
138	154
138	138
138	138
138	138
138	138
138	138
138	138
138	138
138	154
138	138
138	154
138	138
138	138
138	153
138	138
138	143
138	155
138	138
138	138
138	138
138	138
138	148
138	138
138	138
138	138
138	138
138	138
138	138
138	151
138	138
138	151
138	138
138	139
138	151
138	138
138	151
138	138
138	138
138	139
138	138
138	139
138	138
138	138
138	138
138	138
138	149
138	149
138	138
138	138
138	138
138	139
138	149
138	144
138	138
138	151
138	151
138	152
139	139
139	139
139	150
139	153
139	139
139	139
139	139
139	142
139	151
139	139
139	142
139	151
139	151
139	140
139	139
139	139
139	152
139	159
139	139
139	141
139	139
139	139
139	157
139	139
139	139
139	139
139	139
139	139
139	139
139	139
139	139
139	140
139	139
139	139
139	139
139	142
139	139
139	140
139	151
139	139
139	139
139	144
139	152
139	152
139	152
139	151
139	151
139	140
139	151
139	140
139	140
139	141
140	151
140	140
140	140
140	140
140	145
140	140
140	140
140	140
140	140
140	140
140	152
140	140
140	140
140	144
140	146
140	140
140	151
140	140
140	142
140	150
140	140
140	141
140	140
140	151
140	142
140	140
140	149
140	142
140	142
140	149
140	142
140	140
140	141
140	152
140	144
140	144
140	140
140	140
140	140
140	140
140	141
140	141
140	141
140	141
140	141
141	141
141	141
141	141
141	141
141	151
141	141
141	141
141	141
141	141
141	141
141	143
141	141
141	141
141	141
141	141
141	142
141	142
141	141
142	142
142	142
142	142
142	142
142	142
142	142
142	149
142	149
142	142
142	142
142	142
142	149
142	142
142	153
142	142
142	142
142	144
142	142
142	142
142	144
142	159
142	152
142	142
142	142
142	153
142	159
142	146
142	143
142	156
142	159
142	142
142	152
142	143
142	151
142	143
142	142
142	153
142	143
142	143
142	143
142	143
142	143
142	152
142	143
143	143
143	156
143	155
143	143
143	153
143	159
143	152
143	159
143	143
143	154
143	149
143	155
143	143
143	147
143	147
143	147
143	148
143	143
143	148
143	145
143	143
143	143
143	143
143	144
143	143
143	143
143	143
143	143
143	143
143	143
143	143
143	143
143	148
143	143
143	143
144	144
144	144
144	144
144	144
144	144
144	144
144	144
144	144
144	144
144	154
144	144
144	144
144	144
144	144
144	144
144	144
144	144
144	146
144	144
144	144
144	145
144	144
144	144
144	145
144	144
144	144
144	144
144	144
144	145
144	146
144	144
144	145
144	145
144	155
144	144
144	146
144	145
144	146
144	147
144	146
145	145
145	145
145	145
145	146
145	145
145	145
145	147
145	147
145	148
145	145
145	145
145	145
145	145
145	145
145	145
145	145
145	148
145	146
145	145
145	147
145	145
145	145
145	145
145	145
145	145
145	145
145	145
145	145
145	151
145	145
145	145
145	146
145	145
145	145
145	148
145	145
145	146
145	145
145	149
145	149
145	149
145	149
145	149
145	157
145	146
146	146
146	146
146	146
146	146
146	146
146	154
146	146
146	146
146	150
146	151
146	154
146	146
146	146
146	146
146	146
146	146
146	146
146	157
146	146
146	146
146	148
146	146
146	148
146	146
146	146
146	146
146	146
146	146
146	146
146	146
146	146
146	157
146	146
146	146
146	157
146	153
146	146
146	146
146	146
146	146
146	146
146	146
146	146
146	146
146	146
146	146
146	154
146	146
146	146
146	154
146	146
146	146
146	146
146	157
146	146
146	156
146	148
146	148
147	148
147	148
147	147
147	148
147	148
147	147
147	148
147	148
147	148
147	147
147	147
147	156
147	147
147	159
147	148
147	148
147	148
147	147
147	147
147	148
147	155
147	149
147	149
147	147
147	148
147	147
147	154
147	147
147	148
147	147
147	147
147	147
147	148
147	148
147	147
147	147
147	147
147	147
147	149
147	147
147	147
147	157
147	147
147	148
147	147
147	149
148	149
148	148
148	148
148	148
148	148
148	149
148	148
148	148
148	155
148	155
148	156
148	148
148	148
148	148
148	154
148	159
148	158
148	148
148	154
148	148
148	157
148	148
148	148
148	153
148	148
148	148
148	154
148	154
148	148
148	157
148	154
148	149
148	149
148	149
148	149
149	149
149	149
149	149
149	149
149	149
149	149
149	149
149	149
149	149
149	149
149	149
149	149
149	149
149	151
149	158
149	149
149	157
149	149
149	149
149	149
149	149
149	149
149	149
149	149
149	157
149	149
149	149
149	154
149	158
149	150
149	150
149	149
149	150
149	149
149	155
149	155
149	158
149	151
149	152
149	154
149	158
149	150
149	149
149	154
149	154
149	154
149	149
149	154
149	149
149	149
149	155
149	155
149	158
149	156
149	156
150	150
150	156
150	150
150	156
150	150
150	151
150	150
150	156
150	150
150	150
150	150
150	150
150	150
150	151
150	158
150	150
150	156
150	151
150	151
150	159
150	159
150	150
150	150
150	152
150	159
150	152
150	150
150	152
150	151
150	152
150	153
150	152
150	152
151	151
151	153
151	153
151	152
151	151
151	153
151	151
151	152
151	156
151	151
151	151
151	151
151	154
151	154
151	151
151	151
151	151
151	151
151	151
151	154
151	159
151	151
151	151
151	152
151	152
151	151
151	152
151	152
151	151
152	152
152	152
152	152
152	152
152	152
152	152
152	152
152	152
152	152
152	152
152	156
152	152
152	152
152	152
152	152
152	153
152	152
152	154
152	152
152	152
152	152
152	152
152	153
152	152
152	153
152	156
152	152
152	152
152	154
152	158
152	156
152	152
152	152
152	152
152	152
152	153
152	156
152	159
152	152
152	153
152	153
152	152
152	156
152	152
152	154
152	153
152	153
152	153
152	154
152	154
152	152
152	153
152	153
153	153
153	153
153	153
153	153
153	159
153	153
153	153
153	153
153	156
153	156
153	153
153	153
153	153
153	153
153	153
153	153
153	153
153	159
153	154
153	154
153	153
153	153
153	153
153	153
153	153
153	153
153	158
153	153
153	153
153	153
153	153
153	153
153	153
153	153
153	158
153	153
153	153
153	153
153	153
153	153
153	154
153	154
153	153
153	154
153	154
154	154
154	154
154	154
154	154
154	154
154	154
154	154
154	154
154	156
154	154
154	154
154	156
154	156
154	154
154	154
154	156
154	154
154	154
154	154
154	154
154	155
154	155
154	154
154	155
154	154
154	159
154	159
154	155
154	156
154	155
155	155
155	158
155	158
155	155
155	155
155	155
155	155
155	155
155	158
155	155
155	157
155	158
155	157
155	155
155	155
155	155
155	155
155	158
155	157
155	155
155	155
155	159
155	158
155	156
155	156
155	157
155	157
155	157
155	157
155	157
155	155
155	156
155	155
155	155
155	156
155	156
155	155
155	155
155	155
155	155
155	156
155	156
155	156
155	158
155	155
155	159
155	158
156	156
156	156
156	156
156	158
156	158
156	158
156	156
156	156
156	156
156	156
156	156
156	158
156	158
156	156
156	156
156	156
156	156
156	158
156	159
156	158
156	156
156	156
156	157
156	158
156	156
156	157
156	156
156	157
156	157
156	156
156	157
156	157
156	156
156	156
156	159
157	157
157	157
157	158
157	157
157	158
157	157
157	157
157	157
157	157
157	157
157	157
157	157
157	159
157	158
157	158
157	157
157	157
157	157
157	157
157	157
157	157
157	157
157	157
157	157
157	157
157	158
158	158
158	158
158	158
158	158
158	159
158	158
158	158
158	159
158	158
158	159
158	159
158	159
158	159
158	159
158	159
158	159
158	158
159	159
159	159
159	159
159	159
159	159
159	159
159	159
159	159
