3	3
3	30
3	3
3	9
3	119
3	3
3	119
3	120
3	10
3	120
3	6
3	6
3	3
3	3
3	14
3	9
3	3
3	120
3	9
3	6
3	9
3	3
3	5
3	5
3	5
3	38
3	3
3	3
3	3
3	3
3	4
3	4
3	3
3	3
3	3
3	119
3	3
3	4
3	20
3	21
3	3
3	3
3	21
3	21
3	119
3	4
4	20
4	21
4	21
4	4
4	4
4	6
4	30
4	4
4	24
4	135
4	30
4	32
4	6
4	12
4	10
4	5
4	6
4	4
4	4
4	4
4	7
4	10
4	6
4	4
4	8
4	4
4	25
4	29
4	4
4	33
4	25
4	6
4	24
4	7
4	9
4	4
4	9
4	10
4	4
4	5
4	13
4	5
4	13
4	7
4	13
4	4
4	7
4	4
4	4
4	4
4	5
4	6
4	7
4	23
4	30
4	30
4	13
4	5
5	137
5	5
5	7
5	34
5	16
5	5
5	5
5	5
5	5
5	5
5	136
5	5
5	119
5	39
5	25
5	5
5	39
5	5
5	13
5	136
5	5
5	136
5	136
5	5
5	5
5	6
5	6
5	6
5	5
5	136
5	5
5	5
5	136
5	5
5	27
5	136
5	5
5	5
5	5
5	13
5	5
5	13
5	136
5	136
5	6
5	6
5	5
5	5
5	13
5	136
5	6
5	5
5	136
5	28
5	6
5	13
5	5
5	10
5	10
5	6
5	5
5	10
5	5
5	9
6	25
6	25
6	9
6	13
6	13
6	8
6	6
6	6
6	136
6	6
6	7
6	6
6	136
6	6
6	34
6	6
6	12
6	6
6	21
6	6
6	10
6	135
6	12
6	119
6	6
6	13
6	118
6	40
6	27
6	140
6	34
6	6
6	6
6	6
6	9
6	24
6	6
6	6
6	7
6	7
6	6
6	6
6	30
6	7
6	27
6	33
6	24
6	33
6	24
6	33
6	33
6	34
6	11
6	6
6	34
6	6
6	25
7	7
7	7
7	25
7	22
7	7
7	26
7	26
7	23
7	25
7	29
7	7
7	23
7	13
7	28
7	21
7	7
7	8
7	24
7	24
7	7
7	26
7	26
7	26
7	7
7	10
7	7
7	7
7	23
7	23
7	29
7	27
7	38
7	10
7	37
7	50
7	24
7	24
8	44
8	8
8	45
8	10
8	10
8	8
8	10
8	8
8	8
8	8
8	44
8	8
8	8
8	136
8	8
8	8
8	136
8	8
8	136
8	8
8	136
8	8
8	8
8	8
8	40
8	8
8	44
8	9
8	45
8	45
8	8
8	44
8	8
8	8
8	9
8	8
8	9
8	44
8	33
8	8
8	33
8	14
8	23
8	8
8	11
8	44
8	11
8	8
8	8
8	115
8	33
8	8
8	34
8	8
8	8
8	8
8	8
8	8
8	33
8	32
8	10
8	8
8	34
8	32
8	9
8	9
8	9
8	9
8	31
8	33
8	9
9	34
9	34
9	9
9	50
9	34
9	9
9	9
9	9
9	9
9	10
9	10
9	9
9	9
9	135
9	9
9	118
9	10
9	9
9	50
9	9
9	9
9	9
9	9
9	9
9	9
9	9
9	10
9	119
9	9
9	118
9	9
9	9
9	9
9	9
9	43
9	46
9	9
9	9
9	47
9	43
9	9
9	9
9	135
9	118
9	135
9	9
9	48
9	9
9	138
9	9
9	44
9	9
9	9
9	9
10	10
10	10
10	10
10	10
10	10
10	28
10	45
10	10
10	10
10	10
10	10
10	10
10	45
10	40
10	10
10	23
10	12
10	45
10	12
10	14
10	12
10	29
10	10
10	11
10	10
10	62
10	10
10	62
10	10
10	62
10	13
10	15
10	10
10	10
10	15
10	15
10	29
10	57
10	10
10	56
10	56
10	10
10	44
10	45
10	56
10	48
11	12
11	15
11	11
11	12
11	11
11	11
11	15
11	15
11	24
11	11
11	15
11	15
11	19
11	55
11	11
11	11
11	36
11	116
11	35
11	11
11	15
11	11
11	11
11	11
11	11
11	11
11	11
11	11
11	11
11	14
11	11
11	14
11	14
11	12
11	11
11	22
11	11
11	33
11	11
11	24
11	14
11	14
11	11
11	15
11	11
11	26
11	22
11	14
11	33
11	11
11	34
11	12
11	11
11	11
11	11
11	22
11	12
11	12
11	11
11	14
11	21
12	21
12	21
12	34
12	12
12	13
12	12
12	28
12	15
12	13
12	13
12	12
12	14
12	28
12	16
12	48
12	48
12	12
12	15
12	35
12	48
12	35
12	13
12	15
12	35
12	12
12	12
12	12
12	15
12	27
12	24
12	12
12	27
12	12
12	14
12	12
12	12
12	14
12	12
12	14
12	24
12	12
12	14
12	14
12	14
12	14
12	14
12	26
13	27
13	15
13	26
13	19
13	13
13	15
13	13
13	13
13	15
13	22
13	20
13	22
13	15
13	26
13	13
13	13
13	15
13	16
13	13
13	16
13	13
13	13
13	13
13	13
13	15
13	13
13	16
13	15
13	13
13	22
13	21
13	13
13	15
13	13
13	15
13	15
13	14
13	25
13	14
13	39
13	14
14	14
14	14
14	24
14	14
14	14
14	19
14	39
14	14
14	14
14	22
14	14
14	25
14	26
14	26
14	24
14	38
14	22
14	14
14	40
14	40
14	35
14	14
14	22
14	46
14	20
14	49
14	28
14	14
14	15
14	22
14	14
14	24
14	16
14	50
14	21
14	14
14	21
14	15
14	49
14	15
15	19
15	22
15	15
15	22
15	15
15	22
15	49
15	34
15	24
15	49
15	23
15	22
15	19
15	46
15	22
15	48
15	22
15	15
15	15
15	49
15	15
15	49
15	16
15	16
15	46
15	16
15	38
15	40
15	19
15	38
15	15
15	39
15	39
15	15
15	22
15	15
15	22
15	16
15	15
15	15
15	15
15	49
15	15
15	23
15	15
15	15
15	22
15	15
15	35
15	16
16	16
16	23
16	35
16	16
16	22
16	23
16	22
16	16
16	22
16	35
16	16
16	38
16	16
16	35
16	16
16	24
16	38
16	22
16	16
16	16
16	28
16	22
16	44
16	21
16	44
16	35
16	40
16	19
16	16
16	16
16	17
16	16
16	32
16	20
16	16
16	16
17	17
17	18
17	21
17	18
17	17
17	17
17	17
17	17
17	18
17	17
17	17
17	17
17	17
17	17
17	38
17	17
17	17
17	18
17	18
18	18
18	18
18	18
18	29
18	19
18	19
18	18
18	20
18	18
18	20
18	20
18	21
18	18
18	20
18	18
18	18
18	37
18	19
18	50
18	18
18	18
18	19
18	19
18	19
18	38
19	29
19	45
19	23
19	19
19	50
19	19
19	44
19	50
19	19
19	19
19	23
19	22
19	22
19	38
19	49
19	19
19	49
19	22
19	20
19	19
19	58
19	36
19	19
19	19
19	50
19	50
19	19
19	50
19	51
19	19
19	19
19	19
19	19
19	24
19	51
19	19
19	25
19	19
19	51
19	36
19	51
19	19
19	26
19	19
19	19
19	20
20	20
20	20
20	29
20	20
20	20
20	20
20	36
20	47
20	20
20	20
20	20
20	52
20	20
20	20
20	20
20	20
20	20
20	36
20	20
20	35
20	20
20	35
20	21
20	35
20	20
20	22
20	23
20	20
20	31
20	20
20	21
20	21
20	20
20	21
20	21
20	23
21	23
21	23
21	21
21	22
21	23
21	21
21	21
21	21
21	21
21	21
21	21
21	21
21	22
21	22
21	22
21	22
21	22
21	21
21	21
21	50
21	22
21	22
21	21
21	21
21	22
21	22
21	33
22	22
22	37
22	32
22	22
22	49
22	40
22	40
22	35
22	22
22	22
22	23
22	22
22	36
22	49
22	49
22	25
22	30
22	25
22	23
22	23
22	22
22	22
22	33
22	22
22	35
22	22
22	33
22	22
22	22
22	22
22	35
22	33
23	24
23	24
23	24
23	25
23	23
23	23
23	25
23	50
23	23
23	24
23	23
23	23
23	23
23	29
23	23
23	23
23	38
23	23
23	23
23	23
23	23
23	23
23	23
23	27
23	49
23	29
23	29
24	29
24	24
24	24
24	36
24	24
24	24
24	50
24	30
24	40
24	48
24	25
24	29
24	24
24	24
24	34
24	24
24	50
24	34
24	40
24	24
24	50
24	24
24	24
24	34
24	25
24	50
24	24
24	38
24	24
24	40
24	33
24	39
24	24
24	25
24	25
24	24
24	25
25	25
25	25
25	27
25	25
25	25
25	39
25	25
25	33
25	28
25	25
25	25
25	33
25	25
25	26
25	29
25	50
25	26
25	26
25	25
26	26
26	26
26	36
26	26
26	26
26	26
26	27
26	26
26	26
26	26
26	26
26	26
26	26
26	26
26	26
26	26
26	26
26	45
26	26
26	26
26	26
26	26
26	26
26	30
26	28
26	26
26	26
26	27
27	27
27	27
27	27
27	27
27	27
27	27
27	27
27	27
27	118
27	61
27	30
27	27
27	31
27	40
28	28
28	28
28	43
28	45
28	28
28	28
28	28
28	43
28	43
28	39
28	46
28	28
28	46
28	43
28	43
28	28
28	40
28	37
28	120
28	43
28	28
28	28
28	39
28	44
28	31
28	51
28	30
28	119
28	34
28	34
28	29
28	28
28	30
29	29
29	62
29	30
29	29
29	29
29	62
29	62
29	45
29	62
29	55
29	44
29	44
29	43
29	30
29	62
29	29
29	29
29	29
29	120
29	30
29	30
29	30
29	29
29	29
29	63
29	29
29	29
29	30
29	119
29	30
29	29
29	30
29	62
29	62
29	30
30	30
30	30
30	30
30	30
30	30
30	43
30	30
30	62
30	30
30	62
30	61
30	30
30	30
30	61
30	62
30	65
30	45
30	62
30	61
30	50
30	30
30	31
30	30
30	34
30	30
30	65
30	31
31	31
31	31
31	31
31	40
31	31
31	31
31	33
31	31
31	31
31	31
31	32
31	31
31	31
31	31
31	31
31	31
31	31
31	40
31	46
31	40
31	31
31	39
31	44
31	53
31	37
31	50
31	31
31	31
31	31
31	31
31	31
31	34
31	32
31	31
31	54
31	31
31	40
31	120
31	33
31	33
31	33
31	32
31	32
32	32
32	33
32	34
32	32
32	32
32	33
32	33
32	33
32	33
32	32
32	32
32	32
32	32
32	32
32	32
32	33
32	33
32	33
32	33
32	33
32	32
32	33
32	33
32	33
32	32
32	32
32	32
32	32
32	32
32	32
32	32
32	32
32	32
32	32
32	32
32	32
32	32
32	33
32	32
32	32
32	32
32	51
32	32
32	32
32	32
32	32
32	32
32	32
32	32
32	34
32	32
32	32
32	33
32	33
32	32
32	33
32	32
32	32
32	33
32	32
32	33
32	33
32	33
32	32
32	46
33	33
33	39
33	33
33	33
33	39
33	44
33	33
33	33
33	120
33	119
33	34
33	33
33	33
33	40
33	33
33	33
33	50
33	33
33	33
33	33
33	40
33	33
33	33
33	34
33	33
33	34
33	33
33	51
33	50
33	34
33	33
33	33
33	34
33	34
33	34
33	34
33	34
33	34
33	34
33	34
33	34
33	34
33	34
34	34
34	34
34	34
34	34
34	47
34	34
34	34
34	34
34	34
34	34
34	34
34	34
34	34
34	34
34	34
34	119
34	46
34	44
34	34
34	34
34	35
34	44
34	53
34	40
34	34
34	35
34	38
34	34
34	116
34	34
35	44
35	35
35	35
35	35
35	44
35	35
35	46
35	35
35	35
35	46
35	35
35	40
35	50
35	35
35	35
35	40
35	35
35	35
35	37
35	35
35	35
35	35
35	35
35	36
35	35
35	53
35	35
35	35
35	36
35	36
35	44
35	35
35	35
35	35
35	35
35	35
35	36
35	53
35	36
36	36
36	36
36	36
36	36
36	36
36	36
36	47
36	36
36	36
36	51
36	36
36	36
36	36
36	36
36	47
36	37
36	46
36	46
36	54
36	49
36	36
36	50
36	47
36	50
36	36
36	36
36	45
36	37
36	45
37	37
37	46
37	37
37	46
37	51
37	40
37	47
37	51
37	37
37	38
37	38
37	38
37	47
37	37
37	44
37	37
37	37
37	38
37	50
37	38
37	38
37	51
37	37
37	41
37	41
37	37
37	39
37	41
37	37
38	41
38	46
38	38
38	46
38	39
38	46
38	52
38	46
38	52
38	39
38	46
38	38
38	46
38	47
38	40
38	53
38	44
38	46
38	133
38	51
38	52
38	54
38	52
38	38
38	54
38	38
38	49
38	38
38	39
38	54
38	38
38	38
38	38
38	54
38	46
38	52
38	54
38	38
38	38
39	51
39	44
39	44
39	39
39	39
39	50
39	39
39	39
39	39
39	39
39	46
39	44
39	39
39	39
39	44
39	39
39	44
39	39
39	39
39	50
39	43
39	46
39	39
39	39
39	39
39	39
39	39
39	39
39	39
39	46
39	46
39	39
39	46
39	39
40	46
40	40
40	40
40	40
40	40
40	40
40	50
40	40
40	40
40	40
40	135
40	50
40	135
40	44
40	51
40	152
40	45
40	40
40	40
40	46
40	40
40	48
40	40
40	46
40	45
40	40
40	40
40	46
40	118
40	40
40	46
40	45
40	40
40	45
40	50
40	40
40	135
40	45
40	54
40	40
40	48
40	40
40	40
40	46
40	40
40	46
40	40
40	43
40	40
40	40
40	40
40	118
40	118
40	40
40	40
40	43
40	118
40	40
40	120
40	40
40	149
40	40
40	40
40	40
40	132
40	40
40	118
40	44
40	44
40	48
40	40
40	148
40	40
40	40
40	132
40	132
40	40
40	117
40	132
40	40
40	132
40	118
40	40
40	149
40	148
40	132
41	148
41	132
41	132
41	41
41	41
41	41
41	41
41	41
41	41
41	46
41	41
41	117
41	141
41	137
41	41
41	41
41	41
41	41
41	41
41	118
41	41
41	41
41	41
41	132
41	128
41	117
41	148
41	45
41	120
41	41
41	117
41	120
41	45
41	41
41	41
41	41
41	41
41	46
41	41
41	41
41	41
41	41
41	47
41	47
41	45
41	41
41	120
41	41
41	136
41	41
41	41
41	41
41	43
41	43
41	41
41	133
41	41
41	133
41	47
41	41
41	41
41	41
41	41
41	42
41	46
41	41
41	41
41	46
41	41
41	133
41	129
41	41
42	134
42	42
42	53
42	51
42	53
42	44
42	43
42	47
42	42
42	133
42	134
42	47
42	42
43	43
43	52
43	52
43	52
43	43
43	46
43	43
43	43
43	45
43	43
43	47
43	133
43	43
43	137
43	46
43	57
43	52
43	43
43	43
43	52
43	43
43	43
43	47
43	43
43	43
43	43
43	43
43	43
43	43
43	43
43	43
43	43
43	43
43	43
43	43
43	43
43	43
43	43
43	43
43	43
43	43
43	43
43	51
43	43
43	43
43	43
43	50
43	43
43	43
43	43
43	43
43	43
43	43
43	43
43	120
43	43
43	120
43	46
43	43
43	43
43	52
43	43
43	43
43	43
43	43
43	44
43	43
43	44
43	43
43	66
43	44
43	43
43	43
43	44
43	53
43	134
43	44
44	44
44	47
44	44
44	44
44	44
44	44
44	56
44	45
44	48
44	53
44	135
44	47
44	44
44	119
44	45
44	45
44	44
44	44
44	44
44	44
44	44
44	44
44	46
44	44
44	44
44	48
44	44
44	46
44	119
44	119
44	71
44	44
44	46
44	45
44	44
44	45
44	45
44	45
44	46
44	46
44	45
44	46
44	46
44	51
44	51
44	140
44	52
44	47
44	44
44	50
44	46
44	52
44	46
44	44
44	134
44	46
44	46
44	50
44	46
44	45
44	44
44	44
44	134
44	44
44	134
44	62
45	62
45	47
45	52
45	45
45	55
45	54
45	45
45	46
45	48
45	45
45	45
45	45
45	46
45	45
45	45
45	45
45	48
45	45
45	120
45	120
45	62
45	120
45	45
45	120
45	52
45	48
45	45
45	56
45	45
45	45
45	62
45	52
45	45
45	46
45	45
45	45
45	45
45	46
45	51
45	45
45	47
45	45
45	45
45	45
45	46
45	115
45	46
45	45
45	45
45	47
45	46
45	45
45	47
45	45
45	47
45	45
45	45
45	46
45	46
45	46
45	45
45	45
45	45
45	45
45	45
45	45
45	45
45	46
45	119
45	45
45	46
45	45
45	54
45	46
45	45
45	53
45	51
45	45
45	45
45	45
45	46
45	46
45	49
45	49
45	46
45	45
46	47
46	46
46	56
46	46
46	51
46	51
46	46
46	46
46	52
46	53
46	53
46	53
46	53
46	48
46	48
46	53
46	53
46	46
46	46
46	52
46	52
46	132
46	46
46	46
46	63
46	115
46	119
46	46
46	46
46	119
46	46
46	118
46	46
46	46
46	46
46	46
46	135
46	46
46	46
46	46
46	46
46	46
46	46
46	46
46	52
46	52
46	46
46	46
46	46
46	46
46	46
46	46
46	46
46	52
46	46
46	46
46	46
46	46
46	47
46	47
46	47
46	46
47	47
47	47
47	47
47	47
47	47
47	52
47	47
47	57
47	47
47	47
47	47
47	53
47	53
47	47
47	57
47	52
47	47
47	47
47	47
47	49
47	49
47	49
47	47
47	55
47	116
47	47
47	47
47	47
47	47
47	47
47	48
47	47
47	48
47	47
47	47
47	47
47	48
47	47
47	47
47	48
47	72
47	48
47	72
47	48
47	47
47	72
47	47
47	49
47	48
47	48
47	55
47	55
47	72
47	47
47	47
47	47
47	48
47	49
48	61
48	48
48	48
48	59
48	48
48	48
48	55
48	72
48	72
48	48
48	48
48	48
48	49
48	49
48	72
48	48
48	59
48	62
48	62
48	55
48	48
48	48
48	48
48	49
48	48
48	48
48	48
48	55
48	48
48	48
48	48
48	48
48	62
48	48
48	48
48	48
48	48
48	48
48	49
48	55
48	55
48	49
48	48
48	48
48	49
48	49
48	49
48	49
48	59
48	59
48	49
48	48
48	49
48	60
48	72
48	55
48	49
49	49
49	49
49	49
49	49
49	50
49	50
49	49
49	59
49	49
49	71
49	49
49	49
49	49
49	49
49	51
49	59
49	49
49	82
49	51
49	55
49	49
49	55
49	55
49	55
49	49
49	54
49	49
50	53
50	52
50	50
50	50
50	73
50	50
50	119
50	82
50	50
50	50
50	50
50	50
50	82
50	50
50	115
50	118
50	50
50	50
50	82
50	68
50	51
50	50
50	51
50	50
50	50
50	56
51	56
51	51
51	65
51	68
51	68
51	52
51	53
51	53
51	53
51	53
51	53
51	53
51	51
51	51
51	51
51	54
52	54
52	77
52	53
52	52
52	52
52	52
52	77
52	54
52	77
52	52
52	77
52	52
52	77
52	52
52	130
52	52
52	52
52	52
52	52
52	52
52	52
52	52
52	52
52	53
52	52
52	77
53	53
53	87
53	55
53	83
53	53
53	67
53	67
53	66
53	53
53	53
53	53
53	53
53	53
53	53
53	53
53	68
53	53
53	53
53	53
53	53
53	53
53	53
53	78
53	53
53	77
53	68
53	69
53	68
53	53
53	53
53	53
53	53
53	83
53	53
53	53
53	53
53	53
53	54
53	84
53	53
53	54
53	54
53	54
54	54
54	84
54	84
54	76
54	54
54	54
54	84
54	83
54	54
54	81
54	69
54	54
54	54
54	78
54	54
54	67
54	54
54	84
54	54
54	54
54	66
54	55
54	54
54	67
54	83
54	83
54	54
54	58
54	55
54	54
54	83
54	54
54	55
54	54
54	66
54	54
54	66
54	55
54	66
54	54
54	56
54	54
54	86
54	63
54	59
54	63
54	55
54	63
54	95
54	55
54	86
54	55
54	55
54	54
54	66
54	54
54	66
54	54
54	58
54	55
55	55
55	55
55	55
55	55
55	63
55	55
55	55
55	86
55	63
55	131
55	55
55	55
55	86
55	86
55	86
55	55
55	55
55	55
55	62
55	55
55	55
55	62
55	55
55	66
55	62
55	56
55	55
55	55
55	96
55	96
55	55
55	59
55	99
55	55
55	87
55	120
55	55
55	55
55	99
55	85
55	55
55	55
55	55
55	63
55	63
55	99
55	55
55	72
55	57
55	66
55	62
55	62
55	62
55	57
55	55
55	57
55	58
55	58
55	55
55	66
55	56
55	55
55	65
55	87
55	56
55	55
55	55
55	65
55	66
55	64
55	55
55	85
55	55
55	99
55	118
55	99
55	55
55	72
55	63
55	62
56	66
56	62
56	72
56	58
56	57
56	58
56	65
56	83
56	56
56	87
56	73
56	81
56	81
56	58
56	56
56	65
56	56
56	56
56	81
56	82
56	66
56	67
56	56
56	81
56	56
56	66
56	58
56	80
56	63
56	80
56	66
56	95
56	66
56	81
56	81
56	83
56	81
56	81
56	81
56	56
56	84
56	81
56	56
56	56
56	56
56	65
56	65
56	56
56	67
56	56
56	67
56	83
56	58
56	56
56	56
56	56
56	56
56	56
56	83
56	58
56	81
56	81
56	56
56	56
56	62
56	81
56	57
56	81
56	63
56	56
56	56
56	63
56	56
56	57
56	56
56	56
56	56
56	57
56	56
56	57
56	64
56	57
56	62
56	57
56	62
56	57
56	66
56	62
56	63
56	59
56	56
56	57
56	62
56	100
57	63
57	62
57	99
57	59
57	63
57	57
57	57
57	57
57	57
57	57
57	57
57	57
57	59
57	59
57	59
57	57
57	130
57	118
57	101
57	57
57	57
57	57
57	57
57	101
57	57
57	118
57	57
57	57
57	114
57	57
57	57
57	57
57	88
57	101
57	57
57	118
57	84
57	118
57	85
57	57
57	57
57	83
57	57
57	57
57	57
57	71
57	57
57	57
57	105
57	57
57	57
57	70
57	66
57	70
57	70
57	66
57	80
57	62
57	66
57	58
57	101
57	58
57	57
57	57
57	57
57	95
57	57
57	58
57	57
57	101
57	57
57	57
57	95
57	57
57	57
57	57
57	78
57	62
57	87
57	58
57	58
57	78
57	57
57	82
57	78
57	57
57	78
57	58
57	58
57	58
57	57
57	57
57	62
57	57
57	80
57	82
57	78
57	58
58	58
58	58
58	58
58	81
58	81
58	78
58	58
58	80
58	58
58	67
58	58
58	58
58	80
58	58
58	81
58	82
58	87
58	65
58	65
58	58
58	86
58	58
58	63
58	87
58	63
58	62
58	63
58	58
58	85
58	85
58	63
58	59
58	58
58	58
58	74
58	58
58	82
58	82
58	58
58	59
58	59
58	65
58	58
58	58
58	59
58	58
58	58
58	58
59	89
59	59
59	59
59	59
59	76
59	59
59	59
59	59
59	59
59	59
59	59
59	59
59	86
59	59
59	59
59	59
59	59
59	59
59	59
59	59
59	130
59	63
59	59
59	114
59	59
59	94
59	59
59	119
59	59
59	59
59	59
59	59
59	59
59	62
59	62
59	59
59	62
59	59
59	59
59	59
59	62
59	74
59	62
60	61
60	61
61	62
61	61
61	81
62	74
62	62
62	87
62	62
62	62
62	62
62	62
62	62
62	101
62	62
62	62
62	62
62	62
62	100
62	62
62	62
62	62
62	62
62	62
62	101
62	101
62	131
62	62
62	80
62	101
62	63
62	82
62	63
62	63
62	63
62	62
62	62
62	100
62	66
62	101
62	63
62	66
62	63
62	62
62	87
62	62
62	82
62	62
62	63
62	62
62	131
63	88
63	83
63	102
63	101
63	63
63	131
63	131
63	121
63	121
63	123
63	63
63	66
63	66
63	101
63	63
63	131
63	63
63	131
63	100
63	101
63	63
63	82
63	87
63	63
63	63
63	66
63	86
63	87
63	63
63	63
63	82
63	86
63	63
63	82
63	63
63	89
63	101
63	89
63	63
63	65
63	86
63	85
63	63
63	87
63	82
63	100
63	82
63	63
63	115
63	119
63	115
63	63
63	115
63	95
63	95
63	95
63	63
63	82
63	63
63	82
63	81
63	115
63	81
63	63
63	80
63	82
63	81
63	81
63	95
63	64
63	63
63	82
63	95
63	100
63	63
63	63
63	95
63	63
63	63
63	95
63	63
63	95
63	81
63	81
63	63
63	63
63	100
63	65
63	66
63	82
63	100
63	93
63	104
63	64
63	66
63	63
63	81
63	106
63	82
63	84
63	91
63	100
63	95
63	63
63	100
63	101
63	76
63	82
63	64
63	82
63	81
63	81
63	63
63	82
64	64
64	82
64	100
64	64
64	64
64	64
64	71
64	69
64	64
64	82
64	81
64	81
64	84
64	99
64	64
64	101
64	115
64	100
64	73
64	114
64	87
64	87
64	91
64	64
64	69
64	99
64	115
64	78
64	71
64	64
64	104
64	81
64	114
64	85
64	91
64	74
64	114
64	69
64	85
64	64
64	114
64	64
64	114
64	94
64	104
64	114
64	65
64	65
64	64
64	65
64	65
64	64
64	85
64	85
64	65
64	65
64	65
64	84
64	64
64	64
64	104
64	86
64	65
64	64
64	65
64	87
64	91
64	64
64	65
64	114
64	86
64	71
65	84
65	86
65	80
65	89
65	65
65	65
65	67
65	65
65	83
65	67
65	84
65	90
65	84
65	90
65	101
65	65
65	65
65	85
65	104
65	65
65	65
65	65
65	114
65	84
65	65
65	65
65	65
65	85
65	65
65	114
65	102
65	85
65	87
65	103
65	65
65	65
65	104
65	114
65	101
65	99
65	84
65	66
65	84
65	104
65	65
65	67
65	67
65	84
65	66
65	65
65	69
65	88
65	86
65	91
65	69
65	66
65	66
65	67
66	84
66	84
66	86
66	67
66	102
66	91
66	67
66	69
66	93
66	95
66	95
66	114
66	68
66	82
66	90
66	93
66	78
66	66
66	104
66	100
66	104
66	114
66	66
66	90
66	115
66	66
66	85
66	115
66	85
66	87
66	66
66	86
66	67
66	67
66	67
66	66
66	66
66	66
66	84
66	67
66	66
66	82
66	68
66	69
66	66
66	78
66	84
66	67
66	84
66	86
66	78
67	67
67	71
67	67
67	81
67	84
67	84
67	81
67	67
67	67
67	67
67	78
67	93
67	67
67	78
67	86
67	93
67	70
67	71
67	67
67	71
67	83
67	78
67	78
67	67
67	83
67	71
67	68
67	83
67	91
67	83
67	89
67	109
67	99
67	89
67	68
67	81
68	70
68	68
68	68
68	104
68	87
68	81
68	116
68	99
68	82
68	83
68	88
68	83
68	117
68	83
68	92
68	69
68	69
68	68
68	69
68	68
68	68
68	78
68	68
68	84
68	68
68	68
68	68
68	68
68	68
68	68
68	69
68	69
68	68
68	83
68	68
68	90
68	89
69	83
69	102
69	73
69	69
69	70
69	76
69	83
69	93
69	74
69	70
69	124
69	69
69	74
69	84
69	114
69	77
69	78
69	69
69	69
69	84
69	98
69	98
69	98
69	105
69	78
69	87
69	115
69	87
69	70
69	97
69	105
69	69
69	69
69	69
69	83
69	75
69	83
69	69
69	76
69	83
69	69
69	69
69	92
69	78
69	88
69	69
69	71
69	105
69	80
69	69
69	71
69	105
69	94
69	124
69	97
69	77
69	70
69	105
70	70
70	97
70	70
70	98
70	70
70	97
70	98
70	70
70	70
70	94
70	70
70	73
70	98
70	87
70	71
70	113
70	94
70	97
70	78
70	70
70	99
70	99
70	123
70	99
70	97
70	77
70	98
70	70
70	70
70	87
70	70
70	70
70	98
70	80
70	79
70	80
70	81
70	102
70	70
70	120
70	106
70	97
70	80
70	98
70	80
70	120
70	70
70	94
70	94
70	78
70	93
70	100
70	74
70	100
70	100
70	99
70	85
70	118
70	102
70	102
70	101
71	99
71	71
71	71
71	73
71	117
71	91
71	71
71	73
71	97
71	106
71	73
71	71
71	71
71	73
71	99
71	84
71	84
71	71
71	73
71	96
71	71
71	82
71	71
71	94
71	79
71	79
71	71
71	71
71	71
71	99
71	108
71	94
71	94
71	71
71	71
71	98
71	91
71	91
71	98
71	115
71	93
71	97
71	72
71	72
72	113
72	72
72	113
72	90
72	72
72	72
72	72
72	114
72	72
72	97
72	72
72	73
72	94
72	91
72	73
72	72
72	113
72	72
72	72
72	72
72	97
72	72
72	91
72	72
72	72
72	74
72	73
72	72
72	112
72	72
72	73
72	81
73	74
73	74
73	112
73	92
73	79
73	73
73	73
73	80
73	80
73	74
73	74
73	81
73	91
73	81
73	100
73	100
73	100
73	112
73	101
73	100
73	93
73	92
73	73
73	91
73	84
73	86
73	86
73	114
73	114
73	91
73	90
73	79
73	74
73	74
73	79
73	74
73	90
74	74
74	74
74	74
74	90
74	114
74	74
74	74
74	74
74	74
74	92
74	126
74	74
74	78
74	74
74	74
74	92
74	77
74	74
74	74
74	99
74	114
74	74
74	74
74	79
74	99
75	111
75	109
75	105
75	75
75	75
75	75
75	114
75	106
75	127
75	93
75	75
75	75
75	84
75	75
75	102
75	106
75	106
75	75
75	75
75	100
75	100
75	87
75	127
75	102
75	102
75	127
75	127
75	80
75	102
75	76
76	106
76	88
76	76
76	76
76	81
76	127
76	78
76	100
76	76
76	100
76	108
76	76
76	100
76	88
76	76
76	106
76	76
76	87
76	76
76	76
76	76
76	76
76	76
76	76
76	77
76	76
76	76
76	76
76	76
76	78
76	76
76	108
76	76
76	76
76	88
76	82
76	108
76	108
76	83
76	83
76	80
76	76
76	77
76	77
77	77
77	77
77	77
77	78
77	93
77	98
77	77
77	77
77	77
77	106
77	77
77	77
77	77
77	77
77	96
77	105
77	99
77	124
77	124
78	78
78	88
78	88
78	114
78	78
78	84
78	78
78	102
78	78
78	81
78	78
78	83
78	81
78	78
78	81
78	78
78	85
78	83
78	83
78	78
78	78
78	78
79	91
79	86
79	81
79	93
79	80
79	79
79	79
79	79
79	79
79	114
79	80
79	79
79	114
79	114
79	114
79	79
79	79
79	80
79	79
79	79
79	83
79	86
80	89
80	81
80	80
80	80
80	80
80	80
80	82
80	80
80	80
80	80
80	89
80	80
80	80
80	91
80	85
80	80
80	87
81	88
81	91
81	114
81	88
81	81
81	84
81	81
81	91
81	81
81	82
81	86
81	81
81	81
81	84
81	82
81	81
81	81
81	81
81	102
81	82
81	81
81	81
81	81
81	97
81	82
81	95
81	95
81	81
81	82
81	91
81	102
81	82
82	95
82	101
82	82
82	82
82	101
82	82
82	95
82	95
82	100
82	84
82	100
82	95
82	82
82	82
82	87
82	82
82	82
82	82
82	82
82	95
82	82
82	82
82	84
82	100
82	82
82	82
82	82
82	82
82	101
82	82
82	82
82	82
82	95
82	114
82	104
82	104
82	115
82	82
82	95
82	114
82	83
83	102
83	88
83	114
83	83
83	88
83	87
83	88
83	99
83	88
83	83
83	88
83	83
83	88
83	88
83	86
83	86
83	99
83	99
83	90
83	85
83	83
83	83
83	83
83	83
83	99
83	92
83	83
83	83
83	83
83	86
83	99
83	83
83	88
83	83
83	84
83	84
83	88
83	84
83	104
83	83
83	84
83	88
83	104
83	88
84	102
84	88
84	84
84	88
84	114
84	84
84	114
84	84
84	88
84	84
84	84
84	84
84	84
84	84
84	84
84	84
84	84
84	84
84	84
84	84
84	104
84	90
84	84
84	84
84	86
84	85
84	84
84	114
84	102
84	90
84	84
84	99
84	85
84	87
85	86
85	85
85	87
85	85
85	87
85	103
85	85
85	104
85	85
85	85
85	87
85	85
85	85
85	87
85	114
85	87
85	113
85	89
85	85
85	110
85	85
85	90
85	85
85	87
85	104
85	99
85	99
85	87
85	86
85	90
85	85
85	86
85	114
85	113
85	115
85	85
85	86
85	85
85	88
85	100
85	115
85	115
85	87
85	89
85	88
85	115
85	114
85	115
85	85
85	90
85	86
85	86
85	90
85	115
86	86
86	89
86	104
86	86
86	86
86	114
86	104
86	86
86	114
86	114
86	114
86	86
86	89
86	86
86	91
86	91
86	114
86	86
86	114
86	86
86	115
86	91
86	115
86	125
86	94
86	94
86	86
86	86
86	99
86	100
86	86
86	86
86	129
86	94
86	86
86	86
86	86
86	99
86	133
86	115
86	86
86	115
86	86
86	86
86	102
86	86
86	86
86	99
86	102
86	86
87	102
87	116
87	89
87	87
87	87
87	131
87	102
87	104
87	87
87	103
87	103
87	87
87	87
87	99
87	89
87	89
87	90
87	87
87	88
87	99
87	87
87	89
87	87
87	90
87	117
87	131
87	121
87	106
87	87
87	90
87	87
87	88
87	91
87	122
87	90
87	90
87	131
87	131
87	131
87	95
87	88
87	87
87	87
87	88
87	87
87	117
87	99
87	87
87	88
87	96
87	117
87	101
88	102
88	117
88	88
88	115
88	88
88	117
88	88
88	88
88	88
88	122
88	122
88	88
88	88
88	88
88	88
88	115
88	107
88	107
88	88
88	130
88	121
88	115
88	101
88	115
88	88
88	98
88	102
88	89
88	114
88	100
88	114
88	88
88	100
88	104
88	102
88	100
88	88
88	90
88	88
88	100
88	88
88	88
88	88
88	88
88	89
88	89
88	88
88	89
88	88
88	102
88	99
88	99
89	117
89	104
89	104
89	89
89	102
89	104
89	112
89	111
89	116
89	89
89	89
89	99
89	89
89	90
89	90
89	89
89	99
89	89
89	90
89	89
89	89
89	113
89	113
89	91
89	92
89	90
89	93
89	90
89	90
89	89
89	90
90	90
90	114
90	90
90	92
90	92
90	90
90	116
90	92
90	92
90	90
90	93
90	92
90	92
90	92
90	114
90	114
90	97
90	91
90	113
90	90
91	103
91	103
91	114
91	91
91	110
91	117
91	91
91	91
91	91
91	91
91	117
91	103
91	93
91	91
91	114
91	114
91	115
91	100
91	91
91	100
91	91
91	115
91	109
91	95
91	96
91	141
91	96
91	113
91	112
91	95
91	92
91	93
91	96
91	96
91	93
91	99
91	96
91	93
91	92
91	109
92	92
92	111
92	99
92	111
92	112
92	112
92	92
92	92
92	92
92	111
92	109
92	111
92	109
92	92
92	103
92	93
92	92
92	93
92	104
92	96
92	93
92	117
92	92
92	103
92	96
92	105
93	97
93	97
93	93
93	112
93	104
93	104
93	93
93	106
93	93
93	98
93	97
93	128
93	109
93	109
93	97
93	109
93	102
93	97
93	105
93	104
93	122
93	105
93	109
93	99
93	97
93	97
93	99
93	99
93	94
93	99
93	93
93	93
93	113
93	113
93	94
93	125
93	98
93	106
93	94
93	94
93	97
93	94
94	94
94	105
94	94
94	102
94	94
94	96
94	98
94	94
94	94
94	116
94	94
94	116
94	102
94	102
94	116
94	100
94	95
94	99
94	100
94	94
94	94
94	94
94	100
94	100
94	118
94	124
94	98
94	94
94	124
94	116
94	95
94	131
94	94
94	118
94	118
94	139
94	110
94	95
94	94
94	115
94	94
94	95
95	95
95	117
95	95
95	95
95	105
95	113
95	117
95	113
95	117
95	95
95	95
95	95
95	101
95	95
95	112
95	117
95	115
95	95
95	95
95	95
95	112
95	110
95	100
95	95
95	102
95	95
95	110
95	95
95	95
95	115
95	95
95	95
95	95
95	99
95	95
95	95
95	95
95	95
95	95
95	95
95	95
95	95
95	141
95	141
95	111
95	95
95	95
95	95
95	95
95	95
95	95
95	95
95	95
95	129
95	141
95	141
95	141
95	111
95	111
95	115
95	100
95	96
95	98
96	97
96	97
96	99
96	97
96	102
96	102
96	96
96	102
96	99
96	102
96	97
96	109
96	121
96	102
96	96
96	99
96	96
96	102
96	102
96	97
96	105
96	105
96	99
96	104
96	96
96	97
96	104
96	109
96	124
96	119
96	102
96	96
96	97
96	96
96	96
96	96
96	105
96	111
96	123
96	99
96	105
96	111
96	99
96	111
96	97
96	111
96	96
96	97
96	97
97	97
97	97
97	97
97	97
97	97
97	111
97	100
97	111
97	111
97	97
97	97
97	141
97	97
97	97
97	97
97	139
97	102
97	97
97	128
97	140
97	144
97	97
97	97
97	97
97	97
97	99
97	97
97	144
97	141
97	97
97	111
97	125
97	111
97	111
97	105
97	99
97	103
97	97
97	98
97	98
97	140
97	140
97	98
97	105
97	98
97	98
97	98
97	128
97	124
97	97
97	136
97	98
97	98
97	97
97	98
97	98
97	98
97	98
97	124
98	128
98	123
98	105
98	140
98	98
98	106
98	105
98	140
98	124
98	124
98	128
98	123
98	98
98	98
98	106
98	98
98	98
98	98
98	98
98	98
98	98
98	100
98	140
98	109
98	98
98	106
98	124
98	109
98	140
98	98
98	140
98	108
98	98
98	140
98	108
98	98
98	106
98	106
98	109
98	98
98	127
98	98
98	98
98	98
98	98
98	99
98	98
98	98
98	109
98	98
98	109
98	99
98	98
98	109
98	109
98	98
98	100
98	100
98	106
98	105
98	102
98	105
98	123
98	100
98	98
98	124
98	106
98	106
98	98
98	106
98	109
98	106
98	99
98	124
98	99
98	124
98	125
99	124
99	105
99	99
99	99
99	125
99	105
99	123
99	105
99	125
99	124
99	124
99	105
99	125
99	109
99	99
99	123
99	105
99	99
99	105
99	105
99	99
99	99
99	125
99	125
99	105
99	99
99	117
99	99
99	99
99	99
99	118
99	101
99	118
99	99
99	99
99	99
99	102
99	121
99	100
99	100
99	101
99	100
99	100
99	101
99	100
99	100
99	115
99	100
99	100
100	100
100	100
100	100
100	117
100	117
100	100
100	100
100	100
100	123
100	100
100	115
100	101
100	100
100	115
100	100
100	100
100	100
100	115
100	100
100	100
100	115
100	101
100	100
100	101
100	130
100	102
100	100
100	100
100	115
100	115
100	115
100	100
100	100
100	101
100	100
100	102
100	100
100	100
100	101
100	100
100	101
100	102
100	100
100	101
100	101
100	101
100	101
101	101
101	131
101	131
101	101
101	131
101	101
101	101
101	101
101	101
101	101
101	101
101	121
101	131
101	101
101	131
101	101
101	118
101	101
101	101
101	101
101	101
101	118
101	101
101	101
101	131
101	101
101	101
101	101
101	101
101	101
101	101
101	118
101	118
101	118
101	118
101	101
101	101
101	101
101	101
101	101
101	101
101	118
101	101
101	101
101	101
101	101
101	102
101	102
101	102
101	101
101	104
101	102
101	117
101	117
101	131
102	102
102	143
102	131
102	102
102	131
102	114
102	121
102	102
102	102
102	102
102	102
102	102
102	103
102	103
102	102
102	102
102	114
102	102
102	114
102	114
102	102
102	114
102	114
102	121
102	104
102	104
102	102
102	102
102	116
102	102
102	103
102	103
102	103
102	102
102	104
103	104
103	103
103	104
103	116
103	104
103	122
103	116
103	103
103	105
103	103
103	103
103	105
103	105
103	103
103	103
103	105
103	104
103	116
103	104
103	104
103	110
103	110
103	111
103	104
103	103
103	104
103	103
103	105
103	104
103	109
103	117
103	103
103	103
103	104
103	117
103	104
103	104
103	116
103	104
103	104
103	103
103	111
103	104
103	103
103	104
103	104
103	104
103	104
103	103
103	110
103	104
103	104
103	104
103	104
103	104
103	103
103	121
103	121
103	116
103	105
103	103
103	103
103	116
103	103
103	105
103	113
103	104
103	113
103	104
103	103
103	104
103	103
103	104
103	113
104	104
104	113
104	104
104	110
104	117
104	116
104	104
104	109
104	109
104	109
104	105
104	105
104	114
104	105
104	114
104	110
104	104
104	114
104	125
104	140
104	140
104	144
104	114
104	114
104	104
104	144
104	104
104	104
104	114
104	104
104	104
104	104
104	104
104	131
104	144
104	144
104	104
104	122
104	152
104	123
104	144
104	105
104	104
104	105
105	114
105	105
105	105
105	105
105	105
105	105
105	124
105	105
105	124
105	124
105	122
105	124
105	105
105	124
105	124
105	124
105	105
105	124
105	105
105	105
105	124
105	105
105	124
105	105
105	108
105	105
105	123
105	105
105	126
105	124
105	105
105	105
105	105
105	105
105	112
105	105
105	105
105	123
105	125
105	109
105	105
105	125
105	123
105	106
105	105
105	106
105	124
105	106
105	106
105	106
106	106
106	124
106	123
106	106
106	106
106	106
106	106
106	125
106	106
106	125
106	124
106	125
106	125
106	106
106	106
106	106
106	106
106	109
106	106
106	106
106	125
106	109
106	106
106	106
106	106
106	106
106	128
106	123
106	106
106	123
106	107
106	107
106	107
106	106
106	127
106	106
106	106
106	106
106	106
106	107
106	106
106	106
106	125
106	123
106	106
106	125
106	106
106	123
106	106
106	106
106	107
106	107
106	106
106	106
106	106
106	107
106	106
106	106
106	125
106	125
106	125
106	125
106	123
106	125
106	106
106	106
106	106
106	106
106	106
106	131
106	108
106	106
106	106
106	107
106	107
106	107
106	107
106	127
106	107
106	127
106	125
106	106
106	106
106	125
106	107
107	107
107	107
107	107
107	107
107	107
107	127
107	107
107	108
107	107
107	107
107	107
107	108
107	125
107	107
107	123
107	125
107	108
107	108
107	125
107	107
107	107
107	107
107	108
107	107
107	107
107	107
107	108
107	107
107	109
107	107
107	107
107	128
107	109
107	107
107	107
107	129
107	125
107	129
107	107
107	129
107	126
107	126
107	107
107	128
107	109
107	109
107	109
107	109
107	109
107	107
107	109
107	109
107	107
107	109
107	109
107	110
107	107
107	110
107	110
107	110
107	126
107	144
107	107
107	110
107	109
107	107
107	107
107	109
107	107
107	129
107	129
107	129
107	107
107	145
107	108
107	108
107	107
107	125
107	108
107	111
107	107
107	125
107	111
107	107
107	126
107	111
107	126
107	126
107	129
107	108
107	129
108	126
108	108
108	129
108	111
108	108
108	108
108	125
108	108
108	126
108	144
108	111
108	108
108	108
108	108
108	109
108	108
108	108
108	126
108	126
108	108
108	108
108	111
108	118
108	109
108	108
108	138
108	144
108	108
108	138
108	131
108	108
108	139
108	108
108	125
108	109
108	108
108	108
108	138
108	109
108	108
108	108
108	125
108	109
108	109
108	108
108	129
108	109
108	108
108	151
108	108
108	115
108	125
108	129
108	144
108	109
108	109
108	108
108	131
108	109
108	108
108	108
108	108
108	108
108	108
108	128
108	127
108	126
108	126
108	108
108	108
108	108
108	127
108	126
108	109
108	111
108	127
109	111
109	109
109	109
109	109
109	109
109	109
109	109
109	109
109	126
109	111
109	109
109	140
109	109
109	109
109	109
109	109
109	109
109	109
109	111
109	109
109	126
109	109
109	109
109	109
109	145
109	116
109	111
109	145
109	110
109	116
109	109
109	150
109	150
109	109
109	116
109	116
109	109
109	109
109	113
109	109
109	110
109	109
109	109
110	126
110	126
110	110
110	110
110	113
110	113
110	114
110	110
110	116
110	144
110	126
110	110
110	110
110	110
110	110
110	110
110	126
110	110
110	113
110	110
110	110
110	110
110	110
110	112
110	110
110	126
110	110
110	110
110	144
110	110
110	141
111	111
111	111
111	111
111	141
111	112
111	111
111	111
111	141
111	111
111	111
111	112
111	111
111	126
111	111
111	111
111	111
111	126
111	111
111	111
111	111
111	141
111	111
111	111
111	140
111	111
111	111
111	141
111	141
111	111
111	141
111	111
111	151
111	151
111	144
111	142
111	136
111	147
111	141
111	111
111	111
112	112
112	112
112	131
112	131
112	112
112	112
112	112
112	112
112	112
112	112
112	141
112	145
112	112
112	143
112	112
112	112
112	112
112	112
112	113
112	114
112	112
112	113
113	113
113	114
113	113
113	113
113	116
113	113
113	114
113	113
113	113
113	147
113	113
113	124
113	114
114	114
114	114
114	122
114	114
114	114
114	114
114	114
114	114
114	114
114	114
114	114
114	114
114	114
114	114
114	152
114	114
114	114
114	114
114	114
114	114
114	114
114	126
114	114
114	115
114	114
114	116
114	114
114	114
114	114
115	116
115	116
115	115
115	115
115	115
115	115
115	115
115	117
115	115
115	115
115	115
115	115
115	115
115	115
115	115
115	115
115	115
115	115
115	155
115	115
115	115
115	116
115	116
115	116
115	115
115	115
115	116
115	119
115	115
115	115
115	150
115	138
115	116
115	115
115	115
115	116
115	116
115	115
116	116
116	116
116	116
116	116
116	119
116	138
116	116
116	119
116	116
116	116
116	119
116	119
116	119
116	116
116	116
116	116
116	116
116	116
116	116
116	116
116	116
116	116
116	123
116	116
116	116
116	116
116	124
116	124
116	116
116	116
116	116
116	116
116	123
116	116
116	117
116	152
116	116
116	129
116	116
116	116
116	137
116	133
116	149
116	116
116	116
116	123
116	124
116	116
116	117
116	117
116	133
116	123
116	152
116	117
116	137
116	149
116	133
117	141
117	117
117	117
117	141
117	117
117	117
117	152
117	152
117	123
117	129
117	129
117	133
117	129
117	118
117	118
117	117
117	117
117	141
117	117
117	117
117	147
117	117
117	117
117	118
117	119
117	118
117	118
117	117
117	118
117	117
117	117
117	119
117	117
117	117
117	119
117	119
117	118
117	134
117	117
117	117
117	118
117	117
117	117
117	117
117	118
117	117
117	117
117	119
117	122
117	118
117	117
117	117
117	121
117	146
117	117
117	117
117	131
117	117
117	117
117	131
117	117
117	131
117	121
117	118
118	147
118	121
118	118
118	121
118	121
118	118
118	147
118	118
118	118
118	121
118	118
118	147
118	121
118	132
118	118
118	118
118	118
118	124
118	118
118	118
118	118
118	123
118	118
118	118
118	133
118	119
118	119
118	120
118	120
118	118
118	120
118	119
118	119
118	119
118	118
118	118
118	124
118	133
118	119
118	124
118	132
118	119
118	118
118	118
118	120
118	119
118	119
118	118
118	118
118	118
118	119
118	119
118	119
118	119
118	119
118	119
118	118
118	120
118	120
118	120
118	119
118	119
118	119
118	119
118	118
118	118
118	119
118	120
118	119
118	119
118	119
118	120
118	137
119	119
119	119
119	119
119	119
119	119
119	119
119	119
119	119
119	119
119	119
119	119
119	129
119	119
119	119
119	119
119	120
119	119
119	119
119	120
119	119
119	149
119	119
119	119
119	119
119	119
119	119
119	119
119	119
119	119
119	119
119	119
119	119
119	119
119	120
119	119
119	119
119	135
119	119
119	120
119	119
119	119
119	119
119	119
119	119
119	119
119	119
119	119
119	119
119	119
119	120
119	119
119	119
119	119
119	119
119	119
119	119
119	119
119	119
119	119
119	119
119	137
119	137
119	119
119	119
119	119
119	136
119	136
119	136
119	137
119	120
119	137
119	137
119	120
119	119
120	120
120	120
120	120
120	137
120	120
120	120
120	121
120	121
120	137
120	122
120	120
120	120
120	120
120	120
120	120
120	121
120	120
120	120
120	120
120	120
120	121
120	124
120	120
120	121
120	121
120	120
120	121
120	120
120	120
120	130
120	149
120	120
120	120
120	128
120	120
120	128
120	120
120	120
120	128
120	128
120	120
120	120
120	120
120	120
120	120
120	120
120	120
120	120
120	120
120	120
120	128
120	124
120	124
120	147
120	121
121	124
121	124
121	128
121	147
121	132
121	124
121	147
121	131
121	122
121	121
121	131
121	134
121	121
121	131
121	147
121	121
121	121
121	128
121	121
121	124
121	122
121	121
121	131
121	122
121	121
121	121
121	121
121	121
121	131
121	121
121	122
121	122
121	128
121	122
121	131
121	122
122	122
122	122
122	141
122	130
122	122
122	147
122	122
122	122
122	122
122	122
122	126
122	122
122	122
122	122
122	122
122	122
122	124
122	134
122	122
122	131
122	128
122	122
122	133
122	134
123	133
123	123
123	123
123	123
123	124
123	133
123	124
123	123
123	128
123	124
123	123
123	123
123	126
123	125
123	145
123	124
123	123
123	123
123	123
123	123
123	123
123	126
123	123
123	123
123	123
123	126
123	129
123	123
123	123
123	150
123	126
123	127
123	123
123	123
123	141
123	123
123	150
123	126
123	123
123	124
123	124
123	124
123	128
123	124
123	123
123	123
123	125
123	123
123	124
123	124
123	125
124	124
124	124
124	124
124	124
124	126
124	125
124	124
124	124
124	124
124	126
124	125
124	124
124	124
124	124
124	124
124	124
124	124
124	124
124	124
124	124
124	124
124	124
124	124
124	124
124	126
124	124
124	128
124	150
124	124
124	124
124	124
124	125
124	124
124	124
124	126
124	125
124	125
124	124
124	128
124	124
124	125
124	124
124	126
124	126
124	124
124	126
124	124
124	124
124	124
124	150
124	150
124	128
124	142
124	125
124	125
124	124
124	125
125	132
125	128
125	125
125	125
125	126
125	125
125	125
125	125
125	125
125	125
125	125
125	125
125	126
125	125
125	125
125	125
125	125
125	125
125	125
125	129
125	125
125	125
125	125
125	125
125	129
125	129
125	125
125	125
125	125
125	125
125	125
125	125
125	125
125	125
125	129
125	129
125	125
125	126
125	126
125	126
125	125
125	125
125	126
125	125
125	125
125	125
125	125
125	132
125	125
125	125
125	125
125	125
125	125
125	125
125	125
125	125
125	128
125	125
125	151
125	125
125	126
125	125
125	125
125	151
125	125
125	125
125	125
125	129
125	125
125	126
125	151
125	125
125	151
125	143
125	125
126	151
126	129
126	147
126	129
126	126
126	126
126	129
126	129
126	126
126	126
126	126
126	126
126	126
126	126
126	152
126	132
126	126
126	126
126	126
126	126
126	126
126	126
126	126
126	127
126	144
126	126
126	126
126	126
126	144
126	126
126	126
126	126
126	144
126	126
126	126
126	140
126	126
126	126
127	127
127	150
127	140
127	140
127	131
127	127
127	127
127	145
127	127
127	145
127	127
127	139
127	139
127	127
127	127
127	144
127	127
127	144
127	127
127	127
127	127
127	140
127	142
127	127
127	127
127	127
127	153
127	127
127	138
127	145
127	127
127	127
127	127
127	127
127	145
127	127
127	127
127	127
127	127
127	127
127	127
127	127
127	127
127	127
127	127
127	142
127	143
127	142
127	127
127	127
127	127
127	128
127	128
127	127
127	138
127	127
127	130
127	127
127	127
127	140
127	127
127	127
127	145
127	127
127	142
127	142
127	138
127	127
127	139
127	128
127	128
127	131
127	128
127	139
127	153
127	128
127	127
127	127
127	127
127	127
127	142
127	148
127	139
127	138
127	127
127	135
127	135
127	148
127	139
127	139
127	128
127	128
128	138
128	142
128	128
128	138
128	128
128	138
128	144
128	128
128	135
128	135
128	128
128	140
128	140
128	138
128	128
128	139
128	138
128	128
128	139
128	139
128	139
128	139
128	140
128	128
128	144
128	138
128	131
128	131
128	131
128	139
128	131
128	131
128	140
128	131
128	140
128	128
128	128
128	128
128	131
128	128
128	131
128	139
128	131
128	139
128	128
128	139
128	140
128	128
128	138
128	139
128	139
128	139
128	139
128	139
128	139
128	128
128	128
128	128
128	128
128	128
128	128
128	128
128	128
128	128
128	128
128	128
128	128
128	155
128	129
128	135
128	135
128	135
128	153
128	135
128	135
128	128
128	135
128	128
128	135
128	129
128	152
128	128
128	155
128	128
128	129
128	129
128	129
129	129
129	129
129	129
129	129
129	129
129	129
129	129
129	129
129	129
129	129
129	129
129	129
129	129
129	155
129	129
129	129
129	129
129	129
129	129
129	129
129	129
129	132
129	129
129	132
129	132
129	129
129	129
129	132
129	129
129	129
129	129
129	132
129	137
129	129
129	129
129	132
129	129
129	129
129	129
129	129
129	129
129	129
129	129
129	129
129	129
129	129
129	129
129	132
129	132
129	129
129	152
129	129
129	132
129	132
129	129
129	129
129	129
129	129
129	129
129	129
129	129
129	129
129	135
129	129
129	132
129	152
129	148
129	129
129	129
129	129
129	130
129	132
129	130
129	130
129	129
129	129
129	129
129	156
129	155
129	130
129	148
129	130
130	130
130	130
130	147
130	130
130	130
130	130
130	148
130	147
130	130
130	130
130	132
130	130
130	147
130	147
130	156
130	147
130	147
130	134
130	130
130	136
130	156
130	156
130	130
130	130
130	130
130	130
130	130
130	130
130	130
130	130
130	130
130	130
130	132
130	138
130	130
130	130
130	133
130	130
130	147
130	130
130	156
130	130
130	130
130	130
130	130
130	130
130	130
130	149
130	130
130	130
130	149
130	134
130	138
130	134
130	134
130	138
130	134
130	134
130	134
130	134
130	130
130	134
130	134
130	130
130	152
130	148
130	130
130	130
130	142
130	131
130	131
130	140
130	131
130	130
130	130
130	131
130	130
130	138
130	131
130	139
130	139
130	139
130	130
130	131
131	138
131	131
131	139
131	139
131	139
131	138
131	131
131	131
131	131
131	139
131	139
131	131
131	131
131	131
131	139
131	131
131	139
131	144
131	139
131	138
131	131
131	131
131	144
131	131
131	139
131	131
131	131
131	139
131	131
131	131
131	131
131	139
131	139
131	131
131	131
131	139
131	131
131	139
131	131
131	139
131	146
131	138
131	131
131	139
131	139
131	140
131	140
131	149
131	140
131	131
131	131
131	131
131	131
131	131
131	138
131	140
131	139
131	139
131	131
131	146
131	131
131	131
131	131
131	138
131	131
131	131
131	138
131	131
131	131
131	134
131	131
131	134
131	131
131	131
131	139
131	139
131	131
131	131
131	131
131	131
131	139
131	139
131	134
131	147
131	134
131	131
131	131
131	134
131	134
131	132
131	132
132	132
132	137
132	132
132	137
132	134
132	132
132	132
132	134
132	134
132	138
132	138
132	134
132	138
132	134
132	138
132	138
132	132
132	148
132	149
132	132
132	148
132	132
132	148
132	132
132	149
132	137
132	132
132	132
132	132
132	132
132	151
132	132
132	148
132	132
132	149
132	132
132	132
132	148
132	148
132	132
132	132
132	148
132	132
132	151
132	132
132	132
132	132
132	151
132	132
132	132
132	132
132	151
132	132
132	151
132	132
132	148
132	132
132	132
132	133
132	133
132	133
132	133
132	133
133	133
133	133
133	133
133	133
133	133
133	133
133	133
133	133
133	133
133	151
133	133
133	133
133	133
133	133
133	133
133	133
133	133
133	133
133	133
133	133
133	133
133	133
133	133
133	133
133	133
133	133
133	133
133	133
133	133
133	133
133	133
133	133
133	133
133	152
133	133
133	133
133	133
133	133
133	133
133	133
133	133
133	133
133	133
133	133
133	152
133	133
133	133
133	133
133	133
133	133
133	133
133	133
133	133
133	133
133	133
133	133
133	133
133	152
133	133
133	133
133	133
133	133
133	133
133	133
133	133
133	133
133	134
133	137
133	143
133	134
134	134
134	134
134	134
134	134
134	134
134	134
134	134
134	149
134	149
134	134
134	134
134	134
134	134
134	134
134	149
134	138
134	134
134	134
134	134
134	134
134	134
134	134
134	134
134	134
134	134
134	141
134	141
134	134
134	134
134	134
134	141
134	135
134	134
134	141
134	134
134	134
134	134
134	134
134	134
134	134
134	134
134	134
134	134
134	134
134	134
134	134
134	134
134	134
134	148
134	134
134	134
134	134
134	134
134	138
134	143
134	143
134	135
134	143
134	138
134	138
134	139
134	134
134	139
134	139
134	139
134	140
134	135
134	140
134	139
135	135
135	143
135	143
135	140
135	139
135	143
135	139
135	140
135	140
135	140
135	140
135	144
135	135
135	139
135	139
135	139
135	135
135	135
135	135
135	139
135	139
135	135
135	135
135	139
135	135
135	135
135	139
135	135
135	135
135	155
135	135
135	152
135	135
135	155
135	135
135	135
135	135
135	135
135	135
135	135
135	135
135	135
135	135
135	135
135	135
135	135
135	155
135	135
135	135
135	149
135	135
135	135
135	135
135	135
135	135
135	135
135	135
135	135
135	135
135	135
135	135
135	155
135	135
135	135
135	135
135	135
135	135
135	135
135	135
135	135
135	135
135	136
135	155
135	155
135	155
135	136
136	136
136	136
136	136
136	136
136	136
136	136
136	155
136	136
136	136
136	136
136	136
136	136
136	136
136	136
136	136
136	137
136	136
136	136
136	136
136	136
136	136
136	148
136	136
136	136
136	136
136	136
136	136
136	136
136	136
136	136
136	136
136	136
136	136
136	136
136	136
136	136
136	136
136	136
136	136
136	136
136	136
136	136
136	137
136	155
136	136
136	136
136	149
136	136
136	150
136	136
136	136
136	136
136	136
136	137
136	138
136	136
136	136
136	137
136	151
136	136
136	137
136	136
136	136
136	136
136	137
136	136
136	137
136	137
136	137
136	137
136	136
136	155
136	151
136	137
136	137
136	137
136	136
136	136
136	137
136	137
136	137
136	136
136	137
136	137
136	136
136	136
136	152
136	137
136	137
136	137
136	151
137	137
137	137
137	152
137	152
137	137
137	137
137	152
137	137
137	152
137	137
137	137
137	152
137	137
137	137
137	137
137	137
137	137
137	137
137	152
137	152
137	137
137	137
137	137
137	137
137	137
137	137
137	137
137	137
137	150
137	137
137	137
137	137
137	137
137	137
137	137
137	137
137	137
137	137
137	137
137	137
137	151
137	137
137	137
137	137
137	139
137	139
137	137
137	137
137	137
137	137
137	149
137	137
137	137
137	137
137	149
137	137
137	137
137	149
137	137
137	138
137	156
137	138
137	149
137	149
137	138
137	152
137	138
138	143
138	149
138	149
138	138
138	149
138	138
138	138
138	138
138	138
138	156
138	155
138	156
138	156
138	156
138	138
138	138
138	140
138	140
138	140
138	140
138	140
138	148
138	140
138	140
138	138
138	142
138	142
138	138
138	143
138	142
138	142
138	142
138	138
138	138
138	138
138	138
138	138
138	138
138	138
138	138
138	138
138	138
138	138
138	138
138	154
138	138
138	138
138	138
138	139
138	138
138	138
138	153
138	138
138	138
138	138
138	139
138	139
138	138
138	138
138	138
138	139
138	139
138	139
138	139
138	139
138	138
138	139
138	139
138	139
138	138
138	139
138	139
138	138
138	139
138	138
138	143
139	139
139	140
139	143
139	139
139	139
139	139
139	140
139	139
139	139
139	139
139	144
139	144
139	139
139	142
139	139
139	139
139	139
139	139
139	139
139	139
139	139
139	139
139	139
139	139
139	139
139	139
139	139
139	139
139	139
139	139
139	139
139	139
139	139
139	139
139	139
139	139
139	139
139	139
139	139
139	139
139	139
139	139
139	139
139	140
139	139
139	144
139	144
139	144
139	139
139	139
139	144
139	144
139	139
139	139
139	139
139	143
139	139
139	142
139	142
139	142
139	142
139	139
139	139
139	142
139	142
139	144
139	140
139	142
139	140
140	143
140	140
140	142
140	141
140	140
140	140
140	140
140	140
140	140
140	140
140	145
140	152
140	140
140	140
140	140
140	140
140	143
140	140
140	140
140	145
140	140
140	145
140	141
140	145
140	144
140	142
140	142
140	153
140	146
140	142
140	140
140	153
140	141
140	140
140	142
140	140
140	140
140	144
140	153
140	140
140	140
140	140
140	140
140	144
140	153
140	140
140	142
140	140
140	143
140	143
140	140
140	140
140	140
140	140
140	153
140	153
140	140
140	140
140	140
140	154
140	153
140	140
140	152
140	140
140	140
140	141
140	140
140	141
140	140
140	140
140	143
140	140
140	140
140	140
140	140
140	140
140	140
140	141
140	140
140	140
140	140
140	140
140	140
140	140
140	148
140	140
140	141
141	141
141	141
141	141
141	141
141	141
141	141
141	141
141	144
141	144
141	145
141	141
141	141
141	141
141	141
141	141
141	141
141	141
141	141
141	141
141	141
141	141
141	141
141	141
141	141
141	141
141	149
141	149
141	141
141	149
141	141
141	149
141	141
141	141
141	141
141	149
141	141
141	149
141	141
141	141
141	141
141	149
141	149
141	141
141	149
141	147
141	142
141	141
141	141
141	141
141	149
141	149
141	150
141	141
141	149
141	141
141	141
141	145
141	141
141	141
141	141
141	141
141	141
141	141
141	141
141	141
141	141
141	141
141	148
141	141
141	141
141	141
141	145
141	142
141	148
141	145
141	142
141	147
141	142
141	142
141	142
142	142
142	148
142	142
142	142
142	142
142	142
142	142
142	142
142	142
142	142
142	148
142	148
142	148
142	148
142	142
142	145
142	153
142	153
142	142
142	142
142	147
142	142
142	142
142	153
142	145
142	153
142	142
142	153
142	142
142	147
142	142
142	142
142	153
142	142
142	142
142	142
142	142
142	142
142	142
142	153
142	142
142	153
142	142
142	142
142	142
142	143
142	142
142	142
142	142
142	143
142	142
142	142
142	142
142	143
142	142
142	143
142	142
142	142
142	143
142	142
142	142
142	142
142	142
142	142
142	142
142	142
142	142
142	142
142	143
142	142
142	142
142	142
142	145
142	142
142	142
142	143
142	142
142	153
142	143
143	143
143	148
143	143
143	143
143	143
143	143
143	150
143	143
143	153
143	143
143	143
143	143
143	143
143	143
143	143
143	155
143	153
143	150
143	150
143	150
143	143
143	143
143	143
143	143
143	143
143	143
143	143
143	143
143	143
143	143
143	143
143	143
143	143
143	143
143	143
143	143
143	143
143	143
144	144
144	144
144	144
144	144
144	144
144	144
144	144
144	144
144	144
144	144
144	147
144	144
144	144
144	144
144	144
144	144
144	144
144	145
144	144
144	144
144	145
144	145
144	144
144	145
144	144
144	145
145	145
145	145
145	145
145	145
145	145
145	145
145	145
145	145
145	145
145	145
145	145
145	145
145	145
145	145
145	145
145	145
145	146
145	145
145	153
145	153
145	145
145	152
145	145
145	145
145	156
145	145
145	154
145	145
145	152
145	148
145	147
145	147
145	151
145	154
145	146
145	146
145	147
146	154
146	155
146	151
146	146
146	149
146	147
146	147
146	146
146	146
146	147
146	147
146	151
146	146
146	147
147	147
147	154
147	147
147	147
147	147
147	147
147	151
147	151
147	155
147	147
147	147
147	154
147	148
147	147
147	155
147	156
147	147
147	147
147	147
147	147
147	148
147	148
147	151
147	148
147	148
147	147
147	147
147	147
147	148
147	151
147	148
147	151
147	148
147	151
147	154
148	151
148	151
148	151
148	151
148	151
148	154
148	151
148	151
148	151
148	151
148	148
148	152
148	148
148	148
148	151
148	148
148	151
148	148
148	150
148	148
148	150
148	148
148	153
148	153
148	154
148	153
148	153
148	153
148	148
148	153
148	153
148	148
148	153
148	153
148	153
148	151
148	151
148	148
148	149
148	148
148	149
148	148
148	150
148	149
148	148
148	148
148	148
148	148
148	148
148	148
148	148
148	148
148	148
148	148
148	148
148	148
148	148
148	148
148	149
148	148
148	149
148	148
148	148
148	148
148	148
148	148
148	148
148	148
148	148
148	149
148	148
148	149
148	149
148	148
148	148
148	149
148	148
148	149
148	149
148	149
148	149
148	148
148	149
148	149
148	148
148	149
148	149
148	149
148	148
149	149
149	149
149	149
149	149
149	149
149	149
149	149
149	149
149	149
149	149
149	149
149	149
149	149
149	149
149	149
149	149
149	149
149	149
149	155
149	149
149	149
149	149
149	149
149	149
149	149
149	149
149	149
149	149
149	149
149	149
149	149
149	149
149	149
149	149
149	149
149	149
149	149
149	149
149	149
149	149
149	150
149	150
149	151
149	151
149	151
149	149
149	150
149	150
149	149
149	151
149	149
149	149
149	149
149	149
149	150
149	150
149	150
149	150
149	150
150	150
150	150
150	150
150	151
150	150
150	150
150	150
150	150
150	150
150	151
150	150
150	151
150	150
150	150
150	151
150	150
150	150
150	150
150	150
150	150
150	150
150	150
150	150
150	150
150	150
150	150
150	150
150	150
150	150
150	150
150	150
150	150
150	150
150	150
150	150
150	150
150	150
150	150
150	150
150	150
150	150
150	150
150	150
150	150
150	150
150	150
150	150
150	153
150	150
150	150
150	150
150	150
150	150
150	150
150	150
150	150
150	150
150	150
150	150
150	150
150	150
150	150
150	150
150	150
150	154
150	150
150	151
150	151
150	150
150	151
150	151
151	151
151	151
151	151
151	151
151	151
151	151
151	151
151	151
151	151
151	151
151	151
151	151
151	151
151	151
151	151
151	151
151	151
151	153
151	154
151	151
151	151
151	155
151	151
151	151
151	151
151	151
151	151
151	151
151	151
151	151
151	154
151	151
151	154
151	151
151	151
151	151
151	151
151	154
151	151
151	151
151	151
151	154
151	151
151	151
151	154
151	154
151	151
151	151
151	151
151	151
151	155
151	151
151	151
151	151
151	151
151	151
151	151
151	151
151	151
151	151
151	152
152	152
152	152
152	152
152	152
152	152
152	152
152	152
152	152
152	152
152	152
152	152
152	152
152	152
152	152
152	152
152	155
152	152
152	152
152	154
152	156
152	152
152	155
152	154
152	152
152	152
152	152
152	153
152	152
152	152
152	155
152	155
152	154
152	156
152	153
152	155
152	152
152	153
152	153
152	152
152	153
152	153
152	153
152	152
152	153
152	152
152	152
152	152
152	153
152	152
152	153
152	154
152	152
152	152
152	153
152	152
152	153
152	153
152	153
152	153
152	153
152	154
152	153
152	154
152	152
152	153
152	152
152	152
153	153
153	155
153	153
153	154
153	153
153	153
153	155
153	156
153	153
153	153
153	153
153	153
153	153
153	153
153	153
153	153
153	153
153	154
153	153
153	153
153	154
153	153
153	153
153	153
153	153
153	153
153	156
153	153
153	153
153	153
153	154
153	153
153	153
153	154
153	153
153	154
153	153
153	153
153	153
153	154
153	154
153	154
153	154
153	153
153	153
153	153
153	153
153	153
153	154
153	154
153	153
153	154
153	153
153	154
153	153
153	154
153	154
153	154
153	153
153	154
153	153
153	154
153	153
153	153
153	154
153	153
153	153
153	154
153	154
153	153
154	154
154	154
154	154
154	154
154	154
154	154
154	154
154	154
154	154
154	154
154	154
154	154
154	154
154	154
154	154
154	154
154	154
154	154
154	154
154	154
154	154
154	154
154	154
154	155
154	154
154	154
154	154
154	154
154	154
154	154
154	154
154	154
154	154
154	154
154	154
154	155
154	155
155	155
155	155
155	155
155	155
155	155
155	155
155	155
155	155
155	155
155	155
155	155
155	155
155	155
155	155
155	155
155	155
155	155
155	155
155	155
155	155
155	155
155	155
155	155
155	155
155	155
155	155
155	155
155	155
155	155
155	155
155	155
155	155
155	156
155	155
155	155
155	155
155	155
155	155
155	155
155	155
155	155
155	155
155	155
155	155
155	155
155	155
155	155
155	156
155	155
155	156
155	155
155	156
155	155
155	156
155	155
155	155
156	156
156	156
156	156
156	156
156	156
156	156
156	156
156	156
156	156
156	156
