3	7
3	5
3	7
3	12
3	5
3	38
3	5
3	6
3	3
3	3
3	3
3	3
3	17
3	3
3	3
3	36
3	5
3	36
3	8
3	3
3	28
3	28
3	3
3	3
3	22
3	8
3	3
3	6
3	6
3	28
3	28
3	10
3	34
3	35
3	3
3	28
3	28
3	3
3	3
3	3
3	5
3	31
3	3
3	6
3	5
3	9
3	8
3	3
3	3
3	38
3	3
3	3
3	8
3	31
3	9
3	4
3	3
3	3
3	3
3	3
3	20
3	3
3	42
3	4
3	3
3	4
3	4
3	4
3	4
3	3
3	4
3	4
3	3
3	4
4	4
4	21
4	21
4	4
4	4
4	21
4	21
4	21
4	4
4	9
4	9
4	20
4	21
4	4
4	4
4	4
4	4
4	4
4	21
4	4
4	9
4	4
4	4
4	4
4	42
4	32
4	39
4	4
4	4
4	21
4	4
4	38
4	4
4	21
4	4
4	42
4	21
4	21
4	4
4	4
4	5
4	31
4	4
4	20
4	31
4	4
4	4
4	42
4	4
4	42
4	4
4	21
4	21
4	21
5	5
5	5
5	27
5	5
5	5
5	31
5	27
5	42
5	5
5	6
5	5
5	20
5	5
5	5
5	5
5	5
5	5
5	5
5	5
5	38
5	38
5	38
5	5
5	5
5	37
5	5
5	5
5	5
5	5
5	43
5	37
5	26
5	28
5	5
5	37
5	5
5	5
5	21
5	21
5	16
5	14
5	17
5	5
5	7
5	12
5	21
5	10
5	5
5	21
5	36
5	5
5	37
5	6
5	6
5	5
5	8
6	36
6	36
6	6
6	22
6	6
6	6
6	6
6	6
6	6
6	6
6	6
6	6
6	7
6	28
6	28
6	9
6	6
6	7
6	10
6	6
6	6
6	28
6	7
6	21
6	6
6	7
6	7
6	7
6	7
7	7
7	7
7	7
7	7
7	20
7	14
7	7
7	7
7	7
7	7
7	22
7	7
7	23
7	7
7	10
7	10
7	7
7	10
7	22
7	7
7	7
7	7
7	7
7	22
7	22
7	7
7	7
7	10
7	21
7	7
7	21
7	19
7	21
7	9
7	7
7	8
7	8
7	21
7	7
7	22
7	8
7	8
7	20
7	8
7	8
8	35
8	35
8	36
8	8
8	35
8	35
8	8
8	35
8	36
8	8
8	9
8	9
8	8
8	18
8	12
8	9
8	8
8	12
8	9
8	8
8	8
8	36
8	36
8	35
8	8
8	9
8	36
8	12
8	8
8	8
8	38
8	9
8	9
8	8
8	35
8	35
8	8
8	9
8	8
8	8
8	8
8	35
8	8
8	9
8	34
8	9
8	9
8	27
8	34
9	10
9	34
9	20
9	20
9	20
9	20
9	35
9	9
9	20
9	9
9	9
9	9
9	9
9	9
9	9
9	9
9	9
9	9
9	9
9	9
9	9
9	9
9	9
9	14
9	9
9	9
9	9
9	9
9	9
9	21
9	9
9	10
10	10
10	10
10	10
10	10
10	21
10	13
10	21
10	21
10	10
10	10
10	10
10	10
10	21
10	17
10	10
10	21
10	21
10	10
10	22
10	13
11	12
11	45
12	14
12	14
12	14
12	12
12	18
12	12
12	14
12	18
12	12
12	12
12	12
12	43
12	14
12	35
12	38
12	17
12	18
12	47
12	12
12	16
12	12
12	18
12	12
12	12
12	17
12	36
12	18
12	35
12	12
12	13
12	13
12	17
12	14
12	13
13	13
13	14
13	13
13	13
13	21
13	21
13	13
13	14
13	13
13	13
13	13
13	17
13	14
13	21
13	13
13	14
13	13
13	38
13	13
13	13
13	14
13	14
13	13
13	13
13	13
13	13
13	17
13	13
13	13
13	20
13	13
13	20
13	13
13	14
13	14
13	14
13	14
14	38
14	14
14	20
14	24
14	14
14	37
14	38
14	14
14	18
14	14
14	22
14	14
14	23
14	38
14	14
14	14
14	44
14	36
14	28
14	44
14	28
14	27
14	14
14	28
14	14
14	28
14	35
14	28
14	14
14	28
14	14
14	25
14	41
14	19
14	41
14	48
14	28
14	28
14	28
14	27
14	44
14	38
14	16
14	41
15	19
15	15
15	15
15	39
15	38
15	15
15	15
15	16
15	16
15	32
15	15
15	25
15	15
15	15
15	37
15	16
16	16
16	38
16	16
16	17
16	37
16	16
16	37
16	37
16	36
16	16
16	16
16	17
16	19
16	47
16	26
16	16
16	16
16	17
16	17
16	16
16	44
16	16
16	44
16	46
16	44
16	16
16	17
16	45
17	46
17	17
17	19
17	18
17	47
17	17
17	17
17	26
17	17
17	17
17	20
17	17
17	26
17	48
17	17
17	36
17	17
17	17
17	17
17	19
17	18
17	19
17	18
17	18
17	19
17	47
18	19
18	37
18	37
18	36
18	37
18	18
18	18
18	26
18	21
18	20
18	19
18	18
18	18
18	18
18	44
18	18
18	47
18	18
18	18
18	19
18	19
18	26
18	42
18	19
18	19
19	19
19	42
19	19
19	25
19	19
19	19
19	19
19	47
19	19
19	47
19	19
19	19
19	19
19	19
19	19
19	37
19	20
19	41
19	28
19	38
19	19
19	19
19	37
19	37
19	46
19	19
19	27
19	26
19	19
19	20
19	19
19	20
19	38
19	38
19	39
19	19
19	39
19	20
19	20
19	20
19	20
19	47
20	48
20	20
20	20
20	20
20	20
20	20
20	20
20	20
20	47
20	20
20	20
20	20
20	20
20	20
20	42
20	20
20	20
20	38
20	20
20	20
20	20
20	35
20	38
20	20
20	39
20	20
20	20
20	20
20	20
20	38
20	28
20	20
20	20
20	20
20	35
20	20
20	20
20	21
21	21
21	21
21	21
21	21
21	21
21	21
21	21
21	36
21	36
21	21
21	33
21	21
21	21
21	21
21	21
21	21
21	21
21	21
21	21
21	21
21	24
21	21
21	22
21	24
21	24
21	21
21	21
21	21
21	22
21	21
21	21
21	21
21	21
21	22
21	22
21	24
21	22
21	22
21	22
22	22
22	22
22	22
22	22
22	22
22	22
22	22
22	23
22	23
22	23
22	23
22	22
22	22
22	24
22	22
22	22
22	30
22	23
22	23
22	22
22	23
22	22
22	22
22	23
22	23
22	22
22	22
22	35
22	22
22	22
22	22
22	23
22	22
22	23
22	22
22	22
22	22
22	36
22	34
22	22
22	35
22	36
22	30
22	23
22	23
22	36
22	23
22	23
22	36
22	23
23	30
23	35
23	23
23	23
23	36
23	36
23	23
23	23
23	23
23	23
23	23
23	23
23	23
23	23
23	40
23	24
23	24
23	31
23	23
23	23
23	23
23	35
23	23
23	23
23	35
23	23
23	24
23	23
23	24
23	24
23	23
23	23
23	23
23	23
23	23
23	23
23	33
23	33
23	23
23	23
23	23
23	23
23	23
23	23
23	23
23	23
23	23
23	37
23	24
23	23
23	23
23	24
23	23
23	24
23	23
24	24
24	24
24	24
24	24
24	24
24	53
24	24
24	29
24	35
24	35
24	35
24	24
24	24
24	24
24	24
24	24
24	24
24	24
24	64
24	24
24	24
24	24
24	24
24	24
24	24
24	24
24	52
24	24
24	43
24	24
24	24
24	34
24	75
24	24
24	24
24	34
24	24
24	52
24	34
24	24
24	24
24	24
24	43
24	44
24	24
24	66
24	24
24	24
24	24
24	67
24	24
24	36
24	24
24	29
24	44
24	52
24	24
24	68
24	52
24	75
24	75
24	24
24	34
24	24
24	24
24	25
24	25
24	25
25	25
25	49
25	27
25	25
25	25
25	26
25	25
25	25
25	42
25	44
25	43
25	25
25	51
25	34
25	25
25	34
25	25
25	25
25	43
25	25
25	25
25	25
25	43
25	38
25	52
25	27
25	28
25	25
25	25
25	36
25	25
25	36
25	25
25	35
25	43
25	25
25	27
25	27
25	25
25	38
25	27
25	29
25	27
25	38
25	25
25	25
25	26
25	25
25	27
25	25
25	26
25	44
25	25
25	38
25	27
25	44
25	27
25	44
25	37
25	44
25	26
25	44
25	44
25	27
25	38
25	44
25	25
25	26
25	25
25	25
25	41
25	27
25	27
25	25
25	26
25	44
25	38
25	46
25	40
25	42
25	51
25	41
25	26
26	26
26	48
26	37
26	27
26	42
26	50
26	26
26	26
26	44
26	26
26	44
26	44
26	38
26	39
26	26
26	26
26	44
26	27
26	27
26	45
26	38
26	44
26	38
26	37
26	37
26	26
26	37
26	27
26	26
26	46
26	39
26	41
26	41
26	41
26	48
26	47
26	48
26	47
26	41
26	41
26	35
26	38
26	44
26	26
26	49
26	37
26	27
26	27
26	72
26	27
26	27
26	41
26	27
26	26
26	27
26	27
27	27
27	27
27	27
27	48
27	27
27	27
27	27
27	27
27	44
27	46
27	45
27	27
27	57
27	27
27	62
27	27
27	27
27	50
27	27
27	50
27	43
27	27
27	39
27	47
27	27
27	46
27	27
27	42
27	48
27	29
27	41
27	27
27	27
27	38
27	38
27	38
27	42
27	44
27	48
27	42
27	44
27	27
27	27
27	27
27	44
27	28
27	41
27	40
27	28
27	38
27	28
27	34
27	41
27	27
27	27
27	28
27	34
27	34
27	27
27	27
27	27
27	40
27	27
27	27
27	28
27	41
27	28
27	43
27	48
27	70
28	70
28	28
28	28
28	50
28	28
28	38
28	28
28	28
28	38
28	34
28	28
28	28
28	28
28	28
28	28
28	28
28	29
28	28
28	28
28	28
28	28
28	28
28	28
28	28
28	28
28	28
28	28
28	29
28	28
28	28
28	28
28	28
28	37
28	44
28	34
28	29
28	29
28	38
28	28
28	40
28	41
28	29
28	28
28	28
28	28
28	28
28	28
28	28
28	28
28	28
28	41
28	28
28	29
28	28
28	29
28	35
28	29
28	28
28	29
28	28
28	28
28	28
28	35
28	28
28	28
28	50
28	41
28	29
28	64
28	29
28	29
28	29
28	29
29	29
29	48
29	29
29	42
29	29
29	29
29	48
29	41
29	29
29	48
29	48
29	43
29	29
29	41
29	42
29	41
29	41
29	40
29	29
29	35
29	44
29	41
29	29
29	35
29	41
29	41
29	41
29	41
29	35
29	29
29	35
29	29
29	29
29	100
29	35
29	35
29	35
29	35
29	35
29	29
29	41
29	35
29	36
29	34
29	35
29	32
29	33
29	36
29	30
29	32
29	29
29	29
29	36
29	39
29	36
29	36
29	73
29	73
29	30
29	39
29	43
29	39
29	43
29	30
29	65
29	76
29	103
29	29
29	29
29	29
29	29
29	29
29	30
29	37
29	51
29	76
29	30
29	30
29	36
29	38
29	30
29	30
29	36
29	29
29	36
29	36
29	43
29	37
30	103
30	52
30	30
30	103
30	104
30	104
30	30
30	52
30	30
30	30
30	53
30	52
30	51
30	65
30	65
30	65
30	65
30	51
30	52
30	30
30	52
30	30
30	39
30	51
30	43
30	44
30	72
30	36
30	31
30	36
30	63
30	39
30	51
30	30
30	30
30	44
30	30
30	30
30	31
30	30
30	51
30	31
30	52
30	30
30	36
30	39
30	51
30	36
30	51
30	35
30	35
30	51
30	30
30	51
30	31
30	30
30	31
30	44
30	30
30	30
30	30
30	30
30	30
30	30
30	36
30	30
30	30
30	35
30	30
30	30
30	30
30	36
30	30
30	31
30	30
30	54
30	30
30	30
30	31
30	31
30	30
30	35
30	35
30	30
30	30
30	31
30	31
30	30
30	31
30	30
30	31
30	36
30	31
30	31
31	31
31	36
31	31
31	35
31	31
31	31
31	31
31	31
31	31
31	31
31	31
31	31
31	31
31	31
31	36
31	36
31	66
31	31
31	36
31	31
31	31
31	36
31	35
31	31
31	31
31	36
31	35
31	36
31	31
31	31
31	31
31	38
31	35
31	65
31	65
31	31
31	31
31	31
31	66
31	65
31	31
31	31
31	31
31	31
31	31
31	31
31	31
31	31
31	31
31	32
31	32
31	31
31	31
31	31
31	31
31	42
31	65
31	39
31	39
31	67
31	31
31	31
31	32
31	31
31	32
31	32
31	39
31	32
31	32
31	32
31	32
31	32
31	39
32	32
32	32
32	32
32	38
32	39
32	32
32	34
32	32
32	32
32	38
32	32
32	65
32	33
32	32
32	39
32	38
32	33
32	33
32	33
32	33
32	33
32	33
32	73
32	57
32	32
32	57
32	33
32	32
32	33
32	33
32	32
32	60
32	32
32	32
32	73
32	32
32	65
32	32
32	63
32	32
32	65
32	32
32	32
32	32
32	75
32	32
32	32
32	75
32	32
32	76
32	32
32	65
32	65
32	32
32	64
32	74
32	73
32	32
32	75
32	32
32	75
32	75
32	57
32	57
32	32
32	32
32	32
32	32
32	33
32	32
32	64
32	63
32	74
32	32
32	35
32	36
32	35
32	35
32	32
32	32
32	32
32	32
32	32
32	58
32	33
32	32
32	32
32	33
32	33
32	33
32	32
33	33
33	33
33	33
33	33
33	58
33	33
33	58
33	33
33	33
33	58
33	33
33	33
33	33
33	33
33	33
33	33
33	33
33	33
33	33
33	58
33	33
33	33
33	57
33	57
33	33
33	33
33	78
33	33
33	33
33	58
33	54
33	39
33	57
33	33
33	33
33	33
33	57
33	54
33	33
33	54
33	33
33	33
33	33
33	33
33	33
33	33
33	39
33	34
33	33
33	54
33	34
33	57
33	34
33	34
33	33
33	34
33	34
33	34
33	41
33	33
33	34
34	57
34	34
34	34
34	34
34	34
34	34
34	34
34	34
34	41
34	55
34	34
34	41
34	43
34	34
34	34
34	34
34	34
34	34
34	34
34	34
34	34
34	34
34	34
34	34
34	34
34	34
34	34
34	48
34	39
34	34
34	35
34	34
34	34
34	34
34	34
34	52
34	34
34	34
34	34
34	52
34	44
34	52
34	58
34	34
34	52
34	34
34	75
34	38
34	75
34	35
34	38
35	38
35	35
35	35
35	44
35	35
35	35
35	37
35	38
35	38
35	35
35	38
35	35
35	35
35	35
35	36
35	44
35	38
35	38
35	36
35	35
35	44
35	44
35	36
35	36
35	38
35	37
35	38
35	35
35	35
35	35
35	35
35	35
35	35
35	35
35	35
35	35
35	37
35	35
35	38
35	35
35	35
35	44
35	35
35	36
35	36
35	38
35	35
35	35
35	35
35	35
35	35
35	35
35	35
35	35
35	35
35	35
35	35
35	35
35	35
35	35
35	35
35	35
35	76
35	35
35	35
35	38
35	35
35	38
35	36
35	35
35	35
35	38
35	35
35	38
35	35
35	36
35	35
36	36
36	36
36	36
36	36
36	36
36	36
36	38
36	36
36	36
36	36
36	72
36	36
36	36
36	36
36	36
36	36
36	36
36	36
36	36
36	36
36	36
36	36
36	36
36	36
36	36
36	36
36	36
36	36
36	37
36	36
36	36
36	36
36	37
36	36
36	36
36	36
36	36
36	37
36	36
36	36
36	36
36	36
36	37
36	36
36	36
36	37
36	37
36	44
36	36
36	36
36	53
36	36
36	36
36	37
36	57
36	36
36	76
36	37
36	36
36	76
36	76
36	36
36	37
36	37
36	36
36	82
36	37
36	37
36	76
36	37
37	37
37	37
37	37
37	37
37	37
37	75
37	37
37	76
37	76
37	37
37	37
37	76
37	37
37	37
37	75
37	37
37	37
37	37
37	75
37	75
37	75
37	52
37	75
37	75
37	52
37	37
37	37
37	49
37	44
37	44
37	37
37	42
37	37
37	49
37	37
37	37
37	37
37	37
37	37
37	37
37	37
37	37
37	37
37	37
37	37
37	37
37	37
37	37
37	38
37	38
37	37
37	38
37	38
37	37
37	37
37	37
37	37
37	37
37	44
37	38
37	38
37	37
37	37
37	38
37	37
37	37
38	38
38	38
38	38
38	38
38	38
38	38
38	38
38	38
38	38
38	44
38	38
38	44
38	38
38	38
38	41
38	38
38	38
38	38
38	44
38	44
38	44
38	38
38	38
38	38
38	38
38	38
38	38
38	38
38	44
38	38
38	39
38	38
38	38
38	38
38	38
38	38
38	74
38	39
38	39
38	38
38	38
38	38
38	38
38	38
39	39
39	39
39	39
39	39
39	39
39	39
39	39
39	51
39	39
39	39
39	52
39	39
39	39
39	39
39	51
39	39
39	39
39	39
39	39
39	39
39	39
39	39
39	51
39	39
39	39
39	39
39	39
39	39
39	39
39	50
39	40
39	40
39	39
39	39
40	51
40	40
40	40
40	41
40	42
40	42
40	40
40	42
40	40
40	43
40	41
40	42
40	50
40	41
40	50
40	51
40	43
40	51
40	41
40	51
40	40
40	40
40	40
40	50
40	40
40	40
40	55
40	41
40	40
40	40
40	40
40	43
40	50
41	41
41	41
41	41
41	41
41	41
41	42
41	41
41	41
41	41
41	57
41	41
41	54
41	54
41	41
41	62
41	41
41	43
41	41
41	42
41	41
41	41
41	41
41	41
41	53
41	57
41	41
41	41
41	41
41	43
41	41
41	41
41	41
41	41
41	42
41	52
41	41
42	47
42	42
42	48
42	60
42	42
42	42
42	42
42	43
42	50
42	42
42	68
42	75
42	42
42	75
42	42
42	75
42	42
42	42
42	42
42	67
42	67
42	48
42	42
42	67
42	58
42	67
42	59
42	42
42	42
42	42
42	43
42	54
42	42
42	42
42	59
42	42
42	47
42	50
42	42
42	43
42	43
42	46
42	43
42	51
43	48
43	67
43	51
43	43
43	43
43	43
43	43
43	43
43	43
43	43
43	68
43	43
43	43
43	52
43	52
43	52
43	50
43	50
43	43
43	50
43	50
43	48
43	57
43	67
43	59
43	75
43	43
43	43
43	43
43	43
43	73
43	73
43	43
43	43
43	49
43	43
43	65
43	43
43	43
43	43
43	66
43	65
43	43
43	73
43	43
43	43
43	43
43	43
43	44
43	43
43	73
43	43
43	43
43	43
43	66
43	43
43	67
44	44
44	44
44	50
44	44
44	44
44	45
44	45
44	44
44	44
44	44
44	44
44	44
44	66
44	44
44	44
44	44
44	45
44	44
44	45
44	44
44	44
44	44
44	44
44	44
44	44
44	45
44	47
44	46
44	45
44	50
44	46
44	44
44	45
44	50
44	44
44	49
44	55
44	46
44	49
44	44
44	50
44	46
44	45
44	44
44	45
45	45
45	45
45	45
45	46
45	45
45	45
45	46
45	45
45	45
45	45
45	45
45	45
45	45
45	45
45	50
45	50
45	45
45	50
45	50
45	50
45	45
45	50
45	46
45	45
45	45
45	45
45	45
45	45
45	46
45	45
45	45
45	45
45	50
45	46
45	46
45	61
45	46
45	50
46	46
46	50
46	46
46	50
46	50
46	49
46	50
46	46
46	50
46	50
46	50
46	46
46	50
46	48
46	57
46	57
46	55
46	50
46	46
46	46
46	47
46	46
46	50
46	47
46	76
46	46
46	80
46	46
46	46
46	76
46	76
46	55
46	55
46	46
46	68
47	82
47	69
47	47
47	47
47	47
47	47
47	48
47	47
47	47
47	82
47	47
47	48
47	47
47	82
47	76
47	47
47	47
47	47
47	47
47	47
47	47
47	62
47	48
47	48
47	60
47	61
47	48
48	48
48	48
48	48
48	48
48	48
48	48
48	48
48	61
48	48
48	57
48	61
48	50
48	57
48	54
48	59
48	52
48	52
48	48
48	54
48	51
48	48
48	59
48	48
48	51
49	54
49	49
49	49
49	49
49	49
49	50
49	49
49	49
49	49
49	49
49	49
49	50
49	49
49	49
49	50
49	49
49	49
49	49
49	67
49	67
49	49
49	49
49	49
49	49
49	49
49	49
49	49
49	49
49	49
49	49
49	49
49	50
50	50
50	50
50	50
50	50
50	50
50	50
50	50
50	61
50	50
50	50
50	61
50	50
50	50
50	50
50	50
50	56
50	61
50	50
50	50
50	50
50	68
50	50
50	50
50	50
50	57
50	55
50	57
50	55
50	50
50	78
51	56
51	60
51	56
51	57
51	57
51	51
51	51
51	68
51	51
51	51
51	51
51	51
51	51
51	51
51	51
51	51
51	52
51	51
51	51
51	51
51	51
51	51
51	51
51	52
51	51
51	68
51	51
51	51
51	51
51	51
51	76
51	51
51	51
51	51
51	52
51	51
51	51
51	52
51	84
51	52
51	52
52	52
52	52
52	52
52	52
52	74
52	52
52	52
52	52
52	84
52	75
52	84
52	75
52	84
52	52
52	105
52	52
52	75
52	75
52	52
52	72
52	52
52	72
52	53
52	84
52	53
52	52
52	52
52	53
52	52
52	52
52	52
52	52
52	52
52	52
52	74
52	52
52	52
52	52
52	54
52	52
52	54
52	52
52	52
52	53
52	54
52	75
52	52
52	75
52	75
52	52
52	52
52	53
52	53
52	52
52	53
52	53
52	54
52	75
53	73
53	53
53	73
53	72
53	53
53	76
53	53
53	53
53	102
53	103
53	53
53	53
53	53
53	53
53	53
53	53
53	53
53	64
53	53
53	53
53	64
53	53
53	53
53	53
53	81
53	81
53	64
53	53
53	53
53	53
53	53
53	104
53	53
53	53
53	53
53	53
53	53
53	53
53	82
53	53
53	53
53	58
53	53
53	64
53	53
53	53
53	53
53	53
53	53
53	59
53	59
53	53
53	53
53	53
53	53
53	53
53	53
53	53
53	59
53	64
54	104
54	105
54	105
54	58
54	79
54	79
54	54
54	54
54	104
54	54
54	54
54	54
54	67
54	54
54	104
54	54
54	54
54	76
54	54
54	57
54	57
54	83
54	54
54	54
54	103
54	103
54	54
54	103
54	102
54	54
54	73
54	79
54	79
54	55
54	55
54	79
54	79
55	79
55	55
55	62
55	82
55	82
55	57
55	60
55	56
55	80
55	55
55	79
55	80
55	78
55	55
55	83
55	82
55	81
55	82
55	58
55	82
55	55
55	82
55	67
55	63
55	82
55	76
55	55
55	55
55	68
55	60
56	60
56	56
56	60
56	60
56	60
56	63
56	56
56	56
56	60
56	56
56	60
56	65
56	60
56	66
56	56
56	56
56	60
56	56
56	60
56	66
56	60
56	66
56	66
56	65
56	56
56	68
56	56
56	68
56	56
56	56
56	72
56	56
56	89
56	56
56	66
56	56
56	67
56	56
56	66
56	60
56	62
57	63
57	63
57	62
57	62
57	57
57	57
57	57
57	57
57	57
57	57
57	57
57	58
57	57
57	68
57	57
57	103
57	74
57	57
57	67
57	76
57	57
57	57
57	57
57	68
57	67
57	76
58	79
58	104
58	58
58	77
58	107
58	58
58	83
58	58
58	58
58	79
58	64
58	59
58	58
58	58
58	75
58	58
58	59
58	84
58	60
58	59
58	59
58	58
58	63
58	86
58	59
59	85
59	86
59	60
59	60
59	59
59	60
59	60
59	60
59	90
59	59
59	59
59	89
59	59
59	59
59	59
59	67
59	59
59	59
59	60
59	74
59	59
59	59
59	75
59	60
59	59
60	74
60	85
60	84
60	86
60	60
60	75
60	60
60	60
60	61
60	61
60	61
60	60
60	74
60	60
60	86
60	60
60	60
60	60
60	61
60	78
60	60
60	75
60	78
60	60
60	75
60	78
60	74
60	75
60	87
60	74
61	84
61	86
61	83
61	61
61	104
61	61
61	61
61	61
61	86
61	104
61	83
61	61
61	61
61	61
61	61
61	62
61	63
61	62
61	62
61	62
61	62
62	63
62	62
62	63
62	62
62	69
62	89
62	87
62	62
62	63
62	69
62	69
62	62
62	64
62	62
62	62
62	83
62	62
62	89
62	64
62	83
62	85
62	62
62	86
62	62
62	62
62	67
62	86
62	62
62	62
62	63
63	63
63	63
63	72
63	106
63	106
63	106
63	106
63	106
63	79
63	72
63	63
63	63
63	105
63	63
63	88
63	66
63	66
63	63
63	106
63	63
63	63
63	63
63	63
63	106
63	77
63	106
63	65
63	77
63	106
63	63
63	63
63	63
63	63
63	63
63	106
63	63
63	106
63	106
63	63
63	63
63	63
63	63
64	64
64	64
64	64
64	64
64	64
64	77
64	98
64	64
64	71
64	77
64	64
64	65
64	64
64	64
64	64
64	73
64	64
64	64
64	64
64	64
64	64
64	107
64	65
64	64
64	64
64	64
64	107
64	64
64	64
64	64
64	64
64	64
64	64
64	64
64	64
64	64
64	64
64	64
64	64
64	64
64	64
64	65
64	64
64	73
64	64
64	64
64	73
64	64
64	64
64	74
64	64
64	74
64	74
64	64
64	64
64	64
64	64
64	65
64	79
64	64
64	64
64	64
64	64
64	91
64	64
64	65
64	65
64	64
64	64
64	64
64	75
64	75
64	65
64	65
64	76
64	65
64	64
64	65
64	102
65	65
65	65
65	65
65	65
65	65
65	65
65	107
65	65
65	93
65	65
65	65
65	65
65	65
65	65
65	65
65	65
65	76
65	65
65	76
65	103
65	76
65	65
65	65
65	65
65	65
65	103
65	65
65	103
65	65
65	65
65	65
65	65
65	65
65	65
65	65
65	65
65	72
65	65
65	98
65	98
65	101
65	92
65	65
65	65
65	65
65	65
65	65
65	65
65	65
65	110
65	65
65	65
65	65
65	65
65	65
65	65
65	65
65	65
65	66
65	65
65	66
65	66
65	66
65	66
66	67
66	66
66	66
66	66
66	66
66	66
66	66
66	66
66	66
66	66
66	66
66	66
66	66
66	66
66	66
66	66
66	66
66	66
66	66
66	66
66	66
66	66
66	66
66	66
66	66
66	72
66	66
66	68
66	74
66	66
66	66
66	66
66	66
66	74
66	67
66	67
66	67
66	67
66	67
66	67
66	67
66	67
66	67
66	68
66	68
66	66
66	67
66	68
66	72
66	74
66	73
67	67
67	68
67	67
67	67
67	67
67	67
67	68
67	67
67	67
67	68
67	67
67	68
67	67
67	67
67	67
67	67
67	67
67	74
67	67
67	67
67	67
67	67
67	67
67	67
67	74
67	67
67	71
67	79
67	75
67	82
67	67
67	75
67	80
67	67
67	75
67	72
67	67
67	67
67	82
67	67
67	67
67	75
67	75
67	67
67	68
67	68
68	68
68	68
68	68
68	68
68	68
68	68
68	68
68	68
68	68
68	88
68	72
68	87
68	72
68	89
68	80
68	68
68	68
68	71
68	87
68	71
68	68
68	71
68	71
68	68
68	68
68	68
68	68
68	68
68	87
68	68
68	76
68	82
68	82
68	75
69	80
69	69
69	82
69	69
69	80
69	69
69	82
69	87
69	89
69	79
69	70
69	72
69	87
69	85
69	85
69	85
69	89
69	88
69	87
69	69
69	88
69	69
69	69
69	89
69	89
69	77
69	106
69	109
69	106
69	89
69	105
69	69
69	69
69	100
69	69
69	78
69	69
69	98
69	98
70	88
70	70
70	101
70	106
70	70
70	85
70	70
70	85
70	85
70	98
70	91
70	70
70	87
70	88
70	106
70	97
70	89
70	70
70	91
70	105
70	98
70	111
70	97
70	73
70	70
70	70
70	70
70	97
70	81
70	70
70	71
70	88
70	81
70	93
70	72
70	70
70	111
70	98
70	71
70	126
71	71
71	125
71	71
71	72
71	125
71	98
71	88
71	71
71	71
71	71
71	71
71	71
71	125
71	126
71	125
71	125
71	126
71	126
71	126
71	95
71	79
71	97
71	79
71	96
71	71
71	96
71	84
71	71
71	77
71	77
71	73
71	72
71	98
71	90
71	82
71	90
71	71
72	72
72	72
72	82
72	81
72	79
72	74
72	72
72	72
72	72
72	86
72	72
72	72
72	105
72	72
72	72
72	72
72	87
72	79
72	87
72	76
72	72
72	89
72	72
72	73
72	84
72	75
72	72
72	73
72	73
72	72
72	72
72	87
72	72
72	89
72	72
72	72
72	74
72	91
72	74
72	74
72	80
72	74
72	74
72	72
72	89
72	72
72	79
72	79
72	79
72	89
72	74
72	79
72	79
72	72
72	73
72	73
72	73
72	72
72	74
72	73
72	72
72	72
73	73
73	92
73	92
73	92
73	73
73	92
73	92
73	73
73	73
73	73
73	73
73	73
73	100
73	105
73	73
73	73
73	73
73	100
73	73
73	73
73	73
73	76
73	73
73	100
73	100
73	73
73	73
73	73
73	73
73	74
73	79
73	84
73	73
73	84
73	73
73	74
73	74
73	73
73	74
73	75
73	75
73	76
73	75
73	84
73	75
73	74
73	73
73	73
73	73
73	75
73	76
73	74
73	74
73	73
73	74
73	75
73	74
73	73
73	74
73	75
73	73
73	76
73	74
73	74
73	73
73	75
74	74
74	75
74	75
74	74
74	74
74	74
74	74
74	74
74	75
74	74
74	75
74	74
74	74
74	74
74	74
74	75
74	74
74	74
74	74
74	74
74	126
74	75
74	74
74	75
74	74
74	74
74	74
74	74
74	74
74	74
74	74
74	75
74	74
74	74
74	74
74	86
74	74
74	74
74	85
74	75
74	75
74	75
74	74
74	74
74	74
74	74
74	74
74	74
74	75
74	74
74	74
74	74
74	86
74	85
74	75
74	74
74	74
74	74
74	74
74	74
74	75
74	75
74	120
74	75
74	74
74	74
74	74
74	74
74	75
74	100
74	75
74	75
74	74
74	84
74	84
74	74
75	85
75	85
75	84
75	85
75	85
75	79
75	75
75	75
75	75
75	80
75	75
75	75
75	75
75	75
75	75
75	75
75	75
75	75
75	75
75	75
75	75
75	85
75	84
75	85
75	85
75	75
75	75
75	75
75	75
75	85
75	75
75	75
75	75
75	75
75	75
75	75
75	84
75	75
75	75
75	75
75	76
76	76
76	76
76	76
76	76
76	76
76	76
76	76
76	84
76	76
76	100
76	76
76	86
76	81
76	86
76	76
76	102
76	104
76	81
76	103
76	76
76	104
76	104
76	76
76	86
76	84
76	82
76	80
76	83
76	99
76	99
76	80
76	80
76	76
76	76
76	76
76	76
76	104
76	76
76	76
76	84
76	76
76	99
76	76
76	76
76	99
76	103
76	101
76	104
76	76
76	76
76	103
76	77
76	104
76	122
76	77
76	103
76	76
76	77
76	76
76	76
76	103
76	76
76	76
76	76
77	77
77	77
77	77
77	122
77	77
77	100
77	77
77	107
77	107
77	107
77	125
77	125
77	125
77	77
77	77
77	92
77	103
77	92
77	107
77	85
77	77
77	85
77	86
77	106
77	106
77	106
77	77
77	99
77	95
77	77
77	77
77	106
77	99
77	99
77	105
77	77
77	77
77	106
77	102
77	83
77	83
77	77
77	102
77	106
77	102
77	77
77	106
77	88
77	77
77	105
77	78
77	78
77	102
77	102
77	86
77	99
77	98
77	102
77	78
77	88
78	84
78	104
78	78
78	87
78	104
78	78
78	88
78	82
78	105
78	78
78	105
78	104
78	81
78	78
78	80
78	80
78	88
78	93
78	105
79	80
79	81
79	81
79	79
79	80
79	82
79	104
79	79
79	79
79	81
79	82
79	81
79	81
79	81
79	83
79	80
79	79
79	91
79	79
79	79
79	84
79	84
79	89
79	80
79	91
79	120
79	91
79	79
79	80
80	88
80	80
80	80
80	80
80	80
80	88
80	80
80	80
80	80
80	89
80	102
80	80
80	88
80	80
80	81
80	89
80	89
80	88
81	82
81	91
81	81
81	81
81	81
81	103
81	98
81	102
81	81
81	102
81	84
81	102
81	81
81	87
81	104
81	86
81	82
81	98
81	125
81	105
81	105
81	98
81	88
81	81
81	81
81	91
81	82
81	81
81	90
81	98
81	87
81	87
81	89
81	88
81	88
81	82
82	82
82	88
82	82
82	84
82	82
82	82
82	82
82	90
82	84
82	90
82	90
82	82
82	105
82	103
82	83
82	83
82	104
82	82
82	83
82	83
82	102
82	83
83	99
83	83
83	83
83	101
83	104
83	83
83	83
83	99
83	83
83	83
83	104
83	103
83	88
83	83
83	104
83	103
83	83
83	83
83	83
83	84
84	84
84	104
84	84
84	84
84	84
84	84
84	106
84	100
84	84
84	103
84	85
84	85
84	85
84	88
84	84
84	84
85	85
85	85
85	86
85	85
85	89
85	87
85	85
85	85
85	85
85	85
85	85
85	87
85	88
85	85
85	85
85	85
85	87
85	91
85	85
85	91
85	85
85	91
85	105
85	91
85	85
86	91
86	86
86	91
86	91
86	105
86	91
86	86
86	86
86	100
86	86
86	87
86	86
86	86
86	86
86	86
86	86
86	86
86	86
86	86
86	86
86	102
86	86
86	86
86	104
86	104
86	92
86	104
86	104
86	88
86	103
86	88
86	86
86	87
86	88
86	89
86	99
86	87
86	102
87	103
87	103
87	91
87	92
87	99
87	99
87	91
87	91
87	87
87	91
87	91
87	87
87	88
87	88
87	88
87	87
87	87
87	88
87	105
87	88
87	89
87	88
87	87
87	91
87	91
87	91
88	88
88	88
88	88
88	88
88	88
88	88
88	88
88	88
88	88
88	88
88	88
88	88
88	88
88	88
88	88
88	88
88	88
88	88
88	93
88	106
88	88
88	89
88	91
88	91
88	91
88	88
88	89
88	102
89	89
89	89
89	89
89	89
89	89
89	89
89	89
89	89
89	89
89	105
89	106
89	89
89	91
89	106
89	104
89	106
89	106
89	90
89	106
89	90
89	90
89	92
89	91
89	92
90	106
90	90
90	90
90	90
90	90
90	92
90	125
90	106
90	92
90	92
90	92
90	90
90	92
90	90
90	90
90	90
90	91
90	90
90	90
90	98
90	109
90	113
90	110
90	98
90	91
90	125
90	90
90	90
90	92
90	90
90	90
90	90
90	90
90	90
90	91
90	90
90	91
90	90
90	90
90	91
90	91
90	90
90	91
90	90
90	109
91	109
91	91
91	91
91	92
91	99
91	91
91	104
91	92
91	95
91	91
91	91
91	91
91	91
91	91
91	91
91	91
91	91
91	104
91	103
91	91
91	102
91	91
91	92
91	102
92	92
92	92
92	92
92	92
92	92
92	92
92	101
92	101
92	92
92	92
92	92
92	92
92	92
92	92
92	92
92	92
92	92
92	92
92	92
92	107
92	92
92	92
92	92
92	92
92	92
92	92
92	107
92	107
92	92
92	92
92	92
92	107
92	92
92	107
92	107
92	92
92	92
92	99
92	92
92	106
92	99
92	106
92	99
92	92
92	103
92	100
92	103
92	92
92	92
92	103
92	92
92	92
92	92
92	99
92	92
92	92
92	92
92	99
92	92
92	92
92	102
92	92
92	92
92	100
92	107
92	92
92	92
92	92
92	100
92	107
92	102
92	92
92	93
92	92
92	92
92	92
92	92
92	107
92	92
92	99
92	93
92	92
92	92
92	93
92	93
92	110
93	93
93	93
93	93
93	93
93	93
93	110
93	110
93	93
93	100
93	93
93	108
93	93
93	100
93	123
93	101
93	100
93	101
93	110
93	93
93	96
93	93
93	96
93	93
93	110
93	93
93	96
93	111
93	101
93	98
93	125
93	93
94	96
95	97
95	111
95	95
95	97
95	95
95	100
95	100
95	96
96	97
96	97
96	111
96	96
96	96
96	107
96	96
96	128
96	96
96	103
96	109
96	101
96	101
96	97
96	97
96	96
96	98
96	96
96	96
96	96
96	105
96	109
96	104
96	99
96	96
96	96
96	96
96	96
96	96
96	96
96	96
96	96
96	96
96	96
96	96
96	96
96	96
96	105
96	96
96	104
96	109
96	104
96	99
96	100
96	105
96	96
96	97
96	97
96	98
96	98
96	97
96	97
96	109
96	96
96	96
96	109
96	97
96	98
96	96
96	97
96	114
96	101
97	101
97	97
97	97
97	97
97	97
97	99
97	99
97	97
97	97
97	101
97	139
97	99
97	99
97	101
97	97
97	126
97	97
97	99
97	100
97	138
97	138
97	97
97	98
97	97
97	98
97	98
97	97
97	100
97	97
97	116
97	127
97	97
97	101
97	127
97	127
97	101
97	109
97	97
97	97
97	127
97	127
97	97
97	97
97	97
97	97
97	98
97	98
97	97
97	97
97	97
97	97
97	98
97	98
97	98
97	122
98	111
98	98
98	135
98	123
98	123
98	98
98	122
98	111
98	125
98	111
98	100
98	100
98	98
98	98
98	100
98	100
98	100
98	100
98	139
98	99
98	110
98	111
98	110
98	113
98	110
98	100
98	100
98	103
98	101
98	100
98	98
98	98
98	100
98	101
98	101
98	101
98	98
98	106
98	98
98	99
98	98
98	99
99	99
99	103
99	99
99	109
99	109
99	99
99	109
99	102
99	109
99	99
99	102
99	99
99	99
99	102
99	99
99	102
99	102
99	99
99	102
99	99
99	99
99	99
99	102
99	100
99	99
99	102
99	104
99	102
99	99
99	103
99	102
99	99
99	99
99	100
99	99
99	99
99	99
99	99
99	99
99	99
99	99
99	99
99	99
99	99
99	102
99	102
99	99
99	103
99	104
99	99
99	99
99	104
99	99
99	100
99	99
99	100
99	100
99	99
99	99
99	100
99	103
99	99
99	103
99	100
99	103
99	99
99	130
99	100
99	102
99	100
99	103
99	100
99	103
99	100
100	109
100	100
100	100
100	100
100	100
100	100
100	100
100	100
100	109
100	100
100	100
100	122
100	122
100	100
100	100
100	100
100	100
100	100
100	100
100	100
100	100
100	100
100	100
100	100
100	100
100	102
100	104
100	100
100	100
100	104
100	128
100	100
100	128
100	111
100	100
100	100
100	100
100	127
100	100
100	101
100	100
101	101
101	101
101	128
101	101
101	101
101	101
101	101
101	127
101	101
101	139
101	101
101	101
101	127
101	101
101	101
101	127
101	101
101	101
101	109
101	101
101	109
101	109
101	109
101	103
101	103
101	103
101	103
101	101
101	101
101	101
101	104
101	104
101	126
101	102
101	103
101	101
101	101
101	102
101	101
101	117
101	127
101	127
101	101
101	101
101	127
101	127
101	101
101	126
101	102
101	111
101	128
101	112
101	127
101	127
101	112
101	101
101	101
101	101
101	122
101	107
101	101
101	101
101	113
101	111
101	111
101	111
101	101
101	101
101	111
101	102
101	102
101	102
101	103
101	101
101	102
101	101
101	103
102	102
102	102
102	102
102	102
102	104
102	102
102	102
102	102
102	102
102	102
102	102
102	125
102	102
102	102
102	102
102	102
102	103
102	103
102	102
102	102
102	103
102	104
102	102
102	102
102	103
102	103
102	104
102	104
103	103
103	103
103	103
103	104
103	103
103	103
103	106
103	103
103	105
103	125
103	125
103	103
103	103
103	104
103	104
103	104
103	104
103	104
103	103
103	108
103	103
103	103
103	103
103	103
103	103
103	103
103	103
103	104
103	103
103	103
103	103
103	103
103	103
103	104
103	103
103	103
103	106
103	105
103	108
103	103
103	104
104	104
104	104
104	104
104	104
104	104
104	104
104	104
104	104
104	104
104	104
104	104
104	104
104	104
104	107
104	107
104	105
104	104
104	105
104	106
104	105
104	110
104	104
104	105
104	126
104	126
104	106
104	104
104	105
104	105
104	105
105	105
105	105
105	105
105	105
105	105
105	106
105	105
105	105
105	105
105	105
105	105
105	139
105	105
105	109
105	106
105	105
105	105
105	106
105	105
105	105
105	132
105	105
105	120
105	106
105	131
105	119
105	105
105	131
105	131
105	105
105	105
105	105
105	120
105	132
105	105
105	105
105	105
105	105
105	105
105	106
105	105
105	106
105	105
105	108
105	106
105	105
105	105
105	106
105	105
105	105
105	105
105	105
105	131
105	105
105	131
105	105
105	131
105	106
105	105
105	118
105	127
105	107
105	106
105	106
105	106
105	105
105	106
105	105
105	106
106	106
106	106
106	132
106	132
106	106
106	106
106	119
106	106
106	106
106	109
106	106
106	106
106	110
106	106
106	106
106	106
106	110
106	106
106	106
106	106
106	106
106	106
106	106
106	110
106	106
106	110
106	110
106	110
106	106
106	106
106	106
106	128
106	107
106	106
106	107
106	125
106	106
106	106
106	106
106	106
106	106
106	107
106	106
106	106
106	106
106	106
106	107
106	106
106	107
107	107
107	107
107	110
107	111
107	107
107	107
107	111
107	107
107	107
107	107
107	107
107	107
107	107
107	107
107	107
107	107
107	107
107	107
107	112
107	107
107	107
107	107
107	125
107	107
107	107
107	112
107	122
107	107
107	107
107	107
107	107
107	108
107	117
107	125
107	107
107	107
107	108
107	108
107	108
107	107
107	125
107	110
107	107
107	127
107	108
107	108
107	110
107	108
107	107
108	108
108	108
108	108
108	108
108	118
108	108
108	108
108	110
108	108
108	108
108	119
108	108
108	108
108	108
108	109
108	108
108	109
108	110
108	108
108	110
108	132
108	110
108	133
108	108
108	108
108	132
108	131
108	131
108	130
108	108
108	133
108	110
108	108
108	131
108	108
108	108
108	131
108	110
108	120
108	120
108	110
108	140
108	128
108	129
108	128
108	108
108	108
108	108
108	128
108	128
108	108
108	108
108	108
108	128
108	128
108	128
108	109
108	128
108	128
108	109
108	128
108	108
108	108
108	128
109	109
109	109
109	109
109	128
109	109
109	109
109	109
109	127
109	127
109	109
109	109
109	109
109	109
109	109
109	109
109	128
109	109
109	109
109	109
109	110
109	122
109	122
110	110
110	110
110	110
110	110
110	110
110	110
110	110
110	110
110	110
110	110
110	110
110	110
110	125
110	125
110	110
110	123
110	123
110	123
110	110
110	110
110	110
110	114
110	110
110	110
110	113
110	113
110	111
110	110
110	110
110	110
110	122
110	135
110	113
110	112
110	111
110	113
110	113
110	111
110	112
110	111
110	112
110	110
110	110
110	113
110	113
110	122
110	110
110	110
110	122
110	110
110	110
110	110
110	110
110	113
110	110
110	123
110	110
110	111
110	122
110	113
110	110
110	111
110	135
110	135
110	135
110	110
110	113
110	135
110	110
110	110
110	135
110	110
110	111
110	110
110	111
110	111
110	111
110	110
110	111
110	110
110	110
110	111
110	112
110	111
111	112
111	112
111	112
111	111
111	125
111	111
111	111
111	111
111	111
111	111
111	111
111	111
111	111
111	111
111	125
111	113
111	113
111	111
111	113
111	111
111	111
111	111
111	111
111	111
111	125
111	112
111	111
111	111
111	111
111	111
111	112
111	111
111	111
111	125
111	112
111	113
111	111
111	113
111	112
111	111
111	113
111	111
111	111
111	111
111	126
111	111
111	111
111	112
111	112
111	111
111	112
111	111
111	111
111	112
111	112
111	112
111	112
111	111
111	111
111	112
111	113
111	112
111	112
111	112
111	112
111	114
111	112
111	127
111	112
111	112
111	112
111	112
111	146
111	135
111	111
111	111
111	111
111	111
111	113
111	111
111	111
111	111
111	112
111	112
111	112
111	112
111	111
111	113
111	114
111	112
111	112
111	114
111	112
111	112
111	112
111	129
111	112
111	112
111	129
111	111
111	126
111	113
111	112
111	111
111	112
111	129
111	112
111	111
111	112
111	112
111	114
111	112
111	111
111	129
111	111
111	129
111	111
111	112
111	112
111	114
112	113
112	127
112	127
112	129
112	112
112	113
112	112
112	126
112	129
112	129
112	112
112	113
112	129
112	112
112	112
112	112
112	112
112	112
112	126
112	112
112	135
112	112
112	112
112	129
112	130
112	113
112	112
112	112
112	112
112	112
112	112
112	121
112	112
112	112
112	139
112	139
112	112
112	123
112	112
112	112
112	112
112	112
112	114
112	114
112	112
112	112
112	112
112	112
112	112
112	112
112	112
112	129
112	112
112	112
112	114
112	112
112	112
112	112
112	129
112	112
112	112
112	112
112	129
112	140
112	129
112	112
112	112
112	112
112	112
112	112
112	112
112	113
112	112
112	112
112	112
112	139
112	126
112	112
112	112
112	112
112	139
112	129
112	112
112	112
112	113
112	135
112	129
112	112
112	112
112	112
112	113
112	113
112	134
112	113
112	112
112	125
112	112
112	112
112	112
112	113
112	112
112	112
112	112
112	113
112	113
112	113
112	119
112	114
113	114
113	114
113	129
113	113
113	113
113	141
113	113
113	113
113	113
113	113
113	129
113	124
113	129
113	129
113	113
113	113
113	113
113	113
113	113
113	122
113	116
113	129
113	122
113	113
113	114
113	114
113	113
113	113
113	113
113	123
113	113
113	113
113	129
113	113
113	129
113	129
113	113
113	135
113	114
113	114
113	135
113	113
113	114
113	114
113	114
113	113
113	123
113	123
113	114
113	123
113	114
113	113
113	113
113	122
113	113
113	122
113	123
113	113
113	113
113	113
113	113
113	113
113	121
113	113
113	114
113	114
113	122
113	113
113	123
113	124
113	124
113	114
113	124
113	114
113	122
113	121
114	114
114	114
114	122
114	134
114	121
114	121
114	122
114	114
114	114
114	114
114	121
114	114
114	114
114	114
114	114
114	114
114	114
114	114
114	114
114	121
114	114
114	124
114	114
114	114
114	114
114	114
114	114
114	114
114	124
114	134
114	121
114	115
114	114
114	114
114	114
114	115
114	121
114	114
114	114
114	121
114	114
114	114
114	114
114	134
114	115
114	114
114	134
114	114
114	134
114	149
114	121
114	149
114	124
114	121
114	121
114	114
114	124
114	121
114	124
114	114
114	124
114	114
114	114
114	115
114	115
114	114
114	114
114	124
114	121
114	121
114	117
114	120
114	117
114	114
114	115
114	120
114	140
114	114
114	115
114	140
115	129
115	115
115	115
115	115
115	115
115	115
115	115
115	115
115	117
115	115
115	115
115	115
115	115
115	115
115	115
115	115
115	115
115	115
115	115
115	115
115	115
115	115
115	115
115	131
115	117
115	115
115	115
115	115
115	120
115	117
115	120
115	115
115	120
115	115
115	115
115	140
115	124
115	115
115	115
115	117
115	124
115	129
115	115
115	130
115	119
115	130
115	115
115	121
115	115
115	115
115	130
115	130
115	130
115	149
115	129
115	115
115	115
115	115
115	150
115	115
115	115
115	149
115	149
115	142
115	125
115	124
115	124
115	131
115	142
115	125
115	149
115	142
115	149
115	138
115	124
115	142
115	116
115	129
115	115
115	115
115	124
115	129
115	115
115	129
115	115
115	124
115	124
115	115
115	140
115	140
115	150
115	124
115	125
115	115
115	115
115	124
115	116
115	115
115	140
116	128
116	140
116	140
116	116
116	148
116	116
116	116
116	116
116	116
116	116
116	116
116	116
116	128
116	116
116	116
116	125
116	116
116	128
116	130
116	128
116	128
116	133
116	128
116	116
116	117
116	116
116	130
116	130
116	116
116	133
116	132
116	131
116	133
116	135
116	116
116	120
116	128
116	116
116	133
116	128
116	130
116	133
116	116
116	133
116	131
116	128
116	128
116	131
116	131
116	131
116	133
116	133
116	118
116	130
116	116
116	133
116	128
116	133
116	141
116	141
116	116
116	130
116	116
116	120
116	140
116	140
116	116
116	116
116	117
116	117
116	133
116	116
116	117
116	120
116	117
116	117
116	117
116	116
116	130
116	116
116	117
116	128
116	146
116	116
116	120
116	116
116	116
116	146
116	128
116	116
116	116
116	116
116	146
116	117
116	117
116	146
116	116
116	130
116	117
116	117
116	127
116	116
116	120
116	116
116	117
116	116
116	116
116	120
116	117
116	117
116	128
116	140
116	117
116	116
116	117
116	120
116	120
116	130
116	125
116	119
116	128
116	146
116	128
116	120
116	116
116	116
116	126
116	116
116	128
116	128
117	130
117	117
117	134
117	117
117	120
117	119
117	120
117	120
117	146
117	147
117	147
117	147
117	147
117	146
117	134
117	117
117	147
117	117
117	147
117	117
117	147
117	147
117	140
117	124
117	117
117	124
117	147
117	117
117	134
117	147
117	140
117	120
117	120
117	117
117	117
117	119
117	140
117	117
117	117
117	140
117	134
117	117
117	117
117	128
117	124
117	117
117	120
117	128
117	117
117	117
117	137
117	127
117	124
117	117
117	117
117	119
117	119
117	119
117	120
117	124
117	133
117	121
117	117
117	121
117	117
117	119
117	120
117	119
117	120
117	121
117	121
117	117
117	121
117	133
117	117
117	120
117	119
117	133
117	133
117	133
117	134
117	119
117	118
117	120
117	124
117	120
117	117
117	134
117	133
117	119
117	117
117	121
117	117
117	117
117	117
117	120
117	121
117	117
117	121
117	124
117	117
117	119
117	150
117	119
117	117
117	117
117	125
118	118
118	118
118	118
118	118
118	118
118	118
118	118
118	118
118	131
118	118
118	120
118	118
118	118
118	118
118	118
118	120
118	118
118	119
118	120
118	118
118	118
118	133
118	118
118	118
118	119
118	118
118	118
118	118
118	119
118	128
118	118
118	119
118	118
118	118
118	137
118	119
118	118
118	133
118	119
118	118
118	118
118	118
118	118
118	119
118	118
118	118
118	119
118	118
118	118
118	118
118	118
118	118
118	118
118	119
118	118
118	131
118	126
118	118
118	118
118	118
118	131
118	119
118	119
118	131
118	118
118	131
118	119
118	131
118	118
118	118
118	119
118	128
118	119
118	119
118	118
118	138
118	118
118	132
118	118
118	138
118	118
118	118
118	118
118	133
118	118
118	119
118	132
118	119
118	118
118	141
118	119
118	118
118	141
118	133
118	119
118	127
118	133
118	119
118	138
118	133
118	118
118	119
118	119
118	119
118	126
118	127
118	132
118	126
119	133
119	126
119	137
119	137
119	132
119	119
119	119
119	132
119	132
119	119
119	120
119	128
119	128
119	133
119	143
119	119
119	119
119	119
119	126
119	119
119	133
119	128
119	126
119	119
119	119
119	119
119	119
119	119
119	119
119	128
119	119
119	119
119	126
119	131
119	119
119	126
119	119
119	127
119	119
119	133
119	132
119	128
119	119
119	119
119	133
119	119
119	133
119	119
119	119
119	133
119	128
119	133
119	119
119	119
119	119
119	119
119	128
119	131
119	119
119	131
119	133
119	128
119	119
119	125
119	119
119	119
119	130
119	124
119	119
119	131
119	119
119	119
119	119
119	126
119	131
119	119
119	131
119	119
119	131
119	131
119	137
119	125
119	132
119	130
119	119
119	119
119	119
119	119
119	128
119	131
119	128
119	120
119	131
120	126
120	120
120	120
120	120
120	120
120	130
120	120
120	120
120	120
120	120
120	130
120	130
120	130
120	131
120	120
120	131
120	120
120	128
120	128
120	120
120	128
120	120
120	120
120	130
120	128
120	128
120	137
120	120
120	128
120	130
120	130
120	146
120	120
120	130
120	120
120	120
120	128
120	120
120	130
120	128
120	120
120	130
120	147
120	125
120	146
120	146
120	145
120	128
120	146
120	146
120	145
120	120
120	120
120	134
120	120
120	146
120	129
120	120
120	120
120	120
120	120
120	120
120	120
120	120
120	120
120	120
120	129
120	120
120	120
120	120
120	120
120	120
120	120
120	120
120	120
120	120
120	120
120	140
120	121
120	121
120	120
120	121
120	121
120	121
120	121
121	121
121	121
121	124
121	124
121	121
121	124
121	124
121	124
121	124
121	121
121	139
121	124
121	124
121	121
121	121
121	126
121	124
121	121
121	121
121	121
121	121
121	124
121	124
121	121
121	121
121	121
121	121
121	121
121	124
121	121
121	134
121	121
121	121
121	124
121	121
121	121
121	124
121	121
121	121
121	121
121	121
121	121
121	134
121	134
121	130
121	129
121	121
121	121
121	121
121	124
121	121
121	121
121	121
121	121
121	130
121	130
121	121
121	121
121	121
121	134
121	121
121	132
121	121
121	121
121	122
121	144
121	122
121	121
121	137
121	121
121	121
121	121
121	122
121	137
121	121
121	121
121	132
121	134
121	126
121	134
121	121
121	138
121	121
121	132
121	134
121	140
121	126
121	122
121	122
121	142
121	142
122	134
122	138
122	139
122	137
122	137
122	122
122	134
122	134
122	134
122	122
122	135
122	122
122	122
122	122
122	122
122	137
122	122
122	122
122	122
122	122
122	122
122	122
122	122
122	137
122	122
122	122
122	122
122	122
122	122
122	123
122	122
122	122
122	122
122	123
122	122
122	122
122	122
122	123
122	122
122	123
122	123
122	122
122	122
122	122
122	122
122	122
122	122
122	122
122	146
122	122
122	123
122	122
122	136
122	122
122	122
122	122
122	122
122	122
122	123
122	136
122	123
122	123
122	123
122	123
122	122
122	142
123	123
123	123
123	123
123	123
123	135
123	123
123	123
123	123
123	123
123	123
123	123
123	123
123	123
123	123
123	123
123	123
123	123
123	123
123	123
123	123
123	123
123	123
123	123
123	123
123	123
123	123
123	127
123	123
123	123
123	123
123	123
123	123
123	123
123	127
123	123
123	123
123	123
123	123
123	123
123	123
123	123
123	123
123	123
123	123
123	123
124	124
124	124
124	124
124	149
124	124
124	124
124	124
124	124
124	124
124	124
124	124
124	124
124	124
124	124
124	124
124	124
124	124
124	124
124	124
124	124
124	124
124	124
124	124
124	149
124	149
124	127
124	124
124	124
124	124
124	124
124	127
124	124
124	140
124	124
124	131
124	149
124	125
124	124
124	124
124	124
124	127
124	130
124	127
124	124
124	124
124	131
124	131
124	124
124	124
124	124
124	131
124	131
124	126
124	126
124	134
124	131
124	140
124	124
124	149
124	131
124	124
124	124
124	149
124	149
124	124
124	125
124	125
124	149
124	125
124	125
124	124
125	125
125	125
125	125
125	125
125	125
125	149
125	125
125	149
125	125
125	125
125	125
125	125
125	125
125	125
125	125
125	125
125	125
125	125
125	125
125	125
125	125
125	125
125	125
125	125
125	125
125	125
125	147
125	125
125	130
125	125
125	130
125	130
125	130
125	125
125	131
125	126
125	125
125	125
125	130
125	126
125	128
125	125
125	125
125	125
125	128
125	125
125	131
125	132
125	126
125	125
125	126
125	125
125	126
125	125
125	126
125	127
125	126
125	140
125	125
125	125
125	125
125	141
125	125
125	127
125	126
125	126
125	137
125	133
125	126
125	125
125	127
126	130
126	127
126	140
126	126
126	126
126	126
126	128
126	138
126	126
126	126
126	137
126	127
126	127
126	127
126	132
126	137
126	126
126	127
126	127
126	126
126	133
126	132
126	130
126	127
126	127
126	127
126	126
126	141
126	126
126	127
126	127
126	140
126	126
126	127
126	126
126	133
126	142
126	126
126	132
126	133
126	127
126	133
126	127
126	126
126	127
126	126
126	128
126	138
126	131
126	138
126	126
126	130
126	126
126	127
126	137
126	126
126	126
126	127
126	127
126	126
126	128
126	139
126	126
126	132
126	126
126	127
126	127
126	128
126	127
126	130
126	139
126	128
126	131
126	131
126	126
126	138
126	131
126	138
126	131
126	141
126	138
126	131
126	126
126	140
126	142
126	126
126	127
126	132
126	141
127	133
127	127
127	127
127	130
127	130
127	143
127	143
127	139
127	127
127	127
127	130
127	139
127	127
127	127
127	139
127	139
127	139
127	127
127	127
127	127
127	139
127	130
127	130
127	149
127	130
127	130
127	128
127	130
127	127
127	127
127	131
127	141
127	128
127	127
127	139
127	139
127	139
127	128
127	140
127	127
127	140
127	139
127	139
127	139
127	128
127	127
127	141
127	141
127	127
127	127
127	127
127	128
127	127
127	127
127	128
127	127
127	139
127	140
127	128
127	127
127	128
127	139
127	127
127	128
127	127
127	139
127	127
127	139
127	149
127	149
127	127
127	138
127	127
127	138
127	139
127	149
127	149
127	138
127	149
127	139
127	139
127	127
127	127
127	137
127	127
127	127
127	137
127	128
127	128
127	128
127	128
127	127
127	150
127	128
127	149
127	148
127	127
127	138
127	138
127	149
127	150
127	128
127	127
127	128
127	141
127	140
127	128
127	127
127	127
127	133
127	128
127	127
127	128
127	128
128	128
128	128
128	128
128	130
128	139
128	128
128	139
128	128
128	128
128	133
128	128
128	131
128	128
128	133
128	128
128	139
128	133
128	128
128	133
128	128
128	133
128	133
128	139
128	128
128	139
128	140
128	130
128	128
128	140
128	140
128	128
128	128
128	140
128	138
128	130
128	130
128	128
128	128
128	128
128	150
128	129
128	128
128	130
128	128
128	128
128	128
128	128
128	128
128	128
128	132
128	128
128	128
128	128
128	137
128	130
128	133
128	128
128	129
128	128
129	129
129	129
129	140
129	129
129	129
129	150
129	129
129	129
129	129
129	129
129	129
129	129
129	129
129	129
129	140
129	140
129	129
129	129
129	129
129	129
129	140
129	150
129	129
129	140
129	129
129	140
129	129
129	129
129	141
129	129
129	149
129	129
129	142
129	130
129	129
129	149
129	150
129	129
129	129
129	129
129	129
129	129
129	140
129	140
129	129
129	129
129	129
129	149
129	149
129	129
129	129
129	129
129	140
129	140
129	129
129	129
129	129
129	129
129	149
129	140
129	129
129	145
129	129
129	144
129	149
129	149
129	149
129	129
129	149
129	129
129	129
129	129
129	129
129	130
129	129
129	130
130	130
130	130
130	130
130	130
130	130
130	130
130	130
130	130
130	145
130	130
130	149
130	130
130	130
130	130
130	130
130	130
130	130
130	140
130	145
130	148
130	145
130	133
130	146
130	148
130	132
130	148
130	132
130	132
130	130
130	130
130	132
130	132
130	132
130	132
130	130
130	130
130	149
130	131
130	150
130	130
130	132
130	131
130	133
130	130
130	131
130	130
130	130
130	133
130	132
130	130
130	130
130	133
130	130
130	146
130	146
130	130
130	130
130	131
130	130
130	130
130	131
130	131
130	130
130	130
130	130
130	131
130	145
130	131
130	131
130	131
130	131
130	133
131	145
131	131
131	131
131	131
131	131
131	131
131	131
131	131
131	134
131	132
131	131
131	131
131	132
131	131
131	133
131	133
131	143
131	140
131	131
131	140
131	143
131	143
131	149
131	131
131	131
131	131
131	133
131	131
131	133
131	134
131	131
131	131
131	131
131	131
131	131
131	131
131	131
131	131
131	132
131	139
131	138
131	142
131	141
131	131
131	131
131	131
131	132
131	131
131	133
131	131
131	133
131	149
131	131
131	131
131	132
131	134
131	150
131	132
131	132
131	141
131	133
131	132
131	133
131	132
131	141
131	131
131	131
131	131
131	132
131	134
131	131
131	141
131	132
132	132
132	142
132	132
132	139
132	132
132	132
132	133
132	132
132	132
132	134
132	132
132	132
132	133
132	132
132	138
132	141
132	132
132	133
132	132
132	132
132	132
132	133
132	133
132	132
132	132
132	142
132	132
132	133
132	132
132	150
132	132
132	133
132	132
132	132
132	150
132	142
132	139
132	132
132	132
132	132
132	132
132	132
132	132
132	132
132	133
132	139
132	132
132	133
132	139
132	138
132	132
132	132
132	133
132	141
132	141
132	133
132	133
132	132
133	133
133	133
133	133
133	142
133	133
133	133
133	133
133	133
133	133
133	133
133	133
133	133
133	133
133	133
133	133
133	133
133	133
133	145
133	145
133	133
133	133
133	133
133	133
133	133
133	133
133	133
133	133
133	133
133	133
133	133
133	133
133	133
133	133
133	149
133	145
134	142
134	141
134	134
134	147
134	147
134	147
134	134
134	134
134	134
134	134
134	134
134	134
134	134
134	140
134	134
134	149
134	134
134	134
134	134
134	139
134	141
134	134
134	147
134	147
134	134
134	134
134	134
134	134
134	134
134	134
134	134
134	134
134	134
134	134
134	134
134	134
134	134
134	134
134	134
134	134
134	134
134	134
134	134
134	134
134	134
134	134
134	134
134	134
134	134
134	134
134	134
134	134
134	134
134	134
134	135
134	134
134	134
134	134
134	134
134	134
134	134
134	134
134	134
134	134
134	134
134	134
134	134
134	134
134	134
134	134
134	134
134	134
134	134
134	134
134	134
134	135
134	134
134	134
134	134
134	134
134	134
134	134
134	134
134	134
134	134
134	134
134	134
134	135
135	136
135	136
135	135
135	135
135	135
135	135
135	136
135	135
135	135
135	135
135	135
135	136
135	135
135	135
135	135
135	136
135	136
135	136
135	136
135	135
135	136
135	137
135	135
135	136
135	135
135	137
135	135
135	135
135	135
135	135
135	135
135	135
135	135
135	135
135	135
135	135
135	135
135	135
135	135
135	135
135	135
135	135
135	135
135	135
135	135
135	135
135	135
135	135
135	135
135	135
135	135
135	135
135	136
135	135
135	136
135	137
135	137
136	136
136	136
136	136
136	136
136	137
136	136
136	137
136	137
136	136
136	136
136	136
136	136
136	136
136	136
136	136
136	149
136	136
136	136
136	136
136	136
136	136
136	136
136	136
136	136
136	136
136	136
136	136
136	136
136	136
136	136
136	136
136	136
136	136
136	137
136	136
136	136
136	136
136	136
136	137
136	136
136	136
136	136
136	137
136	137
136	137
136	136
136	136
136	136
136	136
136	136
136	136
136	136
136	136
136	136
136	136
136	136
136	136
136	137
137	140
137	137
137	137
137	137
137	137
137	137
137	137
137	137
137	137
137	137
137	137
137	137
137	137
137	137
137	137
137	137
137	137
137	137
137	137
137	137
137	137
137	137
137	137
137	137
137	137
137	137
137	137
137	137
137	137
137	137
137	137
137	137
137	137
137	137
137	137
137	137
137	137
137	137
137	137
137	137
137	137
137	137
137	137
137	144
137	137
137	137
137	143
137	137
137	137
137	137
137	143
137	137
137	143
137	137
137	143
138	143
138	146
138	138
138	141
138	151
138	150
138	138
138	150
138	150
138	143
138	138
138	138
138	143
138	143
138	138
138	138
138	138
138	138
138	150
138	150
138	140
138	138
138	143
138	142
138	138
138	138
138	138
138	138
138	141
138	151
138	142
138	138
138	149
138	138
138	138
138	142
138	138
138	150
138	142
138	138
138	141
138	140
138	138
138	139
138	139
138	139
138	138
138	139
138	139
138	138
138	138
138	139
138	140
138	138
138	139
138	142
138	142
138	140
138	142
138	141
138	138
138	138
138	139
138	139
138	138
138	142
138	139
138	139
138	138
138	138
138	138
138	139
138	139
138	139
138	138
138	138
138	138
138	138
139	139
139	139
139	139
139	139
139	139
139	139
139	139
139	141
139	139
139	142
139	139
139	139
139	139
139	139
139	141
139	139
139	139
139	141
139	139
139	139
139	139
139	139
139	140
139	139
139	139
139	139
139	139
139	139
139	139
139	139
139	139
139	139
139	139
139	139
139	139
139	139
139	142
139	139
139	139
139	142
139	139
139	139
139	139
139	141
139	139
139	139
139	140
139	140
139	139
139	140
139	139
139	139
139	139
139	139
139	139
139	139
139	139
139	139
139	139
139	139
139	139
139	139
139	140
139	139
139	140
139	139
139	139
139	139
139	149
139	149
139	147
139	139
139	139
139	139
139	140
139	139
139	149
139	149
139	149
139	150
140	150
140	140
140	140
140	140
140	141
140	140
140	141
140	141
140	141
140	141
140	141
140	140
140	141
140	140
140	140
140	140
140	141
140	140
140	140
140	140
140	141
140	141
140	141
140	140
140	140
140	140
140	140
140	140
140	140
140	140
140	140
140	140
140	140
140	140
140	140
140	140
140	140
140	140
140	140
140	140
140	140
140	140
140	140
140	140
140	143
140	141
140	149
140	140
140	140
140	140
140	140
140	140
140	140
140	142
140	140
140	141
140	140
140	140
140	140
140	140
140	140
140	140
140	141
140	142
140	141
140	141
140	140
140	140
140	142
140	140
140	141
140	141
141	141
141	141
141	141
141	141
141	141
141	141
141	142
141	148
141	141
141	141
141	141
141	141
141	141
141	142
141	151
141	141
141	151
141	142
141	148
141	141
141	148
141	148
141	148
141	141
141	148
141	141
141	142
141	142
141	141
141	142
141	148
141	148
141	148
141	148
141	142
141	141
141	141
141	141
141	148
141	142
141	141
141	151
141	142
141	141
141	142
141	142
141	141
141	142
141	141
141	141
141	141
141	142
141	142
141	143
141	142
141	141
141	143
141	141
141	141
141	142
141	142
141	142
141	142
141	141
141	142
141	142
141	141
141	151
141	141
141	142
142	142
142	142
142	142
142	150
142	142
142	142
142	142
142	142
142	150
142	142
142	142
142	151
142	150
142	150
142	142
142	142
142	142
142	142
142	142
142	142
142	142
142	142
142	148
142	142
142	142
142	149
142	142
142	142
142	142
142	145
142	142
142	142
142	150
142	142
142	142
142	149
142	142
142	142
142	142
142	151
142	142
142	142
142	142
142	149
142	142
142	150
142	149
142	142
142	142
142	142
142	142
142	149
142	142
142	142
142	142
142	142
142	142
142	142
142	142
142	149
142	142
142	142
142	142
142	143
142	142
142	142
142	142
142	142
142	143
142	142
142	142
142	143
142	142
142	142
142	143
142	142
143	143
143	143
143	143
143	143
143	143
143	147
143	151
143	147
143	143
143	147
143	147
143	151
143	143
143	143
143	151
143	143
143	143
143	143
143	143
143	143
143	147
143	147
143	151
143	143
143	143
143	143
143	143
143	147
143	148
143	147
143	144
143	143
143	150
143	143
143	143
143	143
143	151
143	143
143	150
143	150
143	150
143	143
143	143
143	143
143	143
143	143
143	151
143	143
143	144
143	144
143	151
143	143
143	143
143	144
143	143
143	151
143	144
143	143
143	151
143	151
143	143
143	144
143	151
143	143
143	143
143	143
143	143
143	143
143	143
143	144
143	143
144	144
144	144
144	144
144	144
144	144
144	149
144	144
144	144
144	144
144	144
144	144
144	144
144	144
144	144
144	144
144	144
144	144
144	144
144	148
144	144
144	144
144	148
144	144
144	144
144	148
144	148
144	144
144	148
144	144
144	144
144	144
144	144
144	144
144	144
144	148
144	148
144	144
144	144
144	144
144	144
144	145
144	147
144	145
144	145
144	144
144	144
144	148
144	147
144	144
144	144
144	148
144	144
144	144
144	144
144	144
144	144
144	144
144	144
144	144
144	144
144	148
144	150
144	150
144	144
144	149
144	149
144	144
144	149
144	144
144	150
144	150
144	150
144	150
144	147
144	144
144	144
144	144
144	144
144	144
144	150
144	144
144	148
144	144
144	145
144	144
145	145
145	145
145	148
145	148
145	145
145	147
145	149
145	148
145	148
145	145
145	145
145	147
145	148
145	145
145	147
145	148
145	148
145	145
145	145
145	145
145	145
145	145
145	147
145	147
145	145
145	145
145	145
145	145
145	145
145	146
145	148
145	145
145	145
145	145
145	146
145	145
145	147
145	145
145	145
145	146
145	146
145	146
145	148
145	145
145	145
145	145
145	145
145	146
145	145
145	145
145	146
145	146
146	148
146	146
146	146
146	146
146	146
146	148
146	146
146	146
146	146
146	147
146	146
146	147
146	146
146	147
146	146
146	146
146	147
146	147
146	146
146	147
146	147
146	147
146	146
146	147
146	147
146	146
146	146
146	146
146	146
146	147
146	148
146	147
146	148
146	148
146	146
146	146
146	146
146	146
146	146
146	146
146	146
146	146
146	147
146	146
146	146
146	146
146	146
146	146
146	146
146	146
146	147
146	147
146	148
146	146
147	147
147	147
147	147
147	147
147	147
147	147
147	147
147	147
147	147
147	147
147	147
147	147
147	147
147	148
147	147
147	147
147	147
147	147
147	147
147	147
147	147
147	147
147	151
147	147
147	147
147	147
147	147
147	147
147	147
147	147
147	148
147	147
147	148
147	148
147	148
147	147
147	148
147	147
147	148
147	147
147	147
147	147
147	148
147	148
148	148
148	148
148	148
148	148
148	148
148	148
148	148
148	148
148	148
148	148
148	148
148	148
148	148
148	148
148	148
148	148
148	148
148	148
148	148
148	148
148	148
148	148
148	148
148	148
148	148
148	148
148	148
148	148
148	148
148	148
148	148
148	148
148	148
148	148
148	148
148	148
148	148
148	148
148	148
148	148
148	148
148	148
148	148
148	149
148	149
148	149
148	149
148	149
148	149
149	149
149	149
149	149
149	149
149	149
149	149
149	149
149	149
149	149
149	149
149	149
149	149
149	149
149	149
149	149
149	149
149	149
149	149
149	149
149	149
149	149
149	149
149	149
149	149
149	150
149	149
149	150
149	150
149	150
149	150
149	149
149	150
150	150
150	150
150	150
150	150
150	150
150	150
150	150
150	150
150	150
150	150
150	150
150	150
150	150
150	150
150	150
150	150
150	150
150	150
150	150
150	150
150	150
150	151
150	151
150	150
150	151
150	151
150	150
150	150
150	150
150	150
150	150
150	150
150	151
150	150
150	150
150	150
150	150
150	150
150	151
150	150
150	151
150	150
150	151
151	151
151	151
151	151
151	151
151	151
151	151
151	151
151	151
151	151
151	151
151	151
151	151
151	151
151	151
151	151
151	151
151	151
151	151
151	151
