3	3
3	3
3	3
3	3
3	3
3	14
3	3
3	3
3	3
3	24
3	3
3	20
3	22
3	6
3	6
3	20
3	4
3	15
3	3
3	20
3	18
3	21
3	3
3	4
3	18
3	20
3	21
3	18
3	19
3	3
3	21
3	4
3	21
4	4
4	15
4	4
4	4
4	11
4	4
4	29
4	18
4	4
4	23
4	23
4	4
4	4
4	4
4	4
4	14
4	4
4	11
4	4
4	4
4	4
4	5
4	5
4	4
4	18
4	18
4	22
4	4
4	4
4	4
4	4
4	12
4	4
4	23
4	5
4	5
4	13
4	4
4	4
4	5
4	5
4	4
4	18
4	6
4	5
4	22
4	5
4	5
5	35
5	5
5	5
5	5
5	5
5	18
5	16
5	10
5	12
5	6
5	5
5	5
5	6
5	6
5	5
5	5
5	5
5	5
5	6
5	5
5	5
5	23
5	12
5	5
5	5
5	5
5	5
5	5
5	11
5	5
5	5
5	6
5	5
5	6
5	12
6	6
6	6
6	8
6	8
6	32
6	6
6	30
6	21
6	6
6	6
6	6
6	21
6	35
6	36
6	29
6	36
6	36
6	34
6	23
6	24
6	8
6	23
6	6
6	6
6	6
6	6
6	12
6	6
6	6
6	6
6	24
6	6
6	8
6	23
6	6
6	6
6	8
6	6
6	8
6	37
6	24
6	6
6	6
6	6
6	6
6	6
6	6
6	6
6	6
6	12
6	12
6	12
6	38
6	6
6	7
6	14
6	7
6	7
6	17
6	7
6	7
6	8
7	7
7	8
7	8
7	7
7	7
7	7
7	8
7	7
7	7
7	7
7	16
7	7
7	9
7	7
7	15
7	33
7	7
7	7
7	17
7	34
7	7
7	7
7	7
7	17
7	7
7	19
7	34
7	7
7	23
7	7
7	7
7	33
7	7
7	17
7	16
7	8
7	7
7	7
7	8
7	7
7	7
7	8
7	7
7	21
7	7
7	7
7	9
7	9
7	8
7	16
7	16
7	8
7	7
7	8
8	22
8	14
8	14
8	22
8	8
8	9
8	8
8	8
8	12
8	12
8	8
8	8
8	9
8	26
8	8
8	8
8	23
8	9
8	8
8	23
8	8
8	14
8	8
8	23
8	8
8	8
8	12
8	8
8	8
8	12
8	8
8	8
8	23
8	8
8	12
8	8
8	8
8	8
8	9
8	23
8	14
8	9
8	11
8	23
8	12
8	12
8	9
8	23
8	9
8	12
8	9
8	12
8	12
8	23
8	8
8	10
8	12
8	9
8	9
9	9
9	9
9	9
9	9
9	21
9	25
9	23
9	25
9	25
9	9
9	9
9	23
9	24
9	21
9	10
9	10
9	27
9	24
9	9
9	9
9	25
9	13
9	23
9	34
9	11
9	9
9	13
9	9
9	9
9	15
9	10
9	32
9	22
9	32
9	33
9	22
9	15
9	32
9	10
9	12
10	10
10	13
10	10
10	10
10	13
10	13
10	10
10	12
10	13
10	10
10	32
10	10
10	24
10	14
10	10
10	38
10	38
10	13
10	14
10	10
10	10
10	23
11	22
11	13
11	13
11	25
11	21
11	37
11	23
11	23
11	32
11	11
11	11
11	32
11	11
11	11
11	11
11	11
11	32
11	32
11	32
11	32
11	11
11	22
11	31
11	32
11	11
11	32
11	32
11	12
11	22
11	13
11	12
11	22
11	13
11	36
11	36
12	14
12	12
12	35
12	12
12	12
12	14
12	12
12	14
12	15
12	15
12	12
12	12
12	13
12	14
12	12
12	12
12	15
12	12
12	12
12	14
12	12
12	22
12	12
12	35
12	13
12	17
12	13
12	13
12	24
12	12
12	12
12	12
12	24
12	13
12	12
12	13
13	13
13	13
13	22
13	13
13	13
13	13
13	24
13	24
13	36
13	13
13	13
13	24
13	36
13	13
13	13
13	22
13	13
13	24
13	22
13	13
13	36
13	23
13	35
13	24
13	16
13	23
13	23
13	23
13	45
13	44
14	22
14	25
14	16
14	43
14	25
14	43
14	25
14	43
14	25
14	43
14	22
14	27
14	22
14	14
14	22
14	22
14	22
14	15
14	22
14	15
14	19
14	14
14	14
14	20
14	20
14	14
14	20
14	15
14	15
14	24
14	15
14	29
14	15
15	15
15	15
15	22
15	22
15	21
15	17
15	15
15	15
15	28
15	27
15	22
15	20
15	15
15	15
15	15
15	19
15	15
15	15
15	16
15	15
15	22
15	15
15	33
15	25
15	15
15	22
15	19
15	22
15	22
15	22
15	21
15	15
15	22
15	15
15	16
15	17
15	15
15	15
15	16
15	17
15	16
16	31
16	31
16	16
16	32
16	31
16	16
16	16
16	27
16	32
16	16
16	29
16	28
16	22
16	28
16	32
16	22
16	16
16	29
16	29
16	16
16	16
16	16
16	16
16	16
16	16
16	41
16	27
16	42
16	21
16	19
16	16
16	27
16	16
16	27
16	16
16	27
16	16
16	16
16	16
16	16
16	20
16	16
16	16
16	16
16	42
16	16
16	42
16	16
16	32
16	16
16	16
16	17
17	17
17	17
17	17
17	33
17	34
17	17
17	31
17	17
17	17
17	27
17	17
17	33
17	33
17	23
17	17
17	17
17	24
17	24
17	24
17	42
17	17
17	17
17	17
17	31
17	31
17	17
17	17
17	42
17	17
17	27
17	27
17	17
17	31
17	17
17	17
17	18
17	33
17	41
17	17
17	18
17	31
17	18
17	17
17	40
17	32
17	18
17	17
17	17
17	33
17	18
17	26
17	17
17	32
18	26
18	23
18	24
18	18
18	24
18	25
18	24
18	18
18	18
18	23
18	22
18	45
18	19
18	25
18	23
18	40
18	40
18	41
18	18
18	41
18	18
18	41
18	18
18	40
18	21
18	41
18	40
18	23
18	35
18	24
18	27
18	28
18	27
18	18
18	21
18	21
18	21
18	18
18	18
18	21
18	36
18	21
18	19
18	19
18	19
18	25
18	19
19	19
19	19
19	32
19	19
19	25
19	19
19	25
19	26
19	19
19	19
19	19
19	20
19	26
19	19
19	26
19	19
19	19
19	19
19	21
19	19
19	42
19	26
19	25
19	19
19	26
19	26
19	20
19	40
19	37
20	26
20	26
20	26
20	23
20	25
20	27
20	23
20	25
20	20
20	26
20	20
20	20
20	20
20	20
20	20
20	20
20	20
20	27
20	20
20	25
20	21
21	21
21	25
21	21
21	35
21	35
21	36
21	36
21	21
21	35
21	35
21	21
21	21
21	27
21	21
21	24
21	21
21	25
21	21
21	23
21	21
21	21
21	22
21	21
21	22
21	21
21	22
21	32
21	22
21	21
21	33
21	33
22	32
22	22
22	32
22	28
22	33
22	33
22	22
22	22
22	22
22	27
22	22
22	22
22	22
22	33
22	22
22	22
22	22
22	24
22	24
22	22
22	24
22	22
22	24
22	24
22	22
22	22
22	22
22	22
22	22
22	22
22	22
22	22
22	24
22	25
22	22
22	25
23	23
23	23
23	23
23	23
23	23
23	23
23	25
23	23
23	23
23	23
23	25
23	23
23	26
23	27
23	23
23	23
23	27
23	26
23	26
23	23
23	26
23	26
23	24
23	27
24	25
24	24
24	24
24	24
24	32
24	40
24	35
24	35
24	25
24	25
24	42
24	24
24	24
24	24
24	25
24	25
24	24
24	25
24	25
24	27
24	24
24	24
24	24
24	25
24	24
24	25
24	24
25	25
25	25
25	25
25	25
25	27
25	27
25	25
25	25
25	25
25	26
25	26
25	26
26	26
26	26
26	26
26	41
26	26
26	26
26	26
26	26
26	26
26	26
26	26
26	26
26	26
26	26
26	32
26	26
26	28
27	27
27	27
27	27
27	27
27	27
27	27
27	27
27	27
27	27
27	27
27	27
27	27
27	27
27	27
27	27
27	52
27	28
27	27
28	32
28	52
28	32
28	32
28	32
28	28
28	52
28	28
28	42
28	40
28	28
28	51
28	40
28	64
28	45
28	66
28	51
28	28
28	51
28	28
28	51
28	67
28	51
28	28
28	44
28	28
28	29
28	28
28	29
28	32
28	28
28	50
28	44
28	28
28	51
28	40
28	67
28	32
28	28
28	39
28	39
28	50
28	33
28	37
28	28
28	37
28	32
28	31
28	32
28	29
28	32
28	31
28	31
28	31
28	32
29	32
29	37
29	32
29	31
29	31
29	32
29	32
29	29
29	29
29	32
29	32
29	29
29	32
29	32
29	31
29	37
29	32
29	37
29	31
29	51
29	51
29	31
29	31
29	32
29	31
29	29
29	29
29	31
29	35
29	29
29	29
29	29
29	32
29	31
29	29
29	29
29	31
29	29
29	29
29	29
29	31
29	29
29	53
29	31
29	29
29	34
29	29
29	34
29	31
29	29
29	39
29	29
29	29
29	29
29	35
29	32
29	29
29	29
29	29
29	29
29	35
29	32
29	29
29	29
29	32
29	35
29	32
29	30
29	30
29	30
29	50
29	29
29	29
29	56
29	29
29	29
29	29
29	30
29	29
29	29
29	29
29	29
29	29
29	29
29	29
29	48
29	29
29	33
29	29
29	34
29	31
29	29
29	48
29	38
29	30
29	29
29	34
30	34
30	31
30	34
30	30
30	39
30	30
30	30
30	30
30	30
30	30
30	30
30	30
30	30
30	30
30	39
30	30
30	31
30	30
30	30
30	30
30	30
30	30
30	30
30	30
30	30
30	34
30	30
30	30
30	30
30	30
30	30
30	31
30	30
30	31
30	31
30	30
30	30
30	30
30	30
30	34
30	30
30	30
30	66
30	31
30	30
30	33
30	30
30	30
30	30
30	30
30	59
30	30
30	30
31	31
31	31
31	50
31	31
31	31
31	31
31	31
31	31
31	31
31	31
31	48
31	34
31	31
31	31
31	33
31	31
31	31
31	31
31	31
31	31
31	31
31	37
31	31
31	31
31	31
31	31
31	31
31	31
31	31
31	31
31	31
31	31
31	31
31	38
31	32
31	38
31	31
31	31
31	32
31	31
31	31
31	37
31	50
31	34
31	34
31	31
31	37
31	37
31	32
31	31
31	31
31	32
31	32
31	31
31	32
31	31
31	32
31	32
31	37
31	37
31	37
31	32
31	32
31	32
31	32
31	32
31	32
31	32
31	31
31	37
31	50
31	40
31	51
31	31
31	32
32	37
32	37
32	32
32	32
32	39
32	32
32	50
32	37
32	32
32	37
32	37
32	32
32	32
32	32
32	32
32	32
32	32
32	32
32	32
32	37
32	32
32	37
32	32
32	32
32	32
32	32
32	32
32	37
32	32
32	37
32	51
32	51
32	32
32	32
32	32
32	32
32	37
32	32
32	32
32	38
32	32
32	32
32	32
32	32
32	32
32	33
32	33
32	33
33	33
33	33
33	39
33	37
33	33
33	33
33	39
33	33
33	33
33	33
33	33
33	67
33	33
33	33
33	33
33	40
33	33
33	33
33	40
33	33
33	67
33	39
33	37
33	39
33	67
33	39
33	37
33	39
33	39
33	33
33	60
33	33
33	33
33	38
33	33
33	33
33	48
33	39
33	47
33	34
33	33
33	48
33	47
33	34
33	47
33	39
33	48
33	39
33	33
33	33
33	33
33	33
33	33
33	34
33	39
33	35
33	34
33	34
33	50
33	34
33	34
33	39
33	33
33	48
33	34
33	33
33	34
33	48
33	48
33	34
33	34
33	34
33	34
33	34
33	34
33	39
33	34
33	48
33	48
33	33
33	33
33	48
33	34
34	34
34	34
34	47
34	48
34	48
34	48
34	39
34	50
34	50
34	50
34	50
34	48
34	34
34	39
34	47
34	48
34	34
34	38
34	34
34	34
34	34
34	34
34	38
34	34
34	34
34	34
34	34
34	34
34	34
34	34
34	34
34	34
34	34
34	34
34	34
34	34
34	34
34	34
34	34
34	34
34	34
34	34
34	34
34	51
34	51
34	39
34	51
34	51
34	34
34	36
34	47
34	34
34	34
34	34
34	34
34	34
34	34
34	34
34	34
34	36
35	36
35	36
35	35
35	35
35	36
35	87
35	36
35	35
35	35
35	36
35	35
35	35
35	35
35	35
35	35
35	35
35	36
35	35
35	42
35	35
35	35
35	43
35	35
35	35
35	35
35	35
35	35
35	35
35	35
35	35
35	36
35	35
35	59
35	58
35	46
35	36
35	46
35	35
35	43
35	35
35	36
35	36
35	35
35	36
35	36
35	35
35	36
35	36
35	36
35	47
35	36
35	36
35	36
36	36
36	36
36	36
36	36
36	36
36	36
36	36
36	43
36	36
36	47
36	47
36	36
36	47
36	51
36	51
36	36
36	42
36	43
36	47
36	36
36	47
36	63
36	59
36	39
36	36
36	39
36	60
36	53
36	39
36	44
36	36
36	41
36	36
36	51
36	44
36	55
37	51
37	37
37	37
37	54
37	37
37	37
37	37
37	37
37	37
37	37
37	37
37	37
37	38
37	37
37	38
37	38
37	37
37	37
37	88
37	56
37	56
37	38
37	37
37	54
37	39
37	54
37	37
37	37
37	37
37	37
37	55
37	37
37	37
37	56
37	56
37	37
37	37
37	50
37	88
37	50
37	88
37	88
37	88
37	88
37	88
37	62
37	37
37	38
37	37
37	88
37	88
37	88
37	88
37	37
37	38
37	38
37	37
37	37
37	39
37	85
37	37
37	37
37	37
37	90
37	37
37	38
37	88
37	37
37	37
37	37
37	38
37	37
37	37
37	37
37	38
38	38
38	38
38	38
38	38
38	38
38	38
38	38
38	38
38	38
38	38
38	68
38	38
38	38
38	38
38	90
38	38
38	38
38	49
38	38
38	38
38	38
38	38
38	38
38	38
38	38
38	38
38	38
38	38
38	38
38	90
38	38
38	38
38	38
38	38
38	67
38	88
38	38
38	38
38	38
38	38
38	39
38	39
38	38
38	38
38	39
38	39
38	39
38	54
38	54
38	54
38	69
38	39
38	56
38	60
38	50
38	54
38	50
38	41
38	50
38	41
38	69
38	38
38	55
38	49
38	38
38	38
38	55
38	54
38	41
38	50
38	50
38	65
38	48
38	39
38	66
38	44
38	54
39	39
39	48
39	65
39	39
39	39
39	39
39	65
39	58
39	48
39	39
39	47
39	39
39	59
39	65
39	59
39	39
39	39
39	59
39	47
39	39
39	39
39	85
39	59
39	48
39	71
39	39
39	39
39	60
39	39
39	53
39	39
39	39
39	59
39	39
39	39
39	39
39	39
39	39
39	39
39	39
39	39
39	39
39	39
39	47
39	39
39	39
39	47
39	60
39	67
39	67
39	46
39	68
39	39
39	39
39	39
39	50
39	39
39	40
39	39
39	59
39	39
39	39
39	67
39	39
39	46
39	67
39	47
39	40
39	47
39	59
40	40
40	40
40	58
40	48
40	43
40	65
40	67
40	40
40	59
40	51
40	41
40	48
40	67
40	65
40	41
40	69
40	44
40	51
40	69
40	43
40	44
40	44
40	48
40	49
40	40
40	42
40	43
40	40
40	48
40	40
40	41
40	49
40	49
40	42
40	51
40	66
40	49
40	66
40	63
40	49
40	67
40	50
40	49
40	40
40	40
40	65
40	49
40	64
40	52
40	40
40	64
40	41
40	40
40	40
40	77
40	70
40	79
40	41
40	41
40	78
40	40
40	66
40	40
40	79
40	61
40	79
40	76
40	70
41	70
41	76
41	41
41	49
41	50
41	55
41	41
41	42
41	70
41	52
41	68
41	41
41	41
41	43
41	43
41	41
41	41
41	56
41	65
41	43
41	41
41	55
41	41
41	55
41	58
41	43
41	41
41	43
41	41
41	65
41	41
41	54
41	55
41	56
41	69
41	41
41	55
41	44
41	65
41	60
41	41
41	69
41	68
41	53
41	67
41	70
42	42
42	69
42	42
42	48
42	42
42	48
42	43
42	69
42	42
42	48
42	42
42	67
42	68
42	70
42	49
42	42
42	49
42	70
42	42
42	49
42	42
42	70
42	43
42	42
42	69
42	42
42	49
42	49
42	42
42	70
42	70
42	48
42	69
42	69
42	43
42	53
42	48
42	48
42	57
42	43
42	43
42	69
42	66
42	54
42	48
42	48
42	55
42	57
42	65
42	56
42	54
42	42
42	42
42	56
42	65
42	57
43	66
43	57
43	66
43	75
43	69
43	43
43	43
43	43
43	43
43	45
43	43
43	55
43	43
43	43
43	55
43	43
43	43
43	58
43	54
43	55
43	44
43	67
43	67
43	44
43	55
43	55
43	55
43	55
43	54
43	43
43	44
43	58
43	60
43	43
43	43
43	44
43	69
43	44
43	43
43	44
43	44
43	57
43	58
43	43
43	43
43	46
43	59
43	44
44	67
44	67
44	44
44	44
44	44
44	58
44	51
44	67
44	51
44	44
44	61
44	67
44	61
44	51
44	56
44	61
44	60
44	49
44	64
44	48
44	52
44	66
44	65
44	45
44	64
44	66
44	65
44	46
44	66
44	57
44	65
44	66
44	66
44	59
45	65
45	45
45	45
45	57
45	53
45	57
45	45
45	45
45	62
45	45
45	81
45	45
45	55
45	58
45	78
45	46
45	78
45	63
45	82
45	82
45	78
45	64
45	66
45	45
45	88
45	63
45	63
46	60
46	46
46	46
46	78
46	82
46	73
46	82
46	64
46	46
46	46
46	56
46	60
46	56
46	56
46	46
46	46
46	56
46	46
46	60
46	61
46	61
46	61
46	77
46	59
46	61
46	59
46	47
46	46
46	46
46	59
46	46
46	47
46	46
46	46
46	47
47	61
47	58
47	47
47	47
47	47
47	47
47	61
47	58
47	47
47	47
47	47
47	47
47	47
47	47
47	47
47	47
47	59
47	47
47	47
47	47
47	47
47	47
47	47
47	47
47	64
47	47
47	47
47	60
47	47
47	47
47	47
47	47
47	47
47	47
47	47
47	55
47	63
47	56
47	54
47	54
47	54
47	53
47	54
47	71
47	47
47	70
47	71
47	47
47	47
47	47
47	48
47	48
47	47
47	47
47	47
47	49
47	48
47	51
47	48
47	47
47	47
47	52
47	50
48	59
48	48
48	48
48	59
48	48
48	48
48	60
48	57
48	48
48	60
48	48
48	50
48	48
48	91
48	57
48	48
48	66
48	58
48	48
48	48
48	50
48	68
48	58
48	59
48	48
48	65
48	48
48	48
48	60
48	48
48	48
48	48
48	48
48	65
48	68
48	53
48	48
48	48
48	68
48	65
48	67
48	68
48	83
48	48
48	91
48	69
48	53
48	51
48	48
48	68
48	48
48	48
48	98
48	48
48	67
48	67
48	49
48	69
48	49
49	50
49	70
49	63
49	50
49	52
49	50
49	49
49	49
49	68
49	70
49	49
49	49
49	70
49	53
49	49
49	53
49	77
49	49
49	70
49	50
49	49
49	49
49	72
49	49
49	50
49	71
49	53
49	49
49	49
49	49
49	50
49	88
49	49
49	52
49	50
49	49
49	50
49	71
49	50
49	49
49	49
49	49
49	70
49	54
49	70
49	80
49	49
49	70
49	50
49	53
49	52
49	55
49	49
49	71
49	49
49	52
49	53
49	49
49	49
49	67
49	49
49	49
49	71
49	49
49	49
49	53
49	49
49	53
49	49
49	53
49	53
49	52
49	71
49	49
49	49
49	53
49	64
49	53
49	49
49	55
49	49
49	53
49	53
49	50
49	71
49	53
50	53
50	53
50	50
50	50
50	50
50	50
50	50
50	71
50	53
50	50
50	69
50	61
50	50
50	53
50	53
50	50
50	50
50	50
50	69
50	50
50	69
50	65
50	50
50	50
50	50
50	54
50	54
50	66
50	50
50	54
50	69
50	53
50	50
50	69
50	68
50	67
50	69
50	71
50	68
50	53
50	51
50	68
50	76
50	50
50	50
50	50
50	50
50	51
50	50
50	50
50	79
50	50
50	52
50	50
50	50
50	50
50	70
50	50
50	50
50	50
50	71
50	51
50	51
50	56
51	51
51	54
51	51
51	99
51	51
51	71
51	67
51	51
51	53
51	51
51	51
51	51
51	75
51	51
51	75
51	76
51	75
51	51
51	51
51	75
51	56
51	51
51	51
51	51
51	51
51	71
51	51
51	67
51	51
51	51
51	81
51	52
51	53
51	51
51	51
51	51
51	51
51	91
51	66
51	81
51	81
51	51
51	52
51	51
51	81
51	53
51	53
51	81
51	51
51	51
51	91
51	51
51	81
51	51
51	51
51	80
51	81
51	66
51	84
51	51
51	65
51	74
51	51
51	90
51	74
51	52
51	52
51	52
52	52
52	90
52	52
52	81
52	52
52	90
52	90
52	90
52	52
52	52
52	52
52	52
52	52
52	52
52	88
52	52
52	52
52	91
52	91
52	52
52	53
52	65
52	90
52	64
52	65
52	90
52	90
52	85
52	52
52	52
52	91
52	91
52	52
52	65
52	65
52	91
52	82
52	52
52	90
52	52
52	91
52	91
52	52
52	52
52	61
52	55
52	64
52	91
52	52
52	64
52	62
52	52
52	52
52	52
52	83
52	84
52	83
52	54
52	84
52	71
52	91
52	52
52	64
52	91
52	52
52	90
52	63
52	91
52	86
52	91
52	53
52	91
52	91
52	91
52	64
52	81
52	62
52	91
52	52
52	83
52	60
52	81
52	55
52	81
52	84
52	84
52	53
52	74
52	91
52	55
52	54
52	54
52	81
52	74
52	54
52	52
52	54
52	54
52	71
52	81
53	71
53	54
53	53
53	76
53	76
53	53
53	53
53	71
53	71
53	71
53	71
53	71
53	53
53	54
53	71
53	54
53	69
53	55
53	70
53	55
53	70
53	54
53	55
53	53
53	53
53	81
53	57
53	81
53	67
53	53
53	56
53	54
53	53
53	55
53	53
53	53
53	53
53	53
53	53
53	55
53	53
53	57
53	53
53	54
53	53
53	54
53	55
53	53
53	65
53	53
53	81
53	72
53	81
53	54
53	57
53	54
53	57
53	54
53	53
53	57
53	65
53	82
53	54
53	65
53	71
53	53
53	71
53	53
53	57
53	53
53	53
53	54
53	54
53	57
53	71
53	53
53	53
53	54
53	53
53	88
53	59
53	71
53	92
53	71
53	71
53	57
53	54
53	61
54	54
54	54
54	54
54	54
54	57
54	54
54	57
54	54
54	54
54	54
54	55
54	54
54	56
54	54
54	54
54	54
54	56
54	54
54	54
54	54
54	70
54	54
54	54
54	78
54	54
54	54
54	82
54	54
54	54
54	70
54	55
54	55
54	54
54	54
54	55
54	72
54	54
54	54
54	54
54	56
54	54
54	54
54	54
54	90
54	55
54	57
54	56
54	66
54	54
54	54
54	56
54	55
54	54
54	54
54	66
54	54
54	66
54	54
54	54
54	65
54	55
54	54
54	54
54	54
54	54
54	54
54	54
54	54
54	54
54	54
54	54
54	56
54	55
54	94
54	56
54	56
54	54
54	88
54	55
54	56
54	55
54	54
54	66
54	88
54	54
54	55
54	55
54	88
55	56
55	55
55	55
55	56
55	55
55	81
55	82
55	55
55	88
55	55
55	81
55	60
55	56
55	55
55	80
55	88
55	55
55	88
55	80
55	55
55	55
55	55
55	55
55	57
55	55
55	65
55	81
55	55
55	55
55	55
55	67
55	56
55	56
55	80
55	64
55	56
55	55
55	80
55	55
55	55
55	55
55	55
55	55
55	71
55	55
55	55
55	62
55	62
55	80
55	58
55	62
55	55
55	68
55	55
55	80
55	55
55	69
55	77
55	70
55	62
55	62
55	69
55	62
55	71
55	69
55	64
55	80
55	55
55	55
55	82
55	67
55	81
55	82
55	65
55	81
55	65
56	82
56	56
56	82
56	81
56	56
56	62
56	61
56	61
56	61
56	56
56	56
56	65
56	56
56	60
56	56
56	56
56	60
56	65
56	56
56	65
56	82
56	57
56	60
56	57
56	56
56	56
56	56
56	56
56	56
56	56
56	57
56	56
56	71
56	99
56	56
56	67
56	82
56	57
56	82
56	57
56	94
56	70
56	70
56	58
56	74
56	71
56	58
56	80
56	58
56	57
57	80
57	70
57	70
57	59
57	57
57	57
57	57
57	63
57	57
57	60
57	81
57	80
57	57
57	59
57	59
57	63
57	58
57	57
57	57
57	68
57	82
57	60
57	75
57	60
57	58
57	57
57	60
57	58
57	58
57	80
57	58
57	66
57	58
57	58
57	59
58	58
58	58
58	80
58	70
58	80
58	60
58	58
58	65
58	59
58	58
58	58
58	61
58	61
58	60
58	60
58	58
58	60
58	58
58	58
58	58
58	59
58	63
58	59
58	59
58	59
58	59
58	58
58	59
58	59
59	59
59	59
59	59
59	59
59	59
59	59
59	72
59	59
59	59
59	59
59	59
59	63
59	59
59	63
59	59
59	59
59	59
59	59
59	63
59	61
59	60
59	59
59	77
59	60
59	59
59	60
59	59
59	59
59	60
59	60
60	60
60	60
60	60
60	61
60	60
60	60
60	63
60	60
60	82
60	60
60	60
60	60
60	60
60	74
60	74
60	70
60	69
60	80
60	60
60	62
60	60
60	80
60	80
60	81
60	82
60	65
60	81
60	66
60	62
60	60
60	60
60	60
60	62
60	60
60	80
60	60
60	63
60	81
60	60
60	60
60	62
60	81
61	61
61	61
61	88
61	61
61	67
61	61
61	61
61	67
61	61
61	67
61	78
61	64
61	61
61	78
61	68
61	67
61	76
61	64
61	64
61	63
61	64
61	61
61	61
61	64
61	62
61	61
62	64
62	66
62	65
62	62
62	62
62	70
62	63
62	81
62	62
62	62
62	62
62	85
62	62
62	62
62	62
62	62
62	62
62	63
62	62
62	72
62	80
62	73
62	71
62	71
62	79
62	80
62	62
62	62
62	62
63	81
63	64
63	63
63	63
63	82
63	63
63	82
63	63
63	63
63	63
63	63
63	63
63	77
63	78
63	78
63	78
63	63
63	63
63	63
63	63
63	73
63	71
63	63
63	78
63	63
63	78
63	77
63	78
63	64
63	63
64	64
64	78
64	82
64	112
64	77
64	82
64	64
64	64
64	112
64	64
64	64
64	64
64	109
64	80
64	64
64	65
64	65
64	64
64	112
64	66
64	64
64	65
64	64
64	112
64	112
64	65
64	65
64	67
64	67
64	69
64	69
64	64
64	67
64	65
64	65
64	69
64	65
64	65
65	65
65	65
65	66
65	65
65	66
65	65
65	65
65	71
65	65
65	65
65	65
65	65
65	65
65	65
65	65
65	66
65	65
65	65
65	65
65	65
65	65
65	65
65	66
65	65
66	66
66	69
66	71
66	66
66	66
66	66
66	66
66	66
66	66
66	66
66	66
66	69
66	66
66	66
66	66
66	67
66	67
67	67
67	67
67	69
67	67
67	67
67	67
67	67
67	67
67	67
67	67
67	68
67	67
67	68
67	67
67	67
67	67
67	67
67	67
67	68
67	68
67	67
67	67
67	67
67	67
67	68
67	68
68	68
68	71
68	68
68	68
68	100
68	68
68	68
68	68
68	68
68	68
68	68
68	68
68	68
68	70
68	68
68	68
68	81
68	69
69	69
69	70
69	69
69	71
69	71
69	71
69	71
69	71
69	69
69	71
69	70
69	70
69	73
69	69
69	69
69	70
69	69
69	69
69	101
69	94
70	70
70	70
70	70
70	70
70	70
70	94
70	101
70	93
70	94
70	94
70	101
70	70
70	70
70	93
70	70
70	71
70	70
70	74
70	73
70	74
70	70
70	70
70	74
70	70
70	70
70	72
70	70
70	74
70	70
70	101
70	70
70	70
70	70
70	70
70	79
70	70
70	76
70	76
70	71
70	70
71	80
71	71
71	72
71	71
71	71
71	71
71	71
71	71
71	71
71	71
71	71
71	71
71	71
71	71
71	71
71	71
71	71
71	81
71	71
71	71
71	71
71	71
71	71
71	75
71	71
71	71
71	71
71	76
71	76
71	71
71	94
71	82
71	99
71	71
71	83
71	71
71	71
71	72
71	71
71	72
71	83
71	83
71	72
71	72
71	72
72	95
72	72
72	72
72	72
72	72
72	83
72	72
72	72
72	83
72	83
72	72
72	72
72	87
72	96
72	87
72	87
72	72
72	72
72	72
72	72
72	99
72	87
72	87
72	72
72	99
72	72
72	98
72	99
72	99
72	87
72	72
72	94
72	97
72	72
72	72
72	93
72	93
72	93
72	72
72	72
72	72
72	72
72	72
72	72
72	72
72	102
72	72
72	91
72	72
72	72
72	93
72	72
72	72
72	72
72	72
72	72
72	72
72	72
72	72
72	72
72	72
72	72
72	72
72	72
72	72
72	86
72	72
72	86
72	72
72	74
72	72
72	72
72	72
72	72
72	72
72	72
72	72
72	72
72	72
72	72
72	72
72	72
72	72
72	72
72	72
72	72
72	72
72	101
72	88
72	72
72	74
72	73
72	73
73	78
73	73
73	81
73	73
73	76
73	81
73	80
73	79
73	74
73	81
73	89
73	73
73	73
73	73
73	73
73	108
73	73
73	108
73	73
73	86
73	73
73	106
73	73
73	101
73	106
73	99
73	73
73	73
73	97
73	73
73	95
73	94
73	79
73	79
73	76
73	73
73	95
73	73
73	73
73	94
73	73
73	73
73	73
73	73
73	77
73	95
73	79
73	114
73	76
73	74
73	76
73	95
73	107
73	73
73	93
73	93
73	93
73	93
74	74
74	92
74	92
74	74
74	93
74	93
74	74
74	95
74	95
74	74
74	92
74	97
74	74
74	97
74	97
74	97
74	74
74	97
74	85
74	84
74	90
74	74
74	74
74	74
74	98
74	110
74	74
74	74
74	74
74	74
74	75
74	75
74	81
74	74
74	74
74	74
74	103
74	81
74	74
75	75
75	81
75	103
75	103
75	75
75	75
75	76
75	81
75	80
75	76
75	77
75	75
75	75
75	75
75	75
75	101
75	101
75	75
75	75
75	75
75	80
75	81
75	90
75	90
75	129
75	80
75	81
75	75
75	81
75	80
75	75
75	80
75	104
75	75
76	76
76	76
76	76
76	76
76	78
76	79
76	78
76	78
76	77
76	80
76	76
76	76
76	76
76	76
76	76
76	76
76	103
76	76
76	76
76	90
76	103
76	76
76	80
76	80
76	78
77	77
77	79
77	77
77	110
77	110
77	77
77	79
77	77
77	77
77	79
77	87
77	87
77	77
77	126
77	87
77	77
77	77
77	77
77	77
77	77
77	126
77	77
77	77
77	79
77	77
77	79
77	87
77	77
77	107
77	78
77	77
77	77
77	77
77	130
77	77
77	77
77	125
77	77
77	77
77	78
77	87
77	77
77	87
77	77
77	87
77	87
77	87
77	80
77	86
78	79
78	79
78	109
78	79
78	130
78	80
78	78
78	78
78	80
78	78
78	79
78	101
78	89
78	129
78	129
78	78
78	78
78	102
78	105
78	133
78	82
78	80
78	80
78	108
78	106
78	105
78	111
78	99
78	86
78	108
78	78
78	82
78	85
78	111
78	85
78	86
78	98
78	103
78	104
78	79
79	79
79	98
79	98
79	104
79	107
79	79
79	107
79	79
79	86
79	86
79	85
79	79
79	79
79	83
79	82
79	124
79	79
79	110
79	133
79	79
79	79
79	129
79	112
79	112
79	79
79	130
79	79
79	79
79	87
79	87
79	87
79	130
79	80
79	80
80	80
80	80
80	80
80	80
80	81
80	84
80	91
80	91
80	80
80	127
80	89
80	86
80	80
80	80
80	89
80	81
80	111
80	89
80	81
80	81
80	81
80	86
80	80
80	80
80	80
80	81
81	111
81	111
81	81
81	82
81	81
81	81
81	89
81	81
81	81
81	81
81	90
81	81
81	91
81	81
81	81
81	100
81	82
81	81
81	81
81	90
81	81
81	81
81	82
81	82
81	82
81	81
81	102
81	82
82	82
82	86
82	89
82	89
82	86
82	89
82	89
82	107
82	82
82	82
82	82
82	89
82	111
82	111
82	82
82	112
82	82
82	105
82	112
82	91
82	112
82	82
82	129
82	129
82	129
82	111
82	111
82	82
82	82
82	112
82	112
82	105
82	82
82	82
82	112
82	82
82	82
82	82
82	82
82	83
82	83
82	83
82	98
82	110
82	82
82	82
82	82
82	111
82	108
82	82
82	94
82	83
82	82
82	98
82	82
82	83
82	106
82	83
82	83
82	83
82	83
82	83
82	83
82	111
82	92
82	112
82	83
82	83
83	83
83	97
83	83
83	94
83	83
83	83
83	83
83	97
83	83
83	83
83	83
83	83
83	97
83	83
83	83
83	83
83	111
83	83
83	83
83	83
83	97
83	83
83	92
83	83
83	83
83	95
83	97
83	83
83	92
83	83
83	85
83	83
83	83
83	111
83	83
83	83
83	83
83	84
83	96
83	83
83	84
83	95
83	96
83	84
83	83
83	83
83	96
83	83
83	83
83	83
83	83
83	84
83	84
83	83
83	95
83	125
83	84
83	84
83	87
83	96
83	85
83	84
83	87
83	83
83	85
83	85
83	95
83	83
83	84
83	84
83	83
83	83
83	87
83	83
83	85
83	100
83	83
83	97
83	87
83	87
83	84
83	97
83	84
83	84
84	84
84	96
84	84
84	111
84	84
84	110
84	97
84	84
84	97
84	97
84	97
84	91
84	94
84	84
84	86
84	84
84	100
84	114
84	84
84	84
84	84
84	84
84	114
84	84
84	84
84	90
84	84
84	115
84	84
84	84
84	115
84	90
84	111
84	84
84	84
84	84
84	85
84	84
84	85
84	84
84	85
84	84
84	90
84	85
84	84
84	84
84	85
84	85
84	86
84	85
84	84
84	86
84	85
84	86
84	86
84	86
84	84
84	85
84	111
84	90
84	84
84	94
84	96
84	96
84	111
84	86
84	85
84	85
84	84
84	138
84	91
84	105
84	91
84	85
84	85
84	85
84	91
84	85
85	85
85	85
85	85
85	86
85	85
85	87
85	88
85	85
85	85
85	90
85	85
85	97
85	85
85	85
85	85
85	85
85	97
85	85
85	85
85	85
85	97
85	85
85	88
85	85
85	88
85	85
85	100
85	85
85	100
85	85
85	100
85	100
85	85
85	91
85	100
85	87
85	88
85	85
85	88
85	85
85	91
85	135
85	85
85	98
85	85
85	104
85	111
85	107
85	104
85	85
85	103
85	85
85	85
85	85
85	85
85	85
85	135
85	85
85	85
85	85
85	85
85	96
85	111
85	136
85	96
85	85
85	87
85	134
85	85
85	134
85	86
86	108
86	86
86	98
86	96
86	122
86	86
86	108
86	111
86	88
86	105
86	110
86	86
86	107
86	107
86	86
86	86
86	86
86	86
86	108
86	86
86	87
86	87
86	86
86	106
86	105
86	107
86	86
86	86
86	103
86	86
86	86
86	133
86	86
86	86
86	86
86	128
86	127
86	86
86	86
86	86
86	129
86	128
86	124
86	127
86	89
86	128
86	128
86	123
86	86
86	113
86	112
86	88
86	88
86	88
86	92
86	86
86	86
86	88
86	93
86	123
86	86
86	86
86	92
86	89
86	92
86	112
86	89
86	88
86	98
86	128
86	95
86	86
86	129
86	129
86	123
86	97
86	86
86	93
86	124
86	97
86	86
86	88
86	106
86	93
86	97
86	124
86	97
86	93
86	93
86	88
87	87
87	87
87	87
87	130
87	87
87	87
87	87
87	100
87	118
87	99
87	87
87	87
87	87
87	98
87	87
87	87
87	135
87	99
87	125
87	117
87	99
87	97
87	87
87	99
87	87
87	99
87	99
87	99
87	99
87	117
87	97
87	95
87	99
87	135
87	87
87	87
87	87
87	97
87	97
87	87
87	87
87	87
87	125
87	96
87	99
87	87
87	99
87	93
87	118
87	99
87	99
87	99
87	87
87	99
87	97
87	99
87	87
87	95
87	97
87	97
87	111
87	87
87	97
87	97
87	87
87	96
87	111
87	111
87	87
87	139
87	87
87	87
87	87
87	87
87	87
87	87
87	87
88	88
88	88
88	88
88	88
88	88
88	118
88	118
88	104
88	88
88	88
88	88
88	88
88	88
88	88
88	88
88	88
88	88
88	88
88	88
88	130
88	88
88	112
88	88
88	88
88	118
88	129
88	118
88	115
88	88
88	88
88	88
88	108
88	132
88	108
88	112
88	88
88	88
88	118
88	118
88	109
88	113
88	88
88	88
88	88
88	118
88	122
88	122
88	130
88	114
88	98
88	121
88	88
88	88
88	88
88	118
88	88
88	88
88	88
88	109
88	109
88	88
88	88
88	88
88	118
88	109
88	116
88	112
88	100
88	89
88	111
88	116
88	89
88	118
88	90
88	88
88	88
88	116
88	88
88	89
88	118
88	88
88	88
88	89
89	116
89	116
89	89
89	117
89	89
89	89
89	89
89	91
89	91
89	89
89	116
89	113
89	116
89	116
89	111
89	90
89	89
89	89
89	112
89	133
89	105
89	133
89	89
89	91
89	133
89	95
89	118
89	116
89	89
89	89
89	117
89	109
89	118
89	116
89	118
89	89
89	95
89	90
89	91
89	91
89	110
89	89
89	112
89	90
89	89
89	112
89	89
89	89
89	89
89	90
89	91
89	98
89	98
89	107
89	91
89	90
89	109
89	90
89	116
89	90
90	90
90	90
90	90
90	90
90	90
90	90
90	90
90	116
90	91
90	90
90	90
90	90
90	116
90	116
90	115
90	91
90	114
90	90
90	117
90	118
90	140
90	91
90	90
90	90
90	114
90	118
90	118
90	114
90	90
90	114
90	116
90	90
90	91
90	104
90	118
90	114
90	118
90	90
90	114
90	118
90	90
90	90
90	114
90	91
90	114
90	115
90	114
90	91
90	90
90	91
90	91
90	105
90	92
90	114
90	90
90	90
90	115
90	115
90	91
90	91
90	92
90	90
90	91
90	90
90	91
90	90
90	115
90	125
90	92
90	92
90	95
91	91
91	114
91	115
91	115
91	115
91	91
91	91
91	113
91	116
91	105
91	114
91	114
91	92
91	91
91	91
91	114
91	91
91	92
91	91
91	91
91	92
91	114
91	91
91	91
91	92
91	91
91	113
91	113
91	91
91	91
91	91
91	91
91	91
91	91
91	116
91	116
91	105
91	105
91	106
91	113
91	91
91	116
91	91
91	113
91	92
91	116
91	137
91	92
91	91
91	137
91	137
91	137
91	137
91	137
91	91
91	92
91	91
91	91
91	91
91	117
91	91
91	91
91	137
91	137
91	137
91	91
91	91
91	94
91	91
91	95
91	91
91	91
91	92
91	91
91	92
91	117
91	91
91	137
91	138
91	117
91	117
91	93
91	91
91	93
91	91
91	93
91	92
91	92
91	93
92	92
92	92
92	92
92	92
92	92
92	113
92	95
92	137
92	92
92	93
92	92
92	92
92	92
92	92
92	92
92	92
92	92
92	92
92	92
92	92
92	92
92	92
92	92
92	92
92	92
92	92
92	92
92	137
92	92
92	92
92	113
92	93
92	110
92	92
92	92
92	92
92	114
92	92
92	115
92	92
92	92
92	92
92	92
92	92
92	124
92	93
92	128
92	95
92	124
92	128
92	128
92	98
92	93
92	128
92	124
92	127
92	120
92	123
92	92
92	130
92	93
92	128
92	92
92	130
92	95
92	128
92	130
92	94
92	128
92	128
92	92
92	95
92	124
92	94
92	94
92	92
92	130
92	93
92	93
93	93
93	93
93	95
93	96
93	93
93	93
93	95
93	93
93	95
93	93
93	119
93	93
93	124
93	128
93	93
93	93
93	93
93	96
93	95
93	95
93	93
93	93
93	93
93	124
93	94
93	95
93	93
93	113
93	93
93	98
93	98
93	94
93	95
93	93
93	93
93	93
93	93
93	93
93	93
93	130
93	116
93	93
93	107
93	101
93	95
93	93
93	93
93	93
93	94
93	93
93	93
93	95
93	94
93	93
93	95
93	95
93	100
93	101
93	93
93	93
93	95
93	95
93	95
93	95
93	95
93	94
93	94
93	94
93	94
93	94
94	94
94	94
94	94
94	94
94	94
94	101
94	94
94	106
94	95
94	94
94	95
94	94
94	95
94	95
94	98
94	95
94	101
94	94
94	95
94	95
94	101
94	94
94	95
94	101
94	94
94	97
94	95
94	101
94	98
94	96
94	96
94	96
94	125
94	94
94	94
94	94
94	94
94	94
94	125
94	94
94	96
94	96
94	96
94	96
94	95
94	94
94	94
94	94
94	97
94	94
94	96
94	97
94	94
94	97
94	96
94	140
94	97
94	94
94	96
94	96
94	96
94	140
94	97
94	94
94	140
94	94
94	94
94	97
94	95
94	97
94	94
94	97
94	94
94	118
94	96
95	96
95	109
95	109
95	109
95	116
95	95
95	117
95	95
95	95
95	95
95	95
95	117
95	109
95	95
95	113
95	109
95	107
95	107
95	95
95	95
95	95
95	95
95	95
95	109
95	109
95	114
95	141
95	109
95	141
95	109
95	95
95	110
95	113
95	116
95	114
95	114
95	114
95	107
95	95
95	95
95	95
95	124
95	124
95	95
95	115
95	125
95	95
95	96
95	96
95	95
95	99
95	95
95	99
95	97
95	96
96	96
96	123
96	124
96	99
96	96
96	125
96	96
96	125
96	96
96	109
96	96
96	96
96	96
96	96
96	104
96	96
96	96
96	96
96	139
96	96
96	139
96	139
96	139
96	96
96	96
96	96
96	96
96	115
96	96
96	125
96	111
96	125
97	97
97	97
97	97
97	97
97	97
97	125
97	111
97	97
97	97
97	97
97	97
97	97
97	125
97	97
97	97
97	97
97	99
97	125
97	99
97	97
97	100
97	99
97	99
97	97
97	97
97	102
97	97
97	124
97	99
97	97
97	100
97	98
97	97
97	97
97	99
97	99
97	97
97	97
97	98
97	97
97	101
97	101
97	101
97	101
98	101
98	101
98	111
98	99
98	99
98	124
98	103
98	98
98	100
98	99
98	101
98	106
98	98
98	98
98	100
98	98
98	98
98	98
98	98
98	98
98	100
98	100
98	102
98	129
98	100
98	100
98	101
98	134
98	135
98	124
98	98
98	101
98	99
98	135
98	99
98	135
98	99
98	98
98	98
98	98
98	99
98	99
98	98
98	135
98	100
98	99
98	135
98	99
98	98
98	99
99	99
99	99
99	99
99	99
99	99
99	100
99	99
99	100
99	123
99	103
99	99
99	142
99	142
99	135
99	103
99	101
99	134
99	100
99	100
99	100
99	134
99	101
99	101
99	128
99	101
99	108
99	108
99	134
99	103
99	134
99	103
99	103
99	134
99	134
99	99
99	99
99	99
99	99
99	99
99	100
99	104
99	100
99	99
99	99
99	123
99	99
99	100
99	100
99	100
99	99
99	100
99	100
99	99
99	100
99	124
99	124
99	124
99	104
99	124
99	99
99	99
99	100
99	100
99	123
99	100
99	104
99	135
99	100
99	100
99	142
99	100
100	100
100	100
100	100
100	100
100	100
100	104
100	100
100	100
100	100
100	100
100	100
100	142
100	100
100	100
100	124
100	100
100	100
100	100
100	100
100	100
100	100
100	100
100	100
100	100
100	124
100	100
100	100
100	100
100	103
100	100
100	100
100	100
100	100
100	100
100	100
100	142
100	103
100	100
100	104
100	100
100	100
100	100
100	100
100	100
100	100
100	100
100	100
100	142
100	100
100	101
100	100
100	129
100	129
100	128
100	124
100	101
100	100
100	103
100	101
101	101
101	101
101	101
101	101
101	101
101	101
101	101
101	102
101	128
101	135
101	101
101	130
101	101
101	101
101	123
101	124
101	101
101	128
101	101
101	102
101	101
101	135
101	101
101	101
101	101
101	101
101	103
101	128
101	101
101	103
101	102
101	122
101	101
101	103
101	102
101	102
101	122
101	102
101	101
101	101
101	101
101	103
101	122
101	102
101	138
101	101
101	138
101	101
101	103
101	102
101	101
102	102
102	102
102	124
102	102
102	131
102	102
102	126
102	102
102	102
102	105
102	102
102	106
102	106
102	105
102	102
102	107
102	103
102	102
102	102
102	102
102	102
102	122
102	122
102	102
102	103
103	103
103	123
103	103
103	122
103	103
103	103
103	124
103	130
103	103
103	103
103	134
103	103
103	135
103	135
103	135
103	129
103	135
103	103
103	136
103	103
103	103
103	103
103	135
103	106
103	103
103	111
103	107
103	104
104	107
104	104
104	148
104	104
104	104
104	134
104	104
104	104
104	104
104	134
104	134
104	106
104	104
104	104
104	133
104	107
104	134
104	107
104	122
104	104
104	130
104	137
104	147
104	147
104	104
104	104
104	105
104	144
104	134
104	130
104	134
104	106
104	105
104	134
104	105
104	130
104	133
104	110
104	105
104	129
104	134
104	132
105	105
105	133
105	147
105	105
105	105
105	134
105	134
105	134
105	132
105	134
105	105
105	133
105	105
105	134
105	134
105	105
105	105
105	124
105	110
105	107
105	112
105	105
105	106
105	133
105	105
105	134
105	105
105	133
105	106
105	106
105	111
105	108
105	147
105	147
105	132
105	131
105	106
105	106
105	105
105	134
106	134
106	109
106	106
106	127
106	131
106	106
106	123
106	123
106	111
106	129
106	111
106	108
106	131
106	108
106	131
106	108
106	108
106	106
106	106
106	106
106	106
106	108
106	108
106	108
106	106
106	134
106	107
106	131
106	122
106	107
106	122
106	106
106	106
106	107
106	106
106	106
106	108
106	146
106	106
106	122
106	146
106	131
106	122
106	146
106	107
106	107
107	107
107	147
107	131
107	146
107	122
107	108
107	119
107	141
107	140
107	107
107	107
107	107
107	107
107	107
107	141
107	120
107	107
107	107
107	107
107	107
107	118
107	107
107	107
107	107
107	107
107	107
107	107
107	120
107	137
107	108
107	109
107	109
107	120
107	111
107	107
107	108
107	108
107	108
108	134
108	137
108	137
108	134
108	120
108	108
108	108
108	137
108	108
108	133
108	108
108	108
108	133
108	108
108	108
108	138
108	137
108	108
108	108
108	108
108	137
108	108
108	108
108	108
108	135
108	137
108	137
108	135
108	135
108	135
108	133
108	108
108	135
108	108
108	108
108	110
108	134
108	110
108	111
108	108
108	108
108	108
108	120
108	120
108	139
108	108
108	108
108	108
108	108
108	120
108	108
108	137
108	134
108	108
108	108
108	137
108	137
108	135
108	138
108	138
108	108
108	108
108	108
108	112
108	109
108	112
108	132
108	132
109	113
109	113
109	115
109	109
109	138
109	109
109	109
109	109
109	138
109	109
109	109
109	109
109	111
109	109
109	109
109	109
109	109
109	109
109	141
109	110
109	111
109	118
109	110
109	117
109	109
109	117
109	130
109	130
109	109
109	109
109	109
109	109
109	109
109	118
109	117
109	129
109	110
110	110
110	110
110	110
110	116
110	110
110	117
110	114
110	112
110	113
110	110
110	112
110	129
110	129
110	133
110	110
110	130
110	129
110	110
110	130
110	133
110	110
110	133
110	129
110	110
110	112
110	112
110	110
110	110
110	134
110	134
110	134
110	135
110	134
110	111
110	133
110	134
110	110
110	111
110	111
111	111
111	111
111	111
111	111
111	114
111	115
111	115
111	125
111	124
111	115
111	115
111	112
111	111
111	112
111	111
111	111
111	111
111	111
111	111
111	111
111	111
111	115
111	112
111	114
111	116
111	112
112	112
112	112
112	117
112	112
112	112
112	112
112	112
112	112
112	112
112	112
112	112
112	131
112	112
112	112
112	112
112	112
112	112
112	112
112	112
112	116
112	112
112	112
112	112
112	113
112	133
112	112
112	112
112	117
112	116
112	116
112	113
112	113
112	112
112	112
112	113
112	112
112	112
112	112
112	112
112	130
112	112
112	125
112	112
112	130
112	130
112	125
112	130
112	112
112	112
112	113
112	113
112	112
112	113
113	125
113	113
113	117
113	126
113	116
113	113
113	127
113	118
113	118
113	115
113	125
113	118
113	113
113	113
113	113
113	113
113	119
113	119
113	145
113	145
113	113
113	119
113	119
113	119
113	119
113	113
113	124
113	145
113	113
113	113
113	124
113	145
113	118
113	113
113	113
113	118
113	118
113	113
113	116
113	113
113	113
113	133
113	113
113	113
113	113
113	145
113	118
113	118
113	113
113	113
113	113
113	113
113	113
113	113
113	145
113	113
113	113
113	113
113	133
113	113
113	113
113	113
113	116
113	113
113	135
113	113
113	116
113	113
113	115
113	114
113	114
113	116
113	113
113	114
113	116
113	113
113	116
113	113
113	114
113	114
113	116
113	114
113	113
113	113
113	113
113	113
113	114
113	114
113	113
113	114
113	114
113	114
113	114
114	114
114	114
114	115
114	116
114	116
114	114
114	116
114	114
114	114
114	114
114	114
114	116
114	114
114	114
114	114
114	114
114	114
114	114
114	114
114	114
114	114
114	114
114	114
114	129
114	114
114	141
114	114
114	116
114	126
114	114
114	114
114	115
114	114
114	114
114	114
114	114
114	114
114	115
114	114
114	115
114	115
114	114
114	114
114	128
114	114
114	114
114	115
114	114
114	114
114	114
114	114
114	114
114	115
115	115
115	115
115	115
115	115
115	115
115	115
115	115
115	115
115	115
115	115
115	115
115	115
115	115
115	115
115	115
115	115
115	115
115	125
115	125
115	115
115	125
115	115
115	115
115	125
115	115
115	115
115	115
115	115
115	115
115	115
115	115
115	116
115	115
115	115
115	115
115	136
115	115
115	128
115	115
115	115
115	115
115	136
115	146
115	127
115	136
115	115
115	115
115	115
115	115
115	122
115	126
115	136
115	127
115	127
115	125
115	125
115	125
115	127
115	115
115	149
115	115
115	127
115	126
115	115
115	115
115	135
115	127
115	137
115	115
116	116
116	126
116	116
116	116
116	116
116	116
116	126
116	126
116	116
116	116
116	116
116	116
116	126
116	116
116	116
116	116
116	116
116	116
116	116
116	116
116	126
116	116
116	116
116	116
116	116
116	129
116	116
116	116
116	116
116	116
116	116
116	116
116	117
116	117
116	117
116	117
116	116
116	118
116	117
116	116
116	116
116	116
116	116
116	117
117	117
117	117
117	117
117	117
117	117
117	125
117	125
117	117
117	117
117	117
117	117
117	138
117	117
117	117
117	117
117	117
117	138
117	117
117	117
117	117
117	126
117	117
117	117
117	117
117	137
117	117
117	117
117	117
117	125
117	117
117	127
117	137
117	117
117	117
117	117
117	137
117	137
117	117
117	137
117	117
117	125
117	117
117	137
117	117
117	117
117	117
117	125
117	125
117	125
117	125
117	117
117	126
117	125
117	137
117	117
117	137
117	126
117	127
117	126
117	126
117	126
117	117
117	117
117	125
117	117
117	130
117	117
117	117
117	117
117	130
117	118
117	117
117	130
117	117
117	118
117	130
117	130
118	118
118	130
118	118
118	118
118	129
118	118
118	130
118	118
118	118
118	130
118	118
118	129
118	118
118	118
118	118
118	118
118	140
118	145
118	122
118	141
118	118
118	118
118	118
118	142
118	133
118	124
118	127
118	121
118	145
118	121
118	121
118	121
118	124
118	118
118	127
118	146
118	145
118	142
118	146
118	127
118	145
118	121
118	118
118	146
118	127
118	145
118	118
118	118
118	141
118	121
118	146
118	121
118	147
118	147
118	146
118	145
118	142
118	119
118	145
118	127
118	146
118	147
118	147
118	146
118	145
118	146
118	122
118	118
118	122
118	118
118	118
118	119
118	147
118	146
118	121
118	141
118	118
118	127
118	127
118	118
118	119
118	146
118	146
118	145
118	119
118	119
118	119
118	119
118	145
118	125
118	119
118	144
118	145
118	146
118	128
118	119
118	122
118	145
118	128
118	119
118	119
119	146
119	121
119	119
119	119
119	145
119	119
119	145
119	145
119	119
119	149
119	119
119	122
119	122
119	122
119	119
119	142
119	146
119	119
119	119
119	125
119	128
119	119
119	142
119	145
119	119
119	125
119	121
119	128
119	128
119	126
119	145
119	125
119	144
119	142
119	128
119	142
119	119
119	119
119	121
119	121
119	121
119	121
119	119
119	119
119	119
119	145
119	145
119	119
119	145
119	141
119	119
119	145
119	119
119	119
119	119
119	140
119	141
119	119
119	140
119	148
119	140
119	119
119	119
119	119
119	119
119	119
119	121
119	119
119	119
119	119
119	119
119	119
119	119
119	119
119	119
119	119
119	146
119	119
119	127
119	127
119	140
119	141
119	127
119	140
119	141
119	120
119	146
119	120
119	146
119	119
120	141
120	120
120	146
120	120
120	120
120	120
120	120
120	120
120	120
120	120
120	120
120	120
120	120
120	120
120	120
120	120
120	120
120	120
120	145
120	120
120	147
120	122
120	120
120	120
120	120
120	120
120	120
120	120
120	120
120	139
120	120
120	120
120	120
120	120
120	120
120	120
120	120
120	133
120	133
120	120
120	120
120	120
120	120
120	120
120	120
120	147
120	133
120	120
120	120
120	120
120	120
120	120
120	146
120	120
120	120
120	120
120	120
120	120
120	126
121	121
121	148
121	143
121	121
121	121
121	149
121	140
121	121
121	121
121	142
121	121
121	142
121	121
121	121
121	121
121	121
121	121
121	121
121	121
121	122
121	145
121	146
121	141
121	136
121	121
121	145
121	121
121	146
121	146
121	140
121	146
121	121
121	146
121	125
121	146
121	121
121	149
121	121
121	121
121	122
121	126
121	121
121	144
121	121
121	121
121	141
121	139
121	122
121	140
121	141
121	122
121	123
121	121
121	142
121	126
121	122
121	123
122	136
122	124
122	122
122	146
122	145
122	122
122	125
122	125
122	125
122	122
122	145
122	145
122	145
122	122
122	141
122	145
122	145
122	122
122	145
122	146
122	122
122	146
122	146
122	146
122	146
122	124
122	123
122	122
122	123
122	123
122	146
122	146
122	122
122	122
122	122
122	123
122	123
122	148
122	123
122	131
122	123
122	122
122	123
122	122
122	127
122	133
122	131
123	131
123	127
123	123
123	123
123	126
123	141
123	123
123	123
123	127
123	127
123	127
123	124
123	129
123	124
123	142
123	127
123	123
123	123
123	123
123	123
123	147
123	124
123	141
124	149
124	141
124	147
124	124
124	124
124	136
124	124
124	124
124	124
124	124
124	124
124	128
124	126
124	134
124	127
124	124
124	127
124	129
124	124
124	124
124	124
124	124
124	124
124	124
124	124
124	128
124	124
124	124
124	124
124	124
124	128
124	124
124	124
124	127
124	146
125	125
125	125
125	144
125	125
125	125
125	125
125	125
125	125
125	125
125	125
125	125
125	125
125	125
125	149
125	125
125	125
125	147
125	125
125	125
125	125
125	131
125	146
125	127
125	125
125	125
125	125
125	127
125	125
125	145
125	125
125	125
125	126
125	126
125	133
125	125
125	128
125	125
125	126
125	145
125	125
125	125
125	126
125	125
125	145
125	125
125	125
125	125
125	145
125	126
125	125
125	144
125	126
125	129
125	125
125	126
125	126
125	126
125	130
125	139
125	125
125	126
125	125
125	126
125	126
125	126
125	130
125	144
125	126
125	126
125	125
125	140
125	140
125	140
125	126
125	126
125	126
126	126
126	126
126	126
126	126
126	144
126	126
126	127
126	130
126	126
126	126
126	126
126	140
126	126
126	126
126	140
126	127
126	126
126	126
126	127
126	126
126	127
126	126
126	126
126	126
126	126
126	141
126	130
126	144
126	126
126	141
126	126
126	131
126	126
126	126
126	144
126	126
126	126
126	144
126	126
126	126
126	144
126	127
126	126
126	144
126	130
126	126
126	126
126	126
126	127
126	131
126	137
126	127
126	127
126	127
126	127
126	126
126	141
126	126
126	149
126	127
126	126
126	135
126	127
126	126
126	129
126	127
126	128
126	127
126	128
126	126
126	127
126	127
126	127
126	126
126	126
126	145
126	131
126	145
126	128
127	137
127	146
127	127
127	127
127	137
127	127
127	127
127	131
127	127
127	127
127	127
127	127
127	127
127	131
127	127
127	131
127	127
127	127
127	137
127	127
127	127
127	127
127	127
127	127
127	127
127	127
127	129
127	129
127	127
127	131
127	127
127	127
127	131
127	127
127	127
127	127
127	131
127	145
127	127
127	127
127	127
127	128
127	127
127	128
127	128
127	127
127	127
127	127
127	145
127	145
127	146
127	127
127	127
127	127
127	127
127	127
127	146
127	127
127	127
127	127
127	131
127	146
127	146
127	146
127	131
127	131
127	127
127	145
127	146
127	131
127	127
127	131
127	131
127	127
127	128
127	128
127	128
127	128
127	128
127	146
127	128
127	128
128	128
128	146
128	128
128	128
128	145
128	146
128	128
128	145
128	128
128	128
128	128
128	131
128	128
128	128
128	134
128	128
128	128
128	136
128	128
128	135
128	128
128	128
128	128
128	128
128	128
128	128
128	128
128	128
128	128
128	128
128	128
128	128
128	134
128	128
128	129
128	128
128	128
128	128
128	136
128	130
128	129
128	128
128	129
128	135
128	136
128	128
128	128
128	128
128	128
128	129
128	136
128	148
128	135
128	128
128	149
128	129
128	128
128	148
128	128
128	129
128	128
128	135
128	129
128	129
128	129
129	135
129	135
129	130
129	134
129	135
129	135
129	129
129	129
129	148
129	129
129	129
129	129
129	130
129	129
129	129
129	130
129	129
129	129
129	133
129	130
129	133
129	129
129	129
129	132
129	141
129	130
129	130
130	130
130	130
130	130
130	131
130	130
130	131
130	134
130	134
130	130
130	134
130	130
130	130
131	131
131	131
131	135
131	131
131	131
131	131
131	131
131	131
131	131
131	131
131	137
131	131
131	131
131	137
131	131
131	137
131	146
131	132
131	132
131	131
131	131
131	131
131	131
131	131
131	131
131	131
131	131
131	131
131	143
132	132
132	132
132	133
132	133
132	132
132	132
132	132
132	132
132	132
132	132
132	147
132	133
132	147
132	147
132	136
132	132
132	136
132	132
132	136
132	132
132	132
132	133
132	132
132	133
132	132
132	133
132	136
132	147
132	147
133	133
133	148
133	134
133	133
133	133
133	147
133	133
133	133
133	133
133	133
133	133
133	134
133	133
133	133
133	133
133	133
133	133
133	134
133	134
133	134
133	134
134	134
134	147
134	134
134	134
134	134
134	134
134	134
134	134
134	134
134	147
134	148
134	147
134	134
134	134
134	134
134	134
134	134
134	134
134	134
134	134
134	134
134	134
134	148
134	147
134	148
134	134
134	135
134	134
134	148
134	135
135	137
135	137
135	135
135	135
135	135
135	135
135	137
135	137
135	135
135	148
135	135
135	135
135	135
135	135
135	135
135	135
135	137
135	137
135	135
135	135
135	136
135	136
135	135
135	136
135	136
135	135
135	135
135	135
135	135
135	135
135	148
135	135
135	135
135	136
135	135
135	135
135	135
135	135
135	135
135	135
135	136
135	135
135	136
135	136
135	135
135	135
135	135
135	135
135	135
135	136
135	148
135	135
135	135
135	136
135	136
135	135
135	135
135	135
135	149
135	136
135	136
135	136
135	136
135	136
135	135
135	136
135	136
136	136
136	136
136	137
136	137
136	136
136	136
136	136
136	136
136	136
136	137
136	136
136	136
136	136
136	136
136	136
136	136
136	149
136	136
136	136
136	136
136	136
136	136
136	136
136	136
136	136
136	136
136	136
136	136
136	149
136	136
136	149
136	149
136	136
136	149
136	136
136	136
136	136
136	136
136	148
136	136
136	138
136	136
136	136
136	138
136	136
136	138
136	139
136	136
136	136
136	136
136	147
136	139
136	136
136	137
136	141
137	141
137	137
137	137
137	143
137	137
137	137
137	143
137	137
137	143
137	137
137	137
137	137
137	138
137	147
137	138
137	145
137	137
137	137
137	137
137	137
137	138
137	143
137	143
137	143
137	143
137	145
137	137
137	137
137	137
137	138
137	144
137	137
137	137
137	137
137	137
137	146
137	144
137	137
137	138
137	137
137	138
137	137
137	144
137	138
137	144
137	137
137	144
137	144
137	137
137	144
137	144
137	144
137	138
137	144
137	137
137	137
137	137
137	137
138	146
138	138
138	147
138	147
138	147
138	147
138	147
138	138
138	139
138	138
138	138
138	138
138	138
138	139
138	138
138	138
138	138
138	138
138	138
138	138
138	138
138	138
138	138
138	138
138	138
138	139
138	138
138	138
138	138
138	147
138	148
138	138
138	140
138	140
138	138
138	140
138	142
138	142
138	138
138	139
138	148
138	140
138	138
138	140
138	138
138	138
138	140
138	140
138	148
138	138
138	139
138	139
139	140
139	140
139	140
139	140
139	140
139	141
139	141
139	139
139	141
139	139
139	139
139	139
139	139
139	139
139	139
139	140
139	140
139	140
139	139
139	147
139	139
139	139
139	139
139	139
139	147
139	139
139	139
139	139
139	147
139	140
139	147
139	145
139	139
139	147
139	140
139	147
139	139
139	149
139	147
139	139
139	139
139	149
139	140
139	141
140	140
140	141
140	142
140	140
140	140
140	142
140	140
140	142
140	140
140	140
140	140
140	141
140	140
140	140
140	140
140	142
140	140
140	142
140	142
140	142
140	140
140	140
140	140
140	140
140	142
140	148
140	142
140	145
140	140
140	145
140	140
140	140
140	140
140	145
140	140
140	140
140	140
140	141
140	141
140	141
140	149
140	140
140	140
140	140
140	140
140	141
140	141
141	141
141	141
141	143
141	141
141	141
141	141
141	143
141	142
141	141
141	143
141	141
141	141
141	145
141	141
141	146
141	144
141	143
141	149
141	144
141	143
141	141
141	141
141	141
141	141
142	142
142	142
142	142
142	142
142	142
142	142
142	142
142	142
142	143
142	142
142	142
142	142
142	142
142	142
142	142
142	142
142	142
142	142
142	142
142	142
142	142
142	142
142	142
142	142
142	142
142	142
142	142
142	143
142	142
142	142
142	142
142	143
142	144
142	142
142	143
142	143
143	143
143	143
143	143
143	143
143	143
143	144
143	143
143	143
143	143
143	143
143	143
143	143
143	144
143	144
143	144
143	143
143	143
143	143
143	144
143	143
143	143
143	143
143	148
143	148
143	143
143	144
143	143
143	143
143	143
143	143
143	148
143	143
143	143
143	143
143	143
143	148
143	144
143	144
143	143
143	143
143	148
143	143
143	143
143	148
143	148
143	143
143	144
143	143
143	143
143	143
143	143
143	144
143	144
143	147
143	149
143	143
143	148
143	143
143	144
143	148
143	144
143	144
143	149
143	146
143	148
143	144
144	146
144	144
144	144
144	144
144	144
144	144
144	144
144	144
144	144
144	144
144	145
144	144
144	146
144	144
144	144
144	144
144	144
144	144
144	147
144	144
144	144
144	144
144	144
144	144
144	144
144	144
144	144
144	144
144	149
144	144
144	144
144	144
144	144
144	149
144	144
144	144
144	144
144	144
144	144
144	144
144	144
144	144
144	144
144	144
144	144
144	145
144	145
144	145
144	146
144	144
144	144
145	145
145	145
145	145
145	145
145	145
145	146
145	145
145	145
145	145
145	145
145	145
145	145
145	145
145	145
145	145
145	145
145	145
145	146
145	146
145	145
145	146
145	145
145	146
145	145
145	145
145	145
145	145
145	145
145	145
145	146
145	146
145	146
145	145
145	145
145	145
145	145
145	145
145	145
145	146
145	145
145	146
145	145
145	145
145	145
145	145
145	145
145	146
145	147
145	146
145	146
145	146
145	149
145	145
145	145
145	145
145	146
145	146
145	146
145	146
146	146
146	146
146	146
146	146
146	146
146	146
146	146
146	146
146	146
146	146
146	146
146	146
146	146
146	146
146	146
146	146
146	146
146	146
146	148
146	147
146	146
146	146
146	146
146	146
146	146
146	148
146	146
146	146
146	146
146	146
146	148
146	146
146	146
146	146
146	146
146	146
146	146
146	147
146	146
146	146
146	146
146	147
146	147
146	147
146	147
146	147
146	147
146	147
147	147
147	147
147	147
147	147
147	147
147	148
147	148
147	147
147	147
147	147
147	147
147	147
147	147
147	147
147	147
147	148
147	147
147	147
147	147
147	147
147	148
147	148
147	148
147	148
147	147
147	148
147	148
147	147
147	147
147	147
147	149
147	147
147	147
147	148
147	147
147	147
147	148
148	148
148	148
148	149
148	148
148	148
148	148
148	148
148	149
148	149
148	149
148	148
148	148
148	148
148	148
148	148
148	148
148	148
148	148
148	148
148	148
148	148
148	148
148	148
148	148
148	148
148	148
148	148
148	148
148	148
148	148
148	149
148	148
148	148
148	148
148	148
148	149
148	148
148	148
148	148
148	149
148	148
148	148
149	149
149	149
149	149
149	149
149	149
149	149
149	149
149	149
