3	3
3	3
3	14
3	3
3	14
3	14
3	17
3	3
3	17
3	3
3	3
3	3
3	3
3	13
3	3
3	13
3	3
3	16
3	3
3	3
3	3
3	15
3	17
3	16
3	3
3	3
3	3
3	3
3	3
3	3
3	4
3	3
3	15
3	3
3	3
3	3
3	3
3	4
3	3
3	3
3	4
3	3
3	3
3	3
3	3
3	3
3	3
3	4
3	3
3	4
3	3
3	3
3	3
3	4
3	4
3	3
3	3
3	13
3	3
3	3
3	13
3	3
3	4
3	3
3	13
3	3
3	15
3	3
3	4
3	4
4	13
4	18
4	4
4	4
4	38
4	15
4	4
4	4
4	4
4	16
4	29
4	4
4	4
4	19
4	4
4	4
4	4
4	6
4	19
4	4
4	4
4	23
4	19
4	4
4	4
4	4
4	16
4	4
4	4
4	16
4	15
4	4
4	4
4	4
4	16
4	4
4	4
4	16
4	15
4	4
4	29
4	5
4	4
4	38
4	38
4	16
4	11
4	19
4	19
4	4
4	19
4	4
4	4
4	4
4	4
4	16
4	4
4	16
4	16
4	16
4	16
4	4
4	24
4	11
4	16
4	4
4	18
4	4
4	16
4	34
4	4
4	37
4	37
4	4
4	4
4	37
4	4
4	4
4	15
4	5
5	5
5	24
5	24
5	5
5	42
5	24
5	42
5	5
5	5
5	5
5	36
5	5
5	5
5	6
5	6
5	5
5	36
5	6
5	6
5	5
5	5
5	36
5	5
5	35
5	36
5	6
5	6
5	36
5	5
5	34
5	7
5	5
5	5
5	6
5	6
5	6
5	6
5	5
5	23
5	23
5	6
5	5
5	24
6	6
6	23
6	6
6	6
6	24
6	6
6	23
6	24
6	19
6	6
6	13
6	6
6	6
6	6
6	6
6	6
6	6
6	6
6	6
6	6
6	10
6	10
6	6
6	14
6	6
6	6
6	6
6	6
6	16
6	6
6	6
6	6
6	7
6	6
6	6
6	6
6	6
6	6
6	7
6	7
6	6
6	6
6	6
6	6
6	6
6	6
6	38
6	6
6	6
6	29
6	6
6	6
6	6
6	7
6	6
6	6
6	6
6	6
6	7
7	7
7	37
7	37
7	7
7	7
7	7
7	7
7	10
7	7
8	10
8	13
10	36
10	29
10	37
10	37
10	38
10	37
10	27
10	28
10	13
10	10
10	11
10	10
10	10
10	10
10	10
10	10
10	10
10	10
10	11
10	10
10	11
10	15
10	15
10	16
11	16
11	12
11	28
11	14
11	12
11	14
11	28
11	12
11	15
11	28
11	11
11	11
11	12
11	11
11	11
11	11
12	12
12	12
12	12
12	27
12	12
12	13
12	18
12	15
12	14
12	14
12	12
12	12
12	15
12	12
12	12
12	16
12	12
12	12
12	18
12	12
12	16
12	12
12	13
13	16
13	16
13	13
13	13
13	13
13	13
13	15
13	37
13	13
13	16
13	13
13	13
13	13
13	14
13	16
13	16
13	38
13	13
14	14
14	17
14	17
14	14
14	14
14	14
14	14
14	14
14	14
14	14
14	14
14	14
14	14
14	14
14	14
14	29
14	18
15	15
15	15
15	18
15	19
15	15
15	16
15	18
15	18
15	15
15	15
15	38
16	16
16	37
16	38
16	16
16	37
16	16
16	16
16	16
16	16
16	16
16	16
16	16
16	16
16	16
16	16
16	16
16	16
16	16
16	16
16	16
16	16
16	16
16	16
16	19
16	16
16	16
16	16
16	16
16	16
16	16
16	16
16	16
16	16
16	16
16	16
16	16
16	16
16	16
16	27
16	16
16	19
16	25
16	19
16	25
16	16
16	16
16	16
16	28
16	16
16	29
16	27
16	28
16	16
16	19
16	19
16	16
16	16
16	16
16	16
16	25
17	17
17	17
17	25
17	17
17	18
17	17
17	18
17	17
17	17
17	17
17	17
17	42
17	18
17	17
17	17
17	18
17	18
18	18
18	18
18	18
18	18
18	42
18	18
18	18
18	18
18	18
18	18
18	18
18	18
18	18
18	25
18	25
18	18
18	23
18	25
18	19
18	18
18	23
18	18
18	25
18	25
18	18
18	19
18	18
18	25
18	25
18	18
18	19
18	18
18	18
18	19
18	19
18	19
18	18
18	19
18	18
18	27
18	18
18	18
18	19
18	19
18	19
18	19
18	33
18	18
18	30
19	19
19	30
19	19
19	19
19	19
19	19
19	19
19	19
19	19
19	19
19	19
19	19
19	19
19	19
19	19
19	19
19	25
19	19
19	19
19	31
19	27
19	23
19	19
19	19
19	19
19	19
19	19
19	19
19	19
19	25
19	19
19	19
19	19
19	25
19	19
19	19
19	19
19	27
19	30
19	19
19	19
19	29
19	19
19	19
19	19
19	19
19	24
19	19
19	19
19	65
19	19
19	19
19	34
19	19
19	24
19	19
19	25
19	37
19	19
19	19
19	19
19	25
19	30
19	19
19	19
19	19
19	19
19	37
19	27
19	37
19	37
19	27
19	19
19	24
19	63
19	19
19	19
19	30
19	19
19	63
19	30
19	19
19	30
19	19
19	20
19	19
19	19
19	41
19	30
19	29
19	31
19	30
19	41
19	30
19	30
19	30
19	19
19	19
19	30
19	30
19	41
19	19
19	36
19	36
19	36
19	36
19	30
19	37
19	36
19	36
19	26
19	30
19	30
19	24
19	39
20	20
20	31
20	37
20	31
20	37
20	37
20	39
22	42
22	38
23	31
23	23
23	23
23	29
23	24
23	23
23	23
23	23
23	23
23	52
23	23
23	23
23	24
23	29
24	40
24	44
24	35
24	24
24	24
24	44
24	24
24	24
24	24
24	44
24	29
24	46
24	24
24	44
24	24
24	44
24	24
24	29
24	29
24	45
24	34
24	24
24	34
24	34
24	24
24	34
24	54
24	48
24	24
24	24
24	65
24	66
24	66
24	24
24	24
24	29
24	34
24	44
24	24
24	34
24	24
24	24
24	24
24	24
24	24
24	24
24	66
24	24
24	66
24	44
24	24
24	46
24	24
24	24
24	24
24	46
24	66
24	24
24	24
24	66
24	24
24	37
24	24
24	24
24	25
24	25
24	24
24	24
24	25
24	25
24	24
24	46
24	25
24	24
24	24
24	24
24	24
24	24
24	24
24	24
24	62
24	25
24	64
24	24
24	24
24	24
24	64
24	24
24	24
24	42
24	46
24	63
25	46
25	64
25	25
25	25
25	46
25	64
25	25
25	42
25	41
25	25
25	30
25	44
25	46
25	46
25	46
25	46
25	46
25	29
25	40
25	46
25	46
25	46
25	45
25	46
25	46
25	28
25	25
25	36
25	25
25	27
25	27
25	25
25	27
25	29
25	45
25	28
25	29
25	27
25	25
25	25
25	25
25	25
25	29
25	25
25	38
25	25
25	25
25	25
25	27
25	38
25	36
25	25
25	25
25	25
25	25
25	25
25	25
25	25
25	25
25	25
25	36
25	25
25	25
25	25
25	25
25	36
25	25
25	34
25	36
25	37
25	25
25	38
25	37
25	25
25	25
25	25
25	37
25	26
25	25
25	37
25	37
25	63
25	42
25	27
25	42
25	26
25	42
25	25
25	27
25	26
25	27
26	26
26	41
26	26
26	42
26	42
26	26
26	42
26	41
26	40
26	38
26	41
26	41
26	26
26	26
26	27
26	43
26	40
26	43
26	43
26	42
26	42
26	43
26	51
26	51
26	36
26	41
26	41
26	26
26	36
26	41
26	26
26	36
26	36
26	26
26	26
26	36
26	36
26	26
26	26
26	41
26	51
26	26
26	39
26	39
26	42
26	39
26	40
26	26
26	40
26	42
26	40
26	42
26	36
26	36
26	41
26	40
27	40
27	36
27	44
27	41
27	40
27	41
27	27
27	52
27	53
27	36
27	42
27	27
27	27
27	28
27	27
27	36
27	27
27	37
27	27
27	27
27	27
27	41
27	27
27	27
27	27
27	32
27	55
27	63
27	43
27	43
27	27
27	28
27	27
27	27
27	27
27	28
27	28
27	28
27	28
27	27
27	27
27	28
27	27
27	27
27	27
27	27
27	27
27	27
27	28
27	27
27	27
27	28
27	27
27	28
27	27
27	28
27	27
27	27
27	27
27	27
27	27
27	27
27	27
27	27
27	27
27	27
27	27
27	27
27	28
27	28
27	27
27	28
27	27
27	27
27	27
27	27
27	28
28	28
28	28
28	45
28	43
28	43
28	28
28	28
28	28
28	28
28	28
28	28
28	28
28	28
28	28
28	28
28	28
28	28
28	28
28	28
28	28
28	28
28	28
28	28
28	28
28	28
28	28
28	28
28	28
28	28
28	28
28	28
28	28
28	28
28	28
28	28
28	28
28	28
28	28
28	28
28	28
28	28
28	28
28	28
28	28
28	28
28	28
28	28
28	28
28	28
28	28
28	28
28	28
28	28
28	28
28	28
28	28
28	28
28	28
28	28
28	46
28	28
28	28
28	28
28	28
28	28
28	45
28	28
28	28
28	28
28	45
28	44
28	45
28	30
28	30
28	28
28	28
29	29
29	29
29	29
29	29
29	29
29	29
29	29
29	29
29	29
29	29
29	29
29	29
29	29
29	29
29	29
29	29
29	29
29	30
29	42
29	29
29	29
29	43
29	44
29	46
29	46
29	29
29	29
29	46
29	29
29	29
29	29
29	29
29	29
29	29
29	40
29	29
29	44
29	29
29	38
29	43
29	35
29	29
29	37
29	40
29	43
29	38
29	43
29	42
29	40
29	44
29	41
29	29
29	37
29	40
29	37
29	37
29	37
29	38
29	44
29	52
29	29
29	44
29	40
29	44
29	44
29	35
29	36
29	38
29	44
29	53
29	30
29	35
29	54
29	54
29	30
29	29
30	30
30	34
30	45
30	44
30	30
30	98
30	30
30	30
30	30
30	45
30	30
30	57
30	58
30	45
30	30
30	30
30	30
30	62
30	30
30	99
30	45
30	45
30	30
30	62
30	47
30	98
30	45
30	99
30	98
30	30
30	30
30	30
30	30
30	98
30	45
30	45
30	30
30	30
30	30
30	63
30	45
30	30
30	34
30	45
30	30
30	45
30	30
30	57
30	30
30	30
30	30
30	48
30	30
30	30
30	30
30	54
30	30
30	45
30	30
30	30
30	30
30	30
30	30
30	45
30	30
30	30
30	30
30	30
30	30
30	30
30	30
30	30
30	30
30	45
30	55
30	48
30	30
30	30
30	30
30	30
30	30
30	30
30	30
30	30
30	57
30	30
30	30
30	30
30	30
30	30
30	40
30	30
30	30
30	30
30	42
30	34
30	34
30	41
30	30
30	67
30	30
30	30
30	61
30	61
30	48
30	30
30	55
30	30
30	64
30	41
31	31
31	31
31	41
31	41
31	40
31	52
31	40
31	52
31	40
31	52
31	54
31	50
31	57
31	48
31	50
31	50
31	31
31	31
31	57
31	49
31	57
31	58
31	31
31	31
31	31
31	31
31	34
31	31
31	31
31	58
31	58
31	58
31	31
31	54
31	62
31	58
31	62
31	31
31	54
31	47
31	31
31	56
32	49
32	61
32	33
32	33
32	33
32	33
32	33
32	52
33	33
33	54
33	40
33	33
33	33
33	33
33	34
33	33
33	33
33	35
33	33
33	33
33	33
33	51
33	33
33	33
33	33
33	35
34	34
34	53
34	34
34	53
34	67
34	34
34	34
34	34
34	34
34	35
34	34
34	65
34	34
34	34
34	34
34	63
34	34
34	64
34	34
34	65
34	35
34	65
34	34
34	35
34	34
34	47
34	34
34	66
34	34
34	34
34	34
34	34
34	34
34	34
34	36
34	34
34	34
34	65
34	65
34	34
34	34
34	35
34	34
34	34
34	35
34	35
34	34
34	40
34	34
34	34
34	34
34	34
34	34
34	34
34	49
34	46
34	48
34	35
34	40
34	34
34	49
34	99
34	35
34	34
34	34
34	34
34	35
34	35
34	34
34	35
34	35
34	34
34	34
34	99
34	99
34	35
34	35
35	35
35	35
35	35
35	35
35	35
35	64
35	92
35	99
35	35
35	35
35	35
35	65
35	99
35	35
35	99
35	99
35	35
35	35
35	40
35	65
35	35
35	99
35	51
35	35
35	35
35	35
35	35
35	43
35	35
35	35
35	35
35	35
35	35
35	35
35	43
35	35
35	36
35	46
35	61
35	35
35	35
35	35
35	35
35	35
35	36
35	36
35	36
35	35
35	40
35	35
35	36
35	35
35	35
35	35
35	36
35	36
35	36
35	35
35	35
35	35
35	36
35	35
35	36
35	36
35	36
35	36
35	36
35	36
36	36
36	36
36	36
36	36
36	36
36	36
36	36
36	36
36	36
36	36
36	36
36	36
36	36
36	36
36	36
36	36
36	36
36	38
36	36
36	37
36	39
36	41
36	36
36	52
36	36
36	36
36	39
36	36
36	36
36	37
36	36
36	36
36	36
36	39
36	36
36	37
36	43
36	37
36	37
36	36
37	37
37	37
37	43
37	37
37	37
37	50
37	51
37	51
37	37
37	37
37	64
37	37
37	50
37	37
37	37
37	39
37	37
37	37
37	52
37	39
37	64
37	63
37	37
37	37
37	39
37	64
37	37
37	39
37	39
37	64
37	64
37	64
37	64
37	37
37	54
37	37
37	54
37	66
37	37
37	37
37	55
37	64
37	37
37	64
37	64
37	64
37	64
37	49
37	64
37	37
37	64
37	64
37	37
37	64
37	37
37	52
37	64
37	37
37	52
37	37
37	37
37	37
37	38
37	60
37	37
37	47
37	63
37	38
37	80
37	38
38	38
38	38
38	38
38	38
38	38
38	38
38	38
38	38
38	64
38	58
38	38
38	60
38	38
38	47
38	38
38	38
38	38
38	39
38	38
38	38
38	41
38	38
38	38
38	60
38	51
38	50
38	38
38	62
38	39
38	38
38	48
38	47
39	50
39	40
39	39
39	64
39	64
39	39
39	52
39	39
39	39
39	39
39	41
39	39
39	40
39	39
39	39
39	49
39	40
39	40
39	40
39	52
39	51
39	51
39	61
39	42
39	39
39	40
39	41
39	40
39	49
39	42
40	52
40	40
40	47
40	40
40	41
40	64
40	40
40	40
40	40
40	40
40	43
40	50
40	40
40	40
40	40
40	40
40	40
40	50
40	40
40	40
40	49
40	53
40	40
40	40
40	50
40	40
40	44
40	40
40	41
40	44
40	52
40	40
40	41
40	52
40	52
40	40
40	41
40	41
40	40
40	41
40	41
40	80
40	40
40	52
40	40
40	40
40	52
40	40
40	44
40	40
40	52
40	46
40	52
40	42
40	42
40	44
40	40
40	40
40	44
40	44
40	41
40	44
40	41
41	41
41	41
41	41
41	41
41	41
41	41
41	51
41	41
41	51
41	51
41	41
41	43
41	47
41	47
41	42
41	53
41	42
41	41
41	41
41	64
41	43
41	41
41	43
41	41
41	43
41	51
41	43
41	63
41	64
41	41
41	52
41	49
41	52
41	41
41	47
41	41
41	47
41	41
41	51
41	41
41	42
41	42
41	41
41	41
41	49
41	51
41	41
41	41
41	41
42	42
42	42
42	42
42	42
42	42
42	52
42	52
42	42
42	52
42	44
42	64
42	42
42	42
42	42
42	43
42	43
42	42
42	43
42	43
42	42
42	43
42	43
43	46
43	43
43	43
43	43
43	43
43	44
43	44
43	43
43	43
43	44
43	43
43	43
43	43
43	43
43	43
43	43
43	63
43	44
43	46
43	44
43	43
43	43
43	43
43	64
43	43
43	44
43	43
43	43
43	43
43	43
43	43
43	45
43	43
43	63
43	51
43	50
43	43
43	63
43	50
43	43
43	46
43	51
43	49
43	49
43	50
43	50
43	44
43	44
43	65
43	50
43	44
43	44
43	50
43	50
43	47
43	43
43	50
43	46
43	81
43	65
43	44
43	65
43	49
43	43
43	65
43	49
43	65
44	60
44	52
44	49
44	52
44	59
44	44
44	44
44	52
44	44
44	50
44	44
44	45
44	44
44	63
44	44
44	44
44	64
44	65
44	44
44	66
44	65
44	44
44	46
44	44
44	62
44	44
44	45
44	44
44	64
44	46
44	44
44	65
44	45
44	45
44	64
44	46
44	64
44	44
44	46
44	63
44	64
44	45
44	44
44	44
44	79
44	44
44	44
44	44
44	44
44	44
44	44
44	44
44	44
44	44
44	44
44	45
44	44
44	44
44	44
44	44
44	45
44	44
44	44
44	46
44	44
44	44
44	46
44	63
44	65
44	64
44	65
44	62
44	66
44	66
44	46
44	66
44	65
44	45
44	44
44	65
44	46
44	46
44	46
44	65
44	65
44	46
44	45
44	44
44	80
44	65
44	44
44	44
44	45
44	44
44	44
44	44
44	81
44	80
44	44
44	45
44	45
44	46
44	44
44	44
44	80
44	46
44	44
44	65
45	45
45	45
45	45
45	45
45	45
45	45
45	45
45	45
45	45
45	45
45	45
45	45
45	45
45	96
45	45
45	45
45	45
45	45
45	80
45	45
45	45
45	45
45	80
45	45
45	45
45	45
45	45
45	45
45	45
45	45
45	45
45	45
45	45
45	45
45	45
45	45
45	45
45	46
45	45
45	45
45	45
45	45
45	45
45	45
45	45
45	46
45	45
45	45
45	99
45	45
45	45
45	45
45	45
45	45
45	45
45	45
45	45
45	45
45	45
45	45
45	73
45	45
45	45
45	45
45	45
45	45
45	45
45	45
45	45
45	45
45	45
45	45
45	45
45	45
45	45
45	45
45	45
45	45
45	45
45	64
45	46
45	45
45	46
45	64
45	64
46	46
46	49
46	46
46	49
46	46
46	48
46	48
46	48
46	65
46	46
46	79
46	79
46	79
46	79
46	46
46	46
46	46
46	66
46	46
46	46
46	46
46	79
46	66
46	79
46	65
46	65
46	48
46	46
46	46
46	46
46	46
46	46
46	79
46	79
46	67
46	79
46	79
46	81
46	66
46	79
46	79
46	81
46	46
46	46
46	46
46	79
46	81
46	65
46	46
46	71
46	79
46	81
46	46
46	98
46	67
46	72
46	79
46	81
46	46
46	81
46	46
46	46
46	46
46	98
46	46
46	46
46	46
46	46
46	46
46	46
46	46
46	46
46	79
46	46
46	46
46	67
46	46
46	99
46	81
46	79
46	46
46	81
46	51
46	81
46	46
46	67
46	47
46	46
46	46
46	79
46	79
47	47
47	50
47	67
47	47
47	81
47	81
47	58
47	81
47	51
47	51
47	47
47	50
47	51
47	51
47	47
47	47
47	98
47	58
47	78
47	47
47	58
47	47
47	98
47	47
47	78
47	62
47	101
47	77
47	50
47	67
47	81
47	78
47	77
47	50
47	47
47	64
47	64
47	54
47	47
47	47
47	57
47	60
47	60
47	59
47	47
47	60
47	59
47	47
47	48
47	56
47	64
47	71
47	47
47	47
47	48
47	48
47	48
47	59
48	60
48	59
48	56
48	56
48	48
48	59
48	58
48	48
48	48
48	51
48	59
48	48
48	63
48	64
48	48
48	59
48	48
48	51
48	48
48	51
48	50
48	51
48	54
48	50
48	50
48	59
48	57
48	48
48	48
48	50
48	61
48	48
48	54
48	50
48	61
48	55
48	54
48	61
48	51
48	50
48	63
48	63
48	79
48	48
48	63
48	64
48	59
48	59
48	49
48	59
48	63
48	57
48	78
48	48
48	67
48	67
48	67
48	56
48	63
48	48
48	79
48	79
48	48
48	79
48	79
48	60
48	76
48	74
48	76
48	82
48	49
49	63
49	50
49	93
49	63
49	89
49	65
49	65
49	56
49	56
49	56
49	56
49	56
49	49
49	62
49	49
49	89
49	54
49	66
49	49
49	65
49	54
49	64
49	65
49	49
49	64
49	64
49	66
49	64
49	49
49	64
49	66
49	66
49	66
49	66
49	49
49	65
49	52
49	50
49	49
49	49
49	49
49	49
49	64
49	49
49	50
49	49
49	49
49	50
49	49
49	55
49	59
49	50
49	52
49	63
49	56
49	49
49	49
49	56
49	49
49	73
49	49
49	73
49	49
49	49
49	49
49	56
49	65
49	49
49	49
49	56
49	56
49	55
49	63
49	56
49	49
49	49
49	56
49	56
49	72
49	56
49	56
49	49
49	49
49	49
49	50
49	50
49	50
49	50
49	100
50	63
50	50
50	51
50	50
50	51
50	50
50	63
50	61
50	50
50	63
50	50
50	50
50	59
50	60
50	63
50	62
50	50
50	60
50	51
50	60
50	60
50	58
50	72
50	64
50	50
50	59
50	52
50	51
50	50
50	50
50	64
50	50
50	51
50	50
50	53
50	52
50	50
50	51
50	50
50	59
50	50
50	64
50	50
50	66
50	67
50	51
50	59
50	51
50	51
50	53
50	51
50	64
50	51
51	51
51	60
51	61
51	61
51	78
51	51
51	51
51	59
51	51
51	52
51	67
51	64
51	51
51	51
51	53
51	51
51	51
51	51
51	51
51	67
51	51
51	51
51	51
51	64
51	52
51	51
51	56
51	51
51	66
51	61
52	52
52	52
52	52
52	55
52	52
52	52
52	52
52	52
52	52
52	53
52	53
52	52
52	52
52	64
52	61
52	64
52	52
52	54
52	66
52	66
52	89
52	64
52	53
52	52
52	53
53	53
53	53
53	77
53	53
53	74
53	53
53	53
53	94
53	53
53	94
53	84
53	53
53	67
53	67
53	54
53	84
53	66
53	66
53	66
53	53
53	87
53	53
53	53
53	53
53	53
53	75
54	55
54	54
54	55
54	64
54	54
54	54
54	75
54	85
54	74
54	74
54	64
54	54
54	54
54	54
54	54
54	65
54	63
54	54
54	54
54	54
54	54
54	61
54	60
54	60
54	54
54	62
54	55
54	62
55	60
55	55
55	55
55	74
55	55
55	55
55	55
55	57
55	55
55	70
55	55
55	57
55	55
55	63
55	62
55	55
55	62
55	63
55	58
55	55
55	56
55	62
55	55
55	57
55	62
55	55
55	56
55	58
55	55
55	56
55	56
55	55
55	55
55	55
55	56
55	55
55	55
55	58
55	55
55	55
55	56
55	56
55	56
55	55
55	58
55	55
55	58
55	56
56	62
56	58
56	63
56	56
56	56
56	73
56	56
56	80
56	63
56	63
56	72
56	56
56	56
56	73
56	72
56	56
56	62
56	72
56	58
56	57
56	57
56	56
56	57
56	58
56	72
56	63
56	63
56	63
56	63
56	63
56	57
56	72
56	59
56	56
56	71
56	71
56	79
56	79
56	56
56	71
56	71
56	56
56	79
56	56
56	72
56	71
56	81
56	57
56	79
56	82
56	81
56	79
56	57
56	56
56	57
56	56
56	58
56	57
56	88
56	57
56	68
56	69
57	58
57	78
57	57
57	78
57	57
57	78
57	78
57	57
57	57
57	66
57	58
57	57
57	58
57	57
57	81
57	81
57	57
57	57
57	78
57	68
57	57
57	93
57	79
57	57
57	61
57	57
57	63
57	63
57	57
57	57
57	92
57	57
57	93
57	92
57	93
57	87
57	58
57	58
57	95
57	58
57	58
58	58
58	84
58	58
58	58
58	93
58	58
58	58
58	98
58	78
58	58
58	58
58	78
58	61
58	61
58	58
58	77
58	58
58	58
58	59
58	63
58	78
58	58
58	60
58	58
58	63
58	79
58	58
58	60
58	63
58	98
58	81
58	58
58	78
58	62
58	67
58	71
58	72
58	58
58	59
58	59
58	59
59	72
59	60
59	73
59	59
59	81
59	81
59	59
59	73
59	72
59	59
59	59
59	59
59	59
59	80
60	60
60	60
60	60
60	60
60	72
60	60
60	60
60	99
60	62
60	66
60	60
60	67
60	60
60	60
60	63
60	60
60	60
60	60
60	62
60	60
60	60
60	67
60	60
60	60
60	60
61	61
61	61
61	62
61	62
61	62
61	61
61	93
61	62
61	61
61	61
61	62
61	61
61	100
61	61
61	61
61	61
61	61
61	67
61	81
61	81
61	81
61	62
61	62
62	62
62	62
62	81
62	62
62	62
62	62
62	62
62	99
62	98
62	62
62	98
62	62
62	62
62	78
62	65
62	63
62	66
62	62
62	63
62	62
62	64
62	64
62	62
62	63
62	67
63	65
63	63
63	63
63	63
63	63
63	63
63	63
63	78
63	64
63	86
63	63
63	63
63	64
63	64
63	63
63	64
63	80
63	63
63	64
63	79
63	63
63	89
63	64
63	64
63	63
63	64
63	66
63	80
63	63
63	64
63	63
63	63
63	64
63	63
63	64
63	64
64	64
64	64
64	64
64	64
64	64
64	64
64	64
64	87
64	64
64	64
64	64
64	64
64	64
64	66
64	66
64	65
64	65
64	66
64	66
64	66
64	66
64	64
64	65
64	64
64	65
64	81
64	64
64	65
64	66
64	64
64	65
64	74
64	64
64	65
64	64
64	64
64	66
64	64
64	65
64	64
64	65
64	88
64	66
64	65
64	64
64	121
64	65
64	64
64	65
64	65
64	65
64	66
64	73
65	82
65	79
65	65
65	73
65	73
65	89
65	65
65	65
65	80
65	65
65	73
65	74
65	89
65	89
65	65
65	79
65	79
65	66
65	65
65	65
65	65
65	82
65	73
65	66
65	66
65	66
65	65
65	65
65	65
65	65
65	80
65	66
65	80
65	79
65	65
65	65
65	66
65	65
65	65
65	65
65	65
65	65
65	65
65	65
65	65
65	65
65	66
65	65
65	65
65	65
65	65
65	66
65	65
65	65
66	66
66	66
66	66
66	66
66	66
66	66
66	66
66	66
66	66
66	66
66	66
66	66
66	79
66	66
66	66
66	66
66	66
66	66
66	66
66	66
66	81
66	66
66	82
66	66
66	73
66	73
66	66
66	66
66	67
66	84
66	73
66	66
66	66
66	83
66	73
66	83
66	74
66	74
66	87
66	66
66	67
66	66
66	94
66	94
66	66
66	66
66	79
66	72
66	67
67	81
67	83
67	74
67	67
67	67
67	67
67	83
67	67
67	67
67	81
67	67
67	67
67	77
67	68
67	98
67	67
67	68
67	77
67	67
67	78
67	67
67	73
67	67
67	81
67	81
67	84
67	67
67	67
67	74
67	88
67	99
67	67
67	67
67	67
67	67
67	67
67	73
67	84
67	84
67	67
67	73
67	99
67	83
67	73
67	73
67	73
67	84
67	84
67	67
67	70
67	78
67	122
67	81
67	81
67	78
67	67
67	78
67	67
67	67
67	123
67	70
67	72
67	78
67	78
67	67
67	68
68	77
68	68
68	68
68	68
68	68
68	68
68	68
68	81
68	77
68	68
68	68
68	98
68	76
68	73
68	75
68	75
68	71
68	68
68	71
68	96
68	68
68	68
68	68
68	75
68	75
68	96
68	76
68	68
68	68
68	68
68	83
68	68
68	68
68	68
68	68
68	69
68	76
68	75
68	76
68	96
68	96
68	101
68	69
68	100
68	100
68	82
68	100
68	69
68	100
68	82
68	82
68	69
68	72
68	72
68	68
68	98
68	68
68	120
68	68
68	98
68	71
68	72
68	98
68	90
68	68
68	90
68	73
68	72
68	69
68	68
68	68
68	68
68	71
68	71
68	68
68	69
68	71
68	72
68	82
68	100
68	99
68	72
68	101
68	100
69	69
69	72
69	69
69	72
69	82
69	101
69	82
69	101
69	85
69	72
69	69
69	99
69	99
69	82
69	69
69	69
69	96
69	69
69	122
69	70
69	69
69	98
69	101
69	121
69	69
69	69
69	69
69	101
69	74
69	69
69	74
69	101
69	115
69	69
69	101
69	69
69	101
69	69
69	69
69	74
69	69
69	69
69	74
69	96
69	69
69	122
69	69
69	69
69	70
69	69
69	70
69	91
69	119
69	79
69	86
69	96
70	79
70	71
70	71
70	74
70	97
70	101
70	70
70	74
70	97
70	70
70	71
70	101
70	74
70	74
70	109
70	89
70	70
70	70
70	97
70	70
70	85
70	120
70	72
70	71
70	91
70	74
70	70
70	80
70	100
70	97
70	101
70	96
70	120
70	120
70	83
70	70
70	79
70	101
70	72
70	70
70	70
70	97
70	85
70	72
70	72
70	70
70	108
70	97
70	72
70	73
70	97
70	72
70	108
70	85
70	70
70	70
70	70
70	80
70	70
70	72
70	97
70	70
70	80
70	70
70	97
70	72
70	70
70	71
70	97
70	70
70	71
70	85
70	91
70	89
71	73
71	89
71	74
71	71
71	71
71	71
71	82
71	72
71	72
71	71
71	72
71	72
71	71
71	73
71	71
71	71
71	71
71	99
71	71
71	101
71	71
71	79
71	73
71	122
71	95
71	71
71	73
71	71
71	86
71	98
71	74
71	73
71	96
71	118
71	94
71	101
71	91
71	72
71	101
71	72
71	72
71	72
71	72
71	88
71	71
71	89
72	120
72	88
72	96
72	74
72	72
72	96
72	72
72	72
72	72
72	72
72	73
72	72
72	101
72	101
72	72
72	72
72	73
72	73
72	72
72	84
72	98
72	72
72	72
72	73
72	122
72	72
72	85
72	122
72	73
72	73
72	98
72	72
72	73
72	72
72	72
72	72
72	73
72	73
72	122
73	73
73	90
73	90
73	98
73	73
73	73
73	73
73	79
73	73
73	73
73	73
73	73
73	73
73	73
73	73
73	73
73	89
73	73
73	73
73	73
73	73
73	73
73	73
73	73
73	79
73	79
73	119
73	73
73	73
73	73
73	73
73	73
73	75
73	75
73	73
73	73
73	73
73	99
73	80
73	80
73	73
73	73
73	73
73	73
73	73
73	73
73	83
73	73
73	74
73	82
73	73
73	89
73	82
73	74
74	98
74	82
74	82
74	82
74	74
74	82
74	94
74	74
74	82
74	82
74	82
74	93
74	82
74	98
74	74
74	74
74	74
74	83
74	93
74	93
74	98
74	89
74	74
74	74
74	98
74	74
74	82
74	79
74	101
74	90
74	74
74	101
74	101
74	98
74	74
74	124
74	90
74	100
74	76
74	100
74	75
74	122
74	107
74	97
74	75
74	97
74	76
74	101
74	74
74	76
74	74
74	90
74	101
74	90
74	74
74	101
74	100
74	101
74	124
74	107
74	74
74	119
74	74
74	98
74	97
74	91
74	100
74	91
75	75
75	107
75	75
75	75
75	75
75	75
75	75
75	75
75	81
75	75
75	93
75	75
75	76
75	93
75	90
75	106
75	75
75	81
75	106
75	75
75	85
75	76
75	75
75	85
75	106
75	78
75	90
75	107
75	112
75	107
75	75
75	75
75	75
75	77
75	75
75	85
75	75
75	75
75	85
75	82
75	83
75	106
75	75
75	75
75	83
75	110
75	75
75	90
75	75
75	83
75	75
75	99
75	99
75	99
75	75
75	75
75	75
75	99
75	75
75	82
75	99
75	89
75	75
75	89
75	101
75	75
75	99
75	84
75	89
75	75
75	84
75	76
75	75
75	76
75	76
75	84
75	76
75	76
76	81
76	82
76	82
76	82
76	84
76	79
76	76
76	79
76	100
76	83
76	82
76	84
76	90
76	76
76	76
76	109
76	76
76	76
76	76
76	81
76	92
76	93
76	76
76	76
76	92
76	91
76	99
76	76
76	92
76	92
76	92
76	91
76	92
76	82
76	82
76	83
76	76
76	91
77	77
77	141
77	82
77	82
77	82
77	77
77	82
77	77
77	143
77	91
77	78
77	77
77	135
77	81
77	92
77	81
77	82
77	77
77	78
77	77
77	78
77	112
77	78
77	141
77	82
77	78
77	78
77	78
77	77
77	78
77	78
77	77
77	78
77	92
77	82
77	82
77	78
77	78
77	77
77	77
77	78
77	78
77	77
77	78
77	78
77	78
77	77
77	78
78	82
78	78
78	91
78	102
78	78
78	78
78	91
78	78
78	78
78	81
78	78
78	90
78	81
78	79
78	90
78	78
78	91
78	78
78	78
78	91
78	78
78	81
78	81
78	81
78	91
78	80
78	81
78	78
78	81
78	81
78	78
78	78
78	78
78	90
78	81
78	78
78	78
78	78
78	93
78	81
78	86
78	81
78	78
78	99
78	99
78	99
78	79
78	78
78	79
78	79
78	101
78	79
78	79
78	79
78	78
78	79
78	81
78	99
79	87
79	79
79	79
79	79
79	79
79	79
79	79
79	79
79	79
79	79
79	90
79	79
79	90
79	99
79	79
79	79
79	79
79	79
79	79
79	80
79	79
79	81
79	79
79	79
79	79
79	79
79	79
79	79
79	79
79	79
79	81
79	79
79	79
79	79
79	79
79	89
79	79
79	79
79	87
79	89
79	79
79	83
79	79
79	98
79	80
79	98
79	79
79	98
79	80
79	80
79	91
80	80
80	80
80	80
80	80
80	80
80	80
80	101
80	80
80	101
80	101
80	80
80	80
80	80
80	80
80	80
80	80
80	97
80	97
80	80
80	97
80	80
80	80
80	97
80	109
80	97
80	101
80	80
80	80
80	80
80	80
80	80
80	80
80	80
80	80
80	80
80	80
80	80
80	80
80	80
80	80
80	80
80	80
80	80
80	126
80	80
80	80
80	80
80	80
80	80
80	80
80	80
80	80
80	80
80	80
80	80
80	127
80	80
80	127
80	127
80	126
80	126
80	80
80	80
80	80
80	80
80	80
80	98
80	80
80	80
80	81
80	80
80	81
80	81
81	81
81	81
81	98
81	81
81	81
81	81
81	90
81	98
81	98
81	90
81	81
81	81
81	81
81	99
81	81
81	82
81	90
81	81
81	81
81	81
81	81
81	81
81	81
81	87
81	81
81	82
81	81
81	82
81	102
81	81
81	81
81	110
81	90
81	82
81	82
82	82
82	82
82	82
82	89
82	82
82	82
82	82
82	122
82	82
82	89
82	84
82	82
82	84
82	82
82	82
82	82
82	107
82	89
82	82
82	94
82	93
82	82
82	91
82	89
82	82
82	95
82	82
82	89
82	100
82	82
82	120
82	88
82	94
82	94
82	107
82	107
82	82
82	107
82	85
82	85
82	107
82	88
82	85
82	88
82	82
82	82
82	82
82	83
82	82
82	95
82	98
82	83
82	82
82	93
82	83
82	83
82	83
82	93
83	93
83	106
83	83
83	83
83	83
83	106
83	83
83	83
83	85
83	83
83	83
83	83
83	83
83	83
83	84
83	84
83	83
83	83
83	84
83	83
83	84
83	83
83	83
83	83
83	84
83	83
83	83
83	83
83	84
83	83
83	83
83	84
83	99
83	83
83	83
83	83
83	83
83	83
83	83
83	83
83	83
83	83
83	84
83	83
83	94
83	83
83	94
83	83
83	94
83	94
83	83
83	84
83	83
83	83
83	84
83	100
83	84
83	83
83	83
83	94
83	83
83	84
83	84
83	106
83	84
83	84
83	84
83	84
84	84
84	84
84	84
84	94
84	84
84	84
84	89
84	84
84	89
84	89
84	84
84	84
84	84
84	84
84	106
84	122
84	84
84	122
84	84
84	122
84	101
84	122
84	84
84	101
84	109
84	84
84	100
84	84
84	84
84	84
84	84
84	99
84	123
84	109
84	99
84	101
84	84
84	109
84	126
84	122
84	122
84	122
84	120
84	84
84	122
84	120
84	100
84	85
84	84
84	84
84	84
84	110
84	122
84	85
84	85
85	109
85	109
85	85
85	85
85	85
85	107
85	120
85	87
85	106
85	85
85	85
85	108
85	86
85	87
85	124
85	90
85	85
85	101
85	97
85	85
85	97
85	115
85	106
85	85
85	109
85	91
85	92
85	115
85	97
85	99
85	86
85	97
85	86
85	86
85	100
86	86
86	87
86	86
86	110
86	86
86	105
86	96
86	87
86	86
86	86
86	92
86	86
86	121
86	87
86	122
86	110
86	122
86	105
86	88
86	96
86	110
86	87
86	86
86	96
86	87
86	121
86	87
86	121
86	121
86	119
86	112
86	96
86	86
86	86
86	87
87	87
87	87
87	96
87	106
87	87
87	93
87	87
87	88
87	87
87	105
87	87
87	87
87	100
87	87
87	100
87	122
87	100
87	87
87	87
87	90
87	96
87	87
87	88
87	112
87	87
87	90
87	112
87	112
87	88
88	92
88	89
88	89
88	88
88	88
88	88
88	112
88	92
88	89
88	88
88	120
88	89
88	88
88	88
88	88
88	88
88	88
88	95
88	88
88	90
88	89
88	90
88	90
88	90
88	120
88	92
88	95
88	95
88	95
88	95
88	95
88	92
88	112
88	88
88	94
88	89
88	96
88	95
88	92
88	89
88	119
88	96
88	88
88	111
88	119
88	111
88	112
88	112
88	88
88	111
88	89
89	93
89	95
89	89
89	120
89	95
89	119
89	102
89	119
89	92
89	113
89	89
89	96
89	93
89	89
89	96
89	123
89	89
89	95
89	89
89	120
89	89
89	89
89	89
89	112
89	89
89	91
89	89
89	89
89	89
89	89
89	89
89	89
89	89
89	89
89	89
89	112
89	112
89	112
89	112
89	89
89	100
89	90
89	100
90	100
90	90
90	124
90	125
90	90
90	90
90	90
90	90
90	90
90	90
90	90
90	90
90	90
90	90
90	126
90	90
90	100
90	91
90	97
90	90
90	97
90	90
90	97
90	93
90	91
90	118
90	100
90	93
90	110
90	110
90	110
90	95
90	90
90	123
90	91
90	95
90	109
90	91
90	123
90	90
90	90
90	91
90	122
90	124
90	90
90	109
90	91
90	90
90	91
91	91
91	91
91	91
91	91
91	108
91	91
91	91
91	91
91	109
91	91
91	106
91	124
91	107
91	107
91	107
91	108
91	93
91	123
91	126
91	92
91	93
91	91
91	92
91	92
91	108
91	91
91	91
91	108
91	91
91	92
91	100
91	91
91	91
91	91
91	143
92	104
92	92
92	92
92	108
92	92
92	104
92	92
92	92
92	104
92	104
92	112
92	92
92	112
92	92
92	92
92	92
92	104
92	92
92	92
92	92
92	92
92	92
92	92
92	113
92	115
92	92
92	92
92	92
92	109
92	92
92	109
92	118
92	109
92	102
92	109
92	104
92	118
92	112
92	119
92	96
92	96
92	104
93	118
93	111
93	111
93	93
93	93
93	95
93	94
93	94
93	93
93	106
93	120
93	110
93	120
93	93
93	93
93	93
93	93
93	93
93	93
93	93
93	94
93	93
93	106
93	98
93	108
93	94
93	93
93	95
93	93
93	93
93	93
93	93
93	93
93	95
93	95
94	94
94	94
94	113
94	106
94	94
94	94
94	94
94	94
94	94
94	95
94	94
94	94
94	94
94	122
94	122
94	122
94	94
94	94
94	122
94	117
94	94
94	122
94	122
94	94
95	106
95	118
95	123
95	95
95	95
95	95
95	111
95	95
95	96
95	120
95	118
95	95
95	95
95	95
95	95
95	123
95	96
95	95
95	95
95	95
95	95
95	95
95	95
95	95
95	95
95	95
95	120
95	123
95	96
95	95
95	95
95	119
95	95
95	95
95	113
95	95
95	96
95	95
95	123
95	95
95	95
96	120
96	96
96	120
96	96
96	123
96	123
96	120
96	96
96	113
96	123
96	124
96	96
96	103
96	96
96	96
96	123
96	109
96	96
96	119
96	123
96	96
96	96
96	123
96	113
96	104
96	96
96	119
96	103
96	115
96	119
96	119
96	96
96	119
96	125
96	123
96	123
96	118
96	105
96	123
96	124
96	123
96	124
96	109
96	109
96	96
96	115
96	96
96	96
96	101
96	101
96	97
96	97
96	101
96	96
96	96
96	99
96	97
96	96
96	96
96	99
96	97
96	123
96	96
96	96
96	96
96	99
96	121
96	97
96	121
96	119
96	97
97	100
97	120
97	97
97	97
97	97
97	97
97	99
97	124
97	115
97	109
97	121
97	98
97	97
97	108
97	121
97	97
97	97
97	118
97	101
97	97
97	144
97	101
97	101
97	97
97	97
97	97
97	97
97	97
97	100
97	122
97	101
97	126
97	97
97	97
97	97
97	97
97	97
97	126
97	97
97	125
97	97
97	97
97	144
97	97
97	97
97	97
97	100
97	101
97	145
97	100
97	97
97	97
97	108
97	144
97	106
97	97
97	144
97	145
97	97
97	109
97	109
97	100
97	109
97	108
97	108
97	109
97	97
97	145
97	97
97	101
97	145
98	145
98	98
98	145
98	98
98	98
98	118
98	98
98	121
98	118
98	98
98	98
98	98
98	118
98	98
98	101
98	98
98	98
98	98
98	118
98	98
98	121
98	101
98	98
98	101
98	118
98	98
98	101
98	98
98	98
98	98
98	98
98	98
98	99
98	98
98	101
98	98
98	98
98	98
98	98
98	98
98	127
98	98
98	98
98	99
98	99
98	99
98	99
98	98
98	98
98	98
98	101
98	99
98	101
98	99
98	101
98	98
98	98
98	98
98	99
98	98
98	98
98	99
98	98
98	98
98	98
98	98
98	98
98	107
98	120
98	120
98	98
98	98
98	98
98	98
98	98
98	98
98	98
98	98
98	99
98	99
98	98
98	99
98	99
98	98
98	99
98	98
98	99
99	99
99	121
99	99
99	99
99	99
99	99
99	99
99	99
99	99
99	123
99	99
99	99
99	99
99	99
99	99
99	99
99	114
99	99
99	99
99	99
99	99
99	99
99	99
99	99
99	99
99	99
99	99
99	99
99	99
99	99
99	99
99	99
99	99
99	118
99	99
99	121
99	118
99	99
99	99
99	115
99	99
99	117
99	99
99	115
99	144
99	99
99	101
99	116
99	115
99	99
99	101
99	99
99	99
99	99
99	100
99	99
99	100
99	100
99	126
99	99
99	100
99	100
99	119
99	119
100	100
100	100
100	101
100	119
100	100
100	101
100	100
100	107
100	120
100	120
100	101
100	100
100	101
100	115
100	100
100	101
100	100
100	109
100	106
100	109
100	100
100	124
100	101
100	100
100	101
100	114
100	111
100	115
100	144
100	112
100	100
100	114
100	126
100	126
100	126
100	126
100	118
100	118
100	143
100	126
100	100
100	120
100	100
100	100
100	116
100	100
100	100
100	100
100	100
100	116
100	101
100	100
100	100
100	101
100	100
100	127
100	100
100	127
100	100
100	116
100	112
100	101
100	101
100	101
100	101
100	101
100	116
100	126
101	101
101	101
101	116
101	101
101	101
101	101
101	101
101	115
101	115
101	110
101	115
101	101
101	101
101	101
101	101
101	101
101	101
101	101
101	101
101	118
101	101
101	118
101	101
101	101
101	101
101	101
101	101
101	102
101	124
101	101
101	101
101	121
101	122
101	101
101	130
101	101
101	101
101	101
101	101
101	102
101	126
101	101
101	126
101	101
101	101
101	126
101	101
101	126
102	102
102	102
102	102
102	133
102	102
102	130
102	102
102	102
102	102
102	102
102	102
102	102
102	130
102	130
102	102
102	102
102	102
102	126
102	131
102	105
102	138
102	125
102	102
102	102
102	131
102	102
102	131
102	138
102	102
102	125
102	138
102	102
102	102
102	102
102	105
102	102
102	125
102	105
102	105
102	102
102	105
102	131
102	102
102	104
102	138
102	102
102	102
102	131
102	131
102	131
102	125
102	109
102	125
102	131
102	131
102	105
102	102
102	102
102	130
102	104
102	104
102	105
102	131
102	130
102	127
102	104
102	102
102	130
102	105
102	131
102	103
103	103
103	118
103	105
103	105
103	104
103	104
103	103
103	103
103	120
103	103
103	124
103	104
103	121
103	103
103	130
103	119
103	105
103	103
103	116
103	103
103	130
103	104
103	109
103	103
103	113
103	103
103	104
103	112
103	113
103	103
103	118
103	120
103	119
103	113
103	127
103	118
103	118
103	119
103	103
103	127
103	127
103	103
104	104
104	104
104	104
104	109
104	113
104	104
104	115
104	104
104	104
104	105
104	104
104	104
104	104
104	125
104	104
104	125
104	104
104	104
104	104
104	113
104	104
104	104
104	130
104	118
104	113
104	113
104	104
104	109
104	109
104	109
104	109
104	109
104	104
104	109
104	109
104	104
104	121
104	109
104	105
104	104
104	104
104	104
104	104
104	104
104	125
104	125
104	125
104	104
104	105
104	105
104	109
105	118
105	118
105	131
105	131
105	105
105	105
105	131
105	105
105	117
105	125
105	125
105	105
105	105
105	109
105	110
105	109
105	105
105	118
105	118
105	105
105	109
105	105
105	105
105	109
105	105
105	105
105	125
105	125
105	105
105	125
105	125
105	125
105	110
105	105
105	110
105	125
105	109
105	110
105	105
105	110
105	105
105	105
105	133
105	125
105	125
105	125
105	125
105	105
106	106
106	106
106	119
106	106
106	119
106	121
106	115
106	106
106	106
106	133
106	109
106	109
106	121
106	115
106	121
106	122
106	111
106	106
106	111
106	144
106	111
106	106
106	111
106	108
106	109
106	106
106	107
106	107
106	107
106	106
106	111
107	144
107	111
107	124
107	142
107	107
107	136
107	137
107	137
107	125
107	107
107	107
107	107
107	107
107	107
107	107
107	107
107	107
107	107
107	124
107	133
107	107
107	107
107	108
107	107
107	107
107	108
107	107
107	107
107	108
107	107
107	107
107	107
107	107
107	107
107	107
107	107
107	124
107	107
107	108
107	107
107	108
107	138
107	124
107	138
107	108
107	138
107	124
107	108
107	124
107	130
107	108
108	143
108	108
108	108
108	143
108	108
108	108
108	108
108	136
108	108
108	108
108	109
108	108
108	111
108	143
108	124
108	142
108	143
108	109
108	143
108	142
108	137
108	142
108	108
108	124
108	109
108	109
108	108
108	108
108	108
108	109
108	109
108	108
108	145
108	145
108	124
108	109
108	144
108	108
108	124
108	108
108	108
108	117
109	109
109	109
109	109
109	117
109	117
109	124
109	109
109	117
109	124
109	109
109	124
109	142
109	145
109	117
109	109
109	118
109	113
109	109
109	111
109	111
109	117
109	111
109	115
109	145
109	115
109	109
109	111
109	115
109	109
109	109
109	109
109	109
109	109
109	110
109	109
109	125
109	122
109	122
109	109
109	123
109	109
109	109
109	109
109	125
109	125
109	110
109	110
109	109
109	110
109	109
109	122
109	122
109	109
109	109
109	109
109	117
109	122
109	118
109	118
109	109
109	121
109	110
109	120
110	110
110	120
110	110
110	110
110	120
110	111
110	118
110	116
110	110
110	121
110	110
110	129
110	110
110	110
110	110
110	111
110	110
110	110
110	111
110	110
110	110
110	111
110	110
110	110
110	110
110	110
110	110
110	111
110	110
110	111
110	110
110	140
110	116
110	131
110	140
110	131
110	131
110	131
110	115
110	132
110	110
110	131
110	135
110	131
110	140
110	140
110	140
110	116
110	110
110	121
110	110
110	118
110	110
110	110
110	110
110	110
110	116
110	110
110	111
110	110
110	111
110	110
110	121
110	121
110	118
110	118
110	122
110	118
110	118
111	116
111	118
111	116
111	118
111	145
111	118
111	111
111	128
111	122
111	111
111	111
111	144
111	111
111	113
111	119
111	111
111	111
111	119
111	120
111	111
111	119
111	119
111	111
111	111
111	145
111	120
111	111
111	145
111	145
111	111
111	120
111	120
111	111
111	111
111	119
111	111
111	111
111	111
111	111
111	145
111	111
111	144
111	117
111	111
111	121
111	117
111	144
111	139
111	144
111	144
111	114
111	111
111	145
111	111
111	145
111	112
111	142
111	142
111	112
111	142
111	112
111	112
111	111
111	111
111	143
111	111
111	111
111	111
111	111
111	137
111	136
111	136
111	136
111	111
111	111
111	111
111	142
111	111
111	142
111	111
111	111
111	111
111	137
111	143
111	119
111	119
111	143
111	136
112	112
112	112
112	112
112	112
112	113
112	112
112	143
112	113
112	112
112	125
112	113
112	112
112	112
112	112
112	120
112	112
112	112
112	112
112	112
112	112
112	112
112	112
112	113
112	118
112	112
112	112
112	113
112	112
112	112
112	113
112	112
112	113
112	112
112	112
112	112
112	113
112	112
112	135
112	112
112	113
112	112
112	113
112	113
112	112
112	112
112	112
112	112
112	112
112	112
112	112
112	112
112	112
112	118
112	112
112	118
112	112
112	112
112	113
112	112
112	112
112	112
112	117
112	112
112	113
112	112
112	118
112	118
112	119
112	113
112	113
112	113
112	119
113	113
113	113
113	113
113	113
113	113
113	113
113	113
113	125
113	125
113	113
113	125
113	119
113	120
113	113
113	113
113	113
113	113
113	113
113	113
113	113
113	113
113	122
113	142
113	113
113	113
113	113
113	113
113	113
113	113
113	116
113	118
113	118
113	116
113	113
113	117
113	113
113	113
113	117
113	117
113	117
113	113
113	113
113	117
113	113
113	135
113	117
113	117
113	135
113	117
113	117
113	117
113	113
113	113
113	113
113	113
113	113
113	113
113	128
113	113
113	113
113	114
113	133
113	128
113	142
113	117
113	113
113	114
113	117
113	114
113	113
113	113
113	114
113	116
113	113
113	114
113	114
113	117
113	117
113	128
113	115
113	128
113	114
113	142
114	116
114	114
114	114
114	114
114	114
114	114
114	116
114	114
114	114
114	114
114	114
114	114
114	114
114	132
114	114
114	117
114	114
114	114
114	114
114	114
114	114
114	114
114	132
114	132
114	114
114	114
114	132
114	114
114	132
114	114
114	114
114	114
114	114
114	128
114	114
114	114
114	142
114	115
114	132
114	133
114	142
114	142
114	142
114	114
114	114
114	114
114	117
114	114
114	117
114	114
114	128
114	114
114	114
114	117
114	116
114	117
114	142
114	142
114	114
114	115
115	117
115	142
115	145
115	142
115	115
115	128
115	145
115	145
115	115
115	115
115	117
115	117
115	115
115	142
115	128
115	144
115	116
115	115
115	115
115	115
115	116
115	115
115	115
115	142
115	115
115	115
115	144
115	115
115	116
115	115
115	122
115	128
115	122
115	115
115	120
115	120
115	115
115	115
115	142
115	115
115	116
115	115
115	115
115	121
115	144
115	115
115	128
115	115
115	115
115	119
115	115
115	115
115	120
115	115
115	128
115	118
116	128
116	128
116	116
116	116
116	116
116	128
116	118
116	144
116	116
116	116
116	116
116	128
116	128
116	140
116	140
116	128
116	140
116	116
116	116
116	116
116	116
116	116
116	116
116	117
116	116
116	116
116	116
116	135
116	116
116	117
116	116
116	117
116	117
116	116
116	116
116	116
116	116
116	116
116	140
116	140
116	140
116	116
116	140
116	116
116	140
116	140
116	140
116	116
116	116
116	140
116	140
116	140
116	119
116	116
116	117
116	117
116	116
116	116
116	121
116	121
116	117
116	117
116	116
116	116
116	121
116	117
116	121
117	121
117	117
117	117
117	118
117	117
117	121
117	134
117	134
117	135
117	121
117	117
117	121
117	134
117	121
117	117
117	121
117	117
117	121
117	121
117	117
117	134
117	121
117	117
117	118
117	117
117	134
117	117
117	117
117	117
117	135
117	133
117	122
117	117
117	122
117	122
117	117
117	133
117	142
117	117
117	135
117	135
117	135
117	117
117	117
117	135
117	117
117	121
117	117
117	121
117	117
117	135
117	117
117	117
117	135
117	117
117	122
117	122
117	142
117	117
117	142
117	142
117	142
117	118
117	121
117	117
117	117
117	117
117	117
117	117
117	117
117	121
117	121
117	117
117	117
117	117
117	117
117	117
117	117
117	118
117	117
117	117
117	121
117	144
117	121
117	117
117	117
117	144
117	118
117	118
117	118
118	118
118	118
118	121
118	118
118	118
118	125
118	118
118	118
118	118
118	118
118	118
118	118
118	124
118	118
118	118
118	118
118	123
118	118
118	123
118	123
118	122
118	118
118	123
118	136
118	144
118	124
118	118
118	119
118	119
118	121
118	125
118	122
118	122
118	122
118	118
118	118
118	118
118	118
118	118
118	118
118	118
118	121
118	118
118	118
118	120
118	122
118	118
118	121
118	121
118	118
118	119
118	119
118	121
118	121
118	119
118	118
118	119
118	123
118	119
118	121
118	119
118	118
118	119
118	121
118	121
118	118
118	120
118	118
118	119
118	121
118	135
118	122
119	121
119	119
119	120
119	120
119	125
119	119
119	119
119	119
119	120
119	119
119	119
119	124
119	121
119	120
119	123
119	121
119	121
119	122
119	119
119	122
119	119
119	121
119	120
119	119
119	121
119	119
119	120
119	144
119	122
119	125
119	121
119	121
119	123
119	119
119	122
119	119
119	119
119	119
119	122
119	119
119	122
119	119
119	119
119	119
119	119
119	119
119	119
119	121
119	120
119	122
119	119
119	119
119	119
119	122
119	119
120	120
120	120
120	120
120	120
120	120
120	120
120	120
120	122
120	120
120	120
120	120
120	120
120	120
120	123
120	120
120	120
120	120
120	120
120	120
120	120
120	120
120	120
120	120
120	120
120	121
120	121
121	121
121	121
121	121
121	121
121	121
121	121
121	121
121	121
121	121
121	122
121	122
121	122
121	122
121	121
121	121
121	121
121	121
121	121
121	121
121	121
121	121
121	121
121	121
121	121
121	121
121	121
121	121
121	122
121	144
121	121
121	144
121	121
121	144
121	121
121	121
121	144
121	121
121	121
121	127
121	121
121	121
122	122
122	122
122	122
122	122
122	122
122	122
122	122
122	122
122	122
122	122
122	123
122	122
122	122
122	122
122	122
122	122
122	122
122	122
122	122
122	122
122	122
122	122
122	122
122	122
122	122
122	122
122	122
122	122
122	122
122	122
122	122
122	122
122	122
122	122
122	122
122	123
122	122
122	122
122	122
122	122
122	123
122	122
122	123
123	123
123	123
123	123
123	123
123	126
123	123
123	126
123	123
123	123
123	123
123	123
123	123
123	123
123	123
123	123
123	123
123	123
123	123
123	123
123	123
123	123
123	123
123	123
123	123
123	123
123	123
123	123
123	123
123	123
123	124
123	123
123	138
123	123
123	125
123	123
123	143
123	124
123	124
123	123
123	124
123	143
123	143
123	144
123	143
123	143
123	123
123	123
123	123
123	123
123	123
123	143
123	123
123	123
123	123
123	123
123	123
123	137
123	123
123	139
123	139
123	143
123	139
123	123
123	144
123	141
123	123
123	136
123	123
123	144
123	140
123	140
123	140
123	124
123	141
123	144
123	123
123	124
124	143
124	144
124	144
124	140
124	124
124	128
124	128
124	137
124	128
124	128
124	135
124	143
124	136
124	141
124	124
124	136
124	124
124	124
124	135
124	135
124	135
124	135
124	124
124	124
124	134
124	135
124	143
124	135
124	124
124	124
124	124
124	136
124	124
124	125
124	138
124	136
124	124
124	135
124	124
124	124
124	136
124	136
124	136
124	139
124	124
124	136
124	124
124	124
124	124
124	136
124	124
124	125
124	124
124	124
124	138
124	125
124	125
124	125
124	139
124	124
124	138
124	125
124	136
124	125
125	138
125	136
125	138
125	125
125	125
125	138
125	125
125	138
125	138
125	125
125	125
125	136
125	138
125	139
125	138
125	125
125	138
125	138
125	125
125	125
125	139
125	139
125	139
125	125
125	125
125	139
125	138
125	125
125	125
125	139
125	138
125	126
125	125
125	125
125	138
125	125
125	125
125	139
125	137
125	139
125	139
125	125
125	139
125	125
125	125
125	125
125	125
125	125
125	125
125	125
125	125
125	125
125	127
125	125
125	125
125	125
125	125
125	125
125	125
125	125
125	126
125	126
125	125
125	139
125	125
125	126
126	126
126	126
126	126
126	126
126	127
126	127
126	126
126	126
126	126
126	126
126	126
126	126
126	126
126	126
126	126
126	126
126	127
126	127
126	126
126	126
126	127
126	127
126	140
126	126
126	126
126	126
126	126
126	126
126	127
126	127
126	127
126	141
126	126
126	126
126	126
126	126
126	141
126	136
126	126
126	126
126	126
126	141
126	141
126	126
126	126
126	126
126	126
126	126
126	126
126	126
126	126
126	126
126	126
126	126
126	126
126	126
126	126
126	127
126	126
126	127
126	126
127	127
127	127
127	127
127	127
127	127
127	130
127	127
127	127
127	127
127	127
127	127
127	127
127	127
127	130
127	131
127	127
127	127
127	127
127	127
127	127
127	127
127	127
127	127
127	127
127	127
127	127
127	127
127	127
127	141
127	131
127	127
127	127
127	141
127	141
127	127
127	139
127	139
127	127
127	127
127	127
127	127
127	127
127	127
127	144
127	127
127	127
127	127
127	127
127	127
127	127
127	127
127	140
127	127
127	140
127	127
127	127
127	127
127	127
127	127
127	127
127	140
127	137
127	127
127	127
127	139
128	128
128	142
128	128
128	128
128	128
128	137
128	136
128	133
128	128
128	128
128	134
128	128
128	128
128	141
128	128
128	141
128	135
128	133
128	142
128	136
128	135
128	128
128	142
128	128
128	142
128	141
128	136
128	128
128	136
128	128
128	128
128	141
128	128
128	136
128	136
128	141
128	141
128	141
128	143
128	128
128	128
128	140
128	132
128	140
128	131
128	132
128	129
128	140
128	129
128	140
128	129
128	131
128	132
128	129
128	132
128	132
128	132
128	132
128	134
128	141
128	140
128	128
128	129
128	128
128	128
128	129
129	132
129	131
129	132
129	132
129	132
129	131
129	140
129	129
129	129
129	131
129	129
129	131
129	133
129	129
129	129
129	131
129	131
129	131
129	129
129	129
129	131
129	129
129	133
129	132
129	133
129	133
129	129
129	129
129	129
129	131
129	133
129	131
129	131
129	131
129	135
129	129
129	129
129	129
129	132
129	132
129	129
129	132
129	132
129	131
129	129
129	131
129	129
129	135
129	129
129	129
129	133
129	132
129	131
129	129
129	135
129	135
129	131
129	131
129	131
129	144
129	135
129	129
129	135
129	135
129	135
129	129
129	130
129	129
129	129
129	130
129	135
129	140
129	131
129	140
129	131
129	130
129	129
129	131
129	132
129	130
129	135
129	129
129	134
129	130
129	135
129	129
129	129
129	131
129	134
129	131
129	129
129	130
129	130
129	135
129	130
129	130
129	135
129	130
129	135
129	130
129	130
130	130
130	135
130	130
130	131
130	130
130	135
130	130
130	131
130	140
130	130
130	141
130	130
130	130
130	140
130	130
130	130
130	140
130	130
130	141
130	130
130	130
130	141
130	130
130	131
130	139
130	145
130	130
130	144
130	130
130	139
130	132
130	139
130	130
130	130
130	132
130	130
130	132
130	130
130	136
130	144
130	144
130	130
130	140
130	130
130	139
130	140
130	130
130	130
130	130
130	130
130	131
130	130
130	142
130	131
130	139
130	139
130	130
130	130
130	130
130	131
130	131
130	140
131	131
131	131
131	131
131	131
131	131
131	131
131	131
131	140
131	131
131	131
131	131
131	138
131	131
131	138
131	135
131	140
131	131
131	131
131	131
131	134
131	144
131	131
131	135
131	135
131	135
131	131
131	135
131	131
131	131
131	135
131	131
131	145
131	145
131	135
131	134
131	135
131	135
131	135
131	133
131	144
131	135
131	133
131	133
131	135
131	132
131	132
131	132
131	134
131	132
131	132
131	132
131	132
131	140
132	139
132	132
132	134
132	134
132	134
132	132
132	132
132	134
132	132
132	144
132	132
132	132
132	132
132	132
132	134
132	141
132	134
132	132
132	135
132	135
132	134
132	135
132	132
132	136
132	136
132	134
132	134
132	132
132	132
132	132
132	132
132	132
132	132
132	132
132	132
132	136
132	132
132	136
132	136
132	132
132	132
132	132
132	136
132	136
132	132
132	136
132	133
132	132
132	133
132	133
132	133
132	132
132	132
132	132
132	144
132	132
132	132
132	144
132	132
132	133
132	132
132	133
132	133
132	133
132	132
132	137
132	134
132	132
132	144
132	142
132	132
132	139
132	133
132	133
132	139
132	143
133	133
133	133
133	133
133	133
133	133
133	133
133	133
133	144
133	133
133	133
133	133
133	143
133	133
133	133
133	133
133	144
133	143
133	133
133	133
133	144
133	133
133	144
133	144
133	141
133	133
133	133
133	143
133	133
133	133
133	133
133	143
133	139
133	143
133	139
133	139
133	144
133	144
133	143
133	133
133	133
133	144
133	144
133	144
133	144
133	144
133	144
133	133
133	133
133	138
133	144
133	138
133	134
133	133
133	133
133	138
133	143
133	142
133	144
133	144
133	142
133	138
133	134
133	133
133	134
133	134
133	134
133	133
133	133
133	133
133	133
133	133
133	134
133	134
133	134
133	134
133	142
133	134
133	134
133	134
133	134
133	134
133	134
133	133
133	140
133	137
133	135
133	134
133	142
133	136
133	142
133	143
133	143
133	136
134	136
134	143
134	141
134	143
134	135
134	141
134	136
134	136
134	134
134	134
134	134
134	134
134	141
134	138
134	134
134	134
134	134
134	134
134	134
134	134
134	134
134	143
134	138
134	138
134	143
134	134
134	137
134	134
134	143
134	142
134	134
134	134
134	138
134	134
134	137
134	138
134	134
134	137
134	134
134	134
134	137
134	138
134	137
134	137
134	138
134	137
134	138
134	138
134	134
134	143
134	137
134	136
134	134
134	137
134	134
134	134
134	134
134	135
134	135
134	135
134	135
134	135
134	135
134	135
135	135
135	135
135	135
135	136
135	137
135	135
135	135
135	135
135	135
135	136
135	135
135	135
135	135
135	135
135	135
135	141
135	135
135	142
135	135
135	135
135	135
135	143
135	135
135	136
135	135
135	143
135	135
135	143
135	135
135	135
135	143
135	135
135	143
135	135
135	136
135	143
135	143
135	143
135	143
135	143
135	143
135	136
135	135
135	136
135	140
136	136
136	137
136	136
136	136
136	136
136	137
136	136
136	136
136	136
136	136
136	136
136	136
136	136
136	136
136	143
136	136
136	136
136	136
136	136
136	136
136	137
136	138
136	136
136	137
136	136
136	137
136	137
136	137
136	144
136	137
136	143
136	136
136	136
136	136
136	137
136	137
136	137
136	136
136	136
136	137
136	136
136	143
136	144
136	144
136	136
136	137
136	136
136	143
136	136
136	136
136	142
136	144
136	136
136	136
136	136
136	136
137	137
137	137
137	144
137	137
137	137
137	137
137	144
137	144
137	144
137	144
137	144
137	143
137	144
137	142
137	137
137	138
137	143
137	144
137	137
137	143
137	137
137	137
137	142
137	142
137	137
137	137
137	137
137	137
137	143
137	143
137	138
137	138
137	137
137	137
137	143
137	138
137	137
137	138
137	138
137	139
137	138
137	137
137	139
137	137
137	137
137	137
137	137
137	137
137	138
137	138
137	138
137	138
137	138
137	137
137	143
137	143
137	137
137	137
137	138
137	137
137	137
137	143
137	138
137	137
137	143
137	143
137	143
137	138
137	142
137	138
137	139
138	138
138	138
138	144
138	139
138	139
138	138
138	138
138	144
138	138
138	138
138	138
138	138
138	139
138	139
138	138
138	138
138	143
138	138
138	139
138	139
138	138
138	138
138	138
138	138
138	138
138	143
138	138
138	139
138	138
138	138
138	138
138	139
138	143
138	138
138	138
138	143
138	138
138	143
138	138
138	143
138	138
138	138
138	143
138	138
138	143
138	138
138	138
138	144
139	139
139	139
139	139
139	139
139	144
139	144
139	139
139	139
139	139
139	139
139	139
139	139
139	139
139	139
139	139
139	141
139	139
139	141
139	139
139	139
139	141
139	141
139	139
139	139
139	143
139	143
139	139
139	139
139	144
139	143
139	139
139	144
139	144
139	139
139	144
139	141
139	144
139	139
139	139
139	139
139	145
139	145
139	144
139	144
139	141
139	139
139	143
139	140
139	139
139	142
139	141
139	140
140	140
140	140
140	140
140	140
140	140
140	140
140	140
140	140
140	140
140	140
140	140
140	141
140	140
140	140
140	140
140	140
140	141
140	140
140	141
140	141
140	141
140	141
140	140
140	141
140	140
140	141
140	140
140	140
140	140
140	140
140	140
140	140
140	140
140	140
140	140
140	140
140	140
140	141
140	140
140	141
140	144
140	141
140	141
140	141
140	141
140	141
141	141
141	141
141	141
141	144
141	141
141	142
141	141
141	141
141	142
141	141
141	141
141	141
141	141
141	141
141	141
141	141
141	141
141	141
141	141
141	141
141	141
141	141
141	141
141	141
141	141
141	141
141	141
141	141
141	141
141	143
141	141
141	141
141	141
141	141
141	141
141	141
141	141
141	141
141	141
141	141
141	141
141	144
141	141
141	143
141	141
141	141
141	141
141	141
141	141
141	141
141	143
141	144
141	143
141	143
141	141
141	144
141	141
141	145
141	141
141	144
141	141
142	142
142	142
142	142
142	142
142	144
142	142
142	142
142	142
142	142
142	142
142	142
142	142
142	142
142	142
142	142
142	142
142	142
142	142
142	142
142	142
142	142
142	142
142	142
142	142
142	142
142	142
142	142
142	142
142	142
142	142
142	144
142	142
142	142
142	142
142	144
142	144
142	142
142	142
142	142
142	144
143	143
143	143
143	143
143	143
143	143
143	143
143	143
143	143
143	143
143	143
143	143
143	143
143	143
143	143
143	143
143	144
143	143
143	143
143	144
143	143
143	143
143	143
143	143
143	143
143	143
143	143
143	144
143	143
143	143
143	143
143	143
143	143
143	143
143	143
143	143
143	143
143	144
143	143
143	144
143	143
143	143
143	144
144	144
144	144
144	144
144	144
144	144
144	144
144	144
144	144
144	145
144	144
144	145
144	144
144	144
144	144
144	144
144	144
144	144
144	145
144	144
144	144
144	144
144	144
144	144
144	144
144	144
144	144
144	144
144	145
144	144
144	144
144	144
144	145
144	144
144	145
144	145
144	144
144	144
144	144
144	144
144	144
144	144
144	145
144	145
144	145
144	144
144	145
144	144
145	145
145	145
145	145
145	145
145	145
145	145
145	145
145	145
145	145
145	145
145	145
