3	4
3	3
3	20
3	8
3	4
3	3
3	9
3	17
3	3
3	9
3	33
3	3
3	3
3	16
3	3
3	3
3	4
3	4
3	3
3	30
3	27
3	4
3	31
3	3
3	3
3	3
3	3
3	27
3	9
3	9
3	3
3	4
3	3
3	4
3	3
3	3
3	3
3	3
3	31
3	3
3	3
3	3
3	31
3	3
3	21
3	3
3	33
3	4
3	22
3	31
3	24
3	31
3	3
3	3
3	4
3	3
3	4
3	3
3	3
3	31
3	4
3	4
3	4
3	3
3	4
3	35
3	4
3	3
3	21
3	3
3	3
3	33
3	3
3	21
3	3
3	4
4	4
4	4
4	4
4	21
4	4
4	21
4	21
4	20
4	4
4	21
4	4
4	4
4	4
4	4
4	33
4	21
4	4
4	31
4	4
4	31
4	6
4	4
4	4
4	4
4	31
4	9
4	4
4	9
4	4
4	4
4	4
4	9
4	8
4	4
4	27
4	8
4	27
4	17
4	27
4	6
4	4
4	4
4	4
4	5
4	5
5	5
5	6
5	5
5	5
5	31
5	5
5	5
5	5
5	5
5	7
5	7
5	7
5	5
5	16
5	5
5	6
5	5
5	5
5	16
5	5
5	6
5	17
5	5
6	6
6	6
6	36
6	17
6	6
6	6
6	27
6	6
6	6
6	6
6	6
6	6
6	17
6	6
6	7
6	17
6	7
6	17
6	17
6	17
6	17
7	16
7	17
7	16
7	27
7	8
7	7
7	7
7	7
7	7
7	7
7	7
7	7
7	7
7	7
7	7
7	18
7	7
7	7
7	7
7	7
7	24
7	8
7	7
7	8
7	14
7	23
7	9
7	8
7	7
7	8
7	7
7	8
7	7
7	8
7	8
8	14
8	8
8	14
8	24
8	8
8	8
8	8
8	11
8	8
8	8
8	14
8	8
8	8
8	14
8	8
8	25
8	8
8	8
8	25
8	9
8	8
8	8
8	12
8	8
8	14
8	8
8	8
8	16
8	12
8	8
8	18
8	8
8	8
8	8
8	12
8	8
8	12
8	18
8	8
8	14
8	8
8	8
8	8
8	16
8	36
8	8
8	30
8	8
8	8
8	36
8	16
8	8
8	17
8	16
8	8
8	9
8	9
8	9
8	9
8	9
8	14
8	14
9	9
9	9
9	9
9	17
9	9
9	17
9	9
9	9
9	9
9	17
9	18
9	17
9	13
9	21
9	9
9	9
9	9
9	9
9	9
9	9
9	9
9	24
9	24
9	24
9	9
9	9
9	29
9	28
9	9
9	9
9	9
9	9
9	9
9	20
9	10
9	9
9	29
9	10
9	9
9	9
9	9
9	9
9	9
9	9
9	28
9	13
9	22
9	28
9	9
9	9
9	9
9	28
9	9
9	9
9	24
9	9
9	24
9	24
9	24
9	24
9	23
9	23
9	23
9	23
9	9
9	24
9	12
10	11
10	10
10	10
10	10
10	27
10	18
10	14
10	18
10	10
10	14
10	10
10	10
10	10
10	18
10	10
10	18
10	14
10	14
10	10
10	10
10	24
10	25
10	10
10	10
10	10
10	14
10	10
10	24
10	22
10	10
10	14
10	10
10	14
10	10
10	10
10	10
10	10
10	14
10	66
10	14
10	22
10	14
10	10
10	14
10	10
10	10
10	10
10	10
10	74
10	10
10	10
10	11
10	10
10	10
10	10
10	10
10	11
10	67
10	11
10	10
10	11
10	25
10	10
10	10
10	11
10	11
10	24
10	20
10	10
10	10
10	10
10	10
10	11
11	11
11	11
11	11
11	11
11	11
11	11
11	11
11	11
11	11
11	11
11	11
11	11
11	11
11	11
11	11
11	11
11	11
11	11
11	11
11	11
11	25
11	11
11	11
11	11
11	25
11	11
11	13
11	11
11	23
11	25
11	12
11	11
11	22
11	12
11	11
11	12
11	23
11	23
11	23
11	12
11	23
11	12
11	12
11	22
11	11
11	11
11	24
11	25
11	11
11	12
11	11
11	12
11	22
11	12
11	25
11	11
11	16
11	33
11	22
12	12
12	12
12	15
12	12
12	12
12	12
12	23
12	12
12	15
12	12
12	22
12	47
12	12
12	12
12	36
12	12
12	36
12	12
12	12
12	22
12	12
12	12
12	12
12	12
12	23
12	12
12	12
12	12
12	18
12	12
12	33
12	37
12	18
12	22
12	17
12	36
12	22
12	69
12	12
12	73
12	12
12	12
12	39
12	24
12	25
12	12
12	22
12	12
12	12
12	73
12	12
12	12
12	12
12	39
12	12
12	39
12	12
12	22
12	13
12	12
12	22
12	12
12	35
12	22
12	13
12	22
13	13
13	13
13	13
13	13
13	13
13	22
13	22
13	13
13	22
13	13
13	22
13	36
13	18
13	36
13	22
13	13
13	26
13	34
13	26
13	13
13	33
13	26
13	13
13	13
13	13
13	13
13	13
13	13
13	31
13	86
13	13
13	13
13	26
13	26
13	13
13	13
13	25
13	13
13	13
13	26
13	13
13	26
13	26
13	13
13	26
13	13
13	13
13	77
13	13
13	26
13	13
13	20
13	27
13	13
13	13
13	13
13	13
13	13
13	13
13	13
13	13
13	26
13	26
13	13
13	13
13	13
13	40
13	27
13	26
13	25
13	13
13	13
13	40
13	13
13	13
13	14
13	20
13	14
13	13
13	13
13	18
13	14
13	21
14	40
14	18
14	18
14	73
14	14
14	21
14	14
14	40
14	14
14	14
14	14
14	40
14	88
14	21
14	15
14	18
14	14
14	18
14	14
14	15
14	14
14	18
14	15
14	40
14	18
14	14
14	14
14	14
14	18
14	14
14	14
14	14
14	40
14	31
14	14
14	14
14	40
14	18
14	14
14	14
14	18
14	88
14	18
14	88
14	15
14	14
14	14
14	31
14	14
14	14
14	14
14	18
14	14
14	18
14	31
14	23
14	15
14	14
14	18
14	24
14	15
14	40
14	16
14	24
14	36
14	24
14	18
14	15
14	15
14	14
14	17
14	14
15	15
15	38
15	15
15	15
15	88
15	15
15	40
15	15
15	30
15	38
15	15
15	15
15	15
15	16
15	16
15	31
15	15
15	18
15	17
15	36
15	15
15	36
15	15
15	31
15	15
15	35
15	30
15	15
15	35
15	15
15	35
15	15
15	15
15	15
15	88
15	35
15	28
15	35
15	15
15	47
15	28
15	15
15	15
15	31
15	30
15	30
15	30
15	15
15	27
15	15
15	27
15	88
15	31
15	38
15	31
15	15
15	22
15	16
15	15
15	39
15	16
15	39
15	40
15	15
15	20
15	15
15	16
15	22
15	34
15	34
15	16
15	22
15	37
15	15
15	39
15	15
15	16
15	16
16	38
16	38
16	37
16	37
16	22
16	37
16	23
16	17
16	23
16	17
16	31
16	23
16	73
16	23
16	23
16	22
16	37
16	38
16	38
16	17
16	16
16	16
16	16
16	16
16	16
16	16
16	22
16	17
16	36
16	19
16	17
16	76
16	16
16	30
16	17
16	21
16	16
16	37
16	39
16	16
16	16
16	16
16	16
16	17
16	76
16	76
16	21
16	27
17	41
17	76
17	27
17	30
17	17
17	30
17	36
17	27
17	30
17	46
17	17
17	17
17	17
17	17
17	31
17	32
17	36
17	17
17	17
17	17
17	75
17	18
17	17
17	36
17	18
17	36
17	17
17	18
17	18
18	36
18	18
18	37
18	22
18	18
18	18
18	36
18	36
18	36
18	22
18	18
18	36
18	18
18	18
18	36
18	18
18	18
18	39
18	18
18	18
18	88
18	40
18	18
18	18
18	36
18	18
18	18
18	22
18	18
18	40
18	18
18	88
18	18
18	18
18	36
18	35
18	35
18	18
18	18
18	18
18	18
18	18
18	18
18	18
18	47
18	35
18	35
18	18
18	34
18	34
18	18
18	34
18	47
18	19
18	19
18	18
18	19
18	33
19	32
19	32
19	34
19	19
19	40
19	19
19	19
19	19
19	19
19	19
19	19
19	26
19	19
19	19
19	19
19	46
19	19
19	19
19	28
19	34
19	21
19	41
19	44
19	32
19	32
19	19
19	42
19	32
19	40
19	20
19	19
19	21
19	21
19	40
19	33
19	19
19	19
19	40
19	19
19	40
19	44
19	47
19	33
19	30
19	47
19	36
19	36
19	31
19	30
19	30
20	29
20	47
20	26
20	34
20	26
20	20
20	21
20	28
20	21
21	22
21	22
21	36
21	22
21	27
21	27
21	21
21	21
21	22
21	23
21	23
21	23
22	23
22	22
22	23
22	22
22	22
22	23
22	23
22	25
22	23
22	22
22	23
22	36
22	22
22	22
22	22
22	22
22	22
22	22
22	22
22	22
22	22
22	22
22	22
22	36
22	22
22	36
22	47
22	22
22	22
22	37
22	37
22	24
22	22
22	22
22	22
22	22
22	22
22	22
22	25
22	22
22	22
22	22
22	22
22	22
22	22
22	22
22	22
22	22
22	22
22	22
22	23
22	22
22	37
22	22
22	22
22	22
22	22
22	22
22	25
22	25
22	22
22	22
22	23
22	23
22	22
23	37
23	23
23	23
23	25
23	26
23	23
23	37
23	25
23	23
23	26
23	23
23	26
23	23
23	23
23	23
23	23
23	23
23	23
23	23
23	23
23	23
23	23
23	23
23	23
23	23
23	23
23	23
23	23
23	23
23	23
23	23
23	23
23	23
23	23
23	24
23	24
23	24
23	23
23	23
23	23
23	23
23	23
23	23
23	24
23	23
23	23
23	24
23	24
23	24
23	24
23	23
23	23
23	23
23	23
23	24
23	24
23	24
24	24
24	24
24	24
24	24
24	24
24	24
24	24
24	24
24	29
24	24
24	24
24	24
24	24
24	24
24	24
24	24
24	24
24	24
24	24
24	24
24	24
24	25
24	25
24	24
24	25
24	24
24	25
24	24
24	24
24	24
24	25
24	24
24	24
24	24
24	25
24	25
24	26
24	25
24	25
24	25
24	25
24	25
24	24
24	25
24	25
24	24
24	24
24	25
24	24
24	24
25	25
25	25
25	25
25	25
25	26
25	29
25	25
25	25
25	25
25	25
25	25
25	26
25	25
25	25
25	25
25	25
25	25
25	25
25	25
25	25
25	25
25	25
25	25
25	25
25	26
25	26
25	25
25	25
25	25
25	25
25	25
25	25
25	25
25	25
25	25
25	25
25	25
25	27
25	25
25	25
25	25
25	25
25	25
25	25
25	34
25	35
25	25
25	25
25	26
25	25
25	26
26	26
26	26
26	26
26	26
26	26
26	26
26	34
26	34
26	34
26	34
26	40
26	26
26	34
26	26
26	34
26	35
26	26
26	40
26	26
26	26
26	27
26	26
26	26
26	26
26	26
26	40
26	34
26	35
26	26
26	26
26	29
26	26
26	26
26	26
26	34
26	27
26	26
26	26
26	27
26	26
26	34
26	26
26	26
26	26
26	41
26	27
26	34
26	34
26	26
26	26
26	47
26	47
26	26
26	26
26	34
26	26
26	26
26	26
26	26
26	28
27	34
27	34
27	34
27	27
27	27
27	29
27	35
27	35
27	27
27	30
27	27
27	29
27	27
27	30
27	47
27	30
27	27
27	27
27	27
27	35
27	27
27	28
27	29
27	47
27	30
27	30
27	30
27	27
27	27
27	29
27	27
27	27
27	27
27	30
27	27
27	30
27	27
27	27
27	35
27	27
27	30
27	27
27	35
27	27
27	30
27	30
27	39
27	28
27	38
27	27
27	47
27	47
27	30
27	29
27	27
27	47
27	31
27	28
28	28
28	28
28	30
28	28
28	29
28	44
28	44
28	28
28	44
28	45
28	44
28	31
28	28
28	29
28	29
28	28
28	46
28	28
28	44
28	28
28	32
28	46
28	28
28	44
28	28
28	28
28	31
28	31
28	32
28	32
28	44
28	28
28	31
28	31
28	44
28	31
28	31
28	28
28	45
29	29
29	29
29	29
29	44
29	29
29	29
29	29
29	29
29	31
29	29
29	44
29	29
29	46
29	29
29	29
29	29
29	30
29	30
29	38
30	30
30	30
30	30
30	30
30	30
30	30
30	30
30	30
30	66
30	30
30	74
30	30
30	30
30	30
30	30
30	30
30	35
30	35
30	30
30	30
30	125
30	88
30	30
30	31
30	31
31	120
31	40
31	35
31	36
31	35
31	46
31	46
31	31
31	33
31	33
31	44
31	46
31	31
31	33
31	31
31	45
31	46
31	34
31	31
31	31
31	32
31	35
31	46
31	44
31	50
31	45
31	50
31	49
31	45
31	35
31	45
31	33
31	31
31	31
31	49
31	35
31	49
31	35
31	31
31	31
31	35
31	33
32	33
32	32
32	32
32	33
32	32
32	35
32	47
32	47
32	35
32	32
32	35
32	35
32	32
32	35
32	33
32	35
32	32
32	47
32	32
32	32
32	42
32	38
32	32
32	32
32	37
32	38
32	32
32	45
32	36
32	32
32	32
32	40
32	39
32	48
32	32
32	46
32	46
32	46
32	37
32	46
32	32
32	32
32	36
32	40
32	36
32	41
32	41
32	41
32	36
32	33
33	33
33	41
33	33
33	35
33	35
33	42
33	42
33	33
33	33
33	33
33	33
33	76
33	41
33	33
33	41
33	35
33	41
33	35
33	33
33	33
33	33
33	33
33	33
33	33
33	33
33	33
33	33
33	35
33	34
33	35
33	35
33	33
33	41
33	33
33	33
33	33
33	35
33	41
33	34
33	41
33	33
33	36
33	33
33	33
33	33
33	34
33	40
33	34
33	40
33	33
33	44
33	36
33	33
33	36
33	37
33	36
33	36
33	34
33	34
33	34
33	33
34	34
34	70
34	34
34	34
34	35
34	35
34	35
34	50
34	35
34	35
34	35
34	35
34	34
34	35
34	34
34	34
34	34
34	34
34	34
34	34
34	34
34	34
34	34
34	34
34	75
34	34
34	34
34	34
34	34
34	34
34	34
34	34
34	34
34	34
34	35
34	34
34	34
34	34
34	34
34	34
34	34
34	34
34	34
34	34
34	34
34	34
34	41
34	34
34	35
34	47
34	34
34	34
34	35
34	34
34	34
34	35
34	35
35	35
35	35
35	35
35	35
35	35
35	35
35	35
35	35
35	35
35	35
35	35
35	35
35	69
35	35
35	35
35	35
35	35
35	35
35	35
35	35
35	35
35	35
35	35
35	35
35	35
35	72
35	35
35	35
35	47
35	47
35	35
35	35
35	35
35	35
35	35
35	35
35	35
35	88
35	36
35	36
35	36
35	36
36	36
36	36
36	36
36	40
36	36
36	36
36	36
36	36
36	40
36	36
36	88
36	36
36	36
36	36
36	36
36	36
36	36
36	36
36	36
36	50
36	36
36	36
36	36
36	36
36	36
36	36
36	36
36	36
36	36
36	36
36	36
36	36
36	38
36	38
36	37
36	37
36	37
37	37
37	37
37	37
37	37
37	68
37	37
37	37
37	37
37	37
37	47
37	38
37	37
37	67
37	67
37	68
37	38
37	37
37	37
37	45
37	37
37	37
37	38
37	37
37	38
37	38
37	53
38	39
38	38
38	38
38	38
38	69
38	65
38	68
38	38
38	50
38	65
38	64
38	38
38	65
38	67
38	78
38	38
38	68
38	43
38	38
38	106
38	38
38	38
38	39
38	39
38	40
38	68
38	67
38	39
38	88
38	87
38	66
38	39
38	89
39	39
39	39
39	39
39	39
39	72
39	39
39	89
39	89
39	39
39	89
39	89
39	39
39	88
39	39
39	39
39	39
39	89
39	70
39	40
39	39
39	68
39	68
39	43
39	39
39	67
39	39
39	73
39	44
39	39
39	39
39	73
39	66
39	68
39	40
40	43
40	68
40	67
40	43
40	43
40	40
40	40
40	49
40	44
40	40
40	44
40	44
40	44
40	88
40	40
40	44
40	44
40	40
40	106
40	40
40	41
40	40
40	40
40	44
40	40
40	67
40	44
40	43
40	42
40	40
40	41
40	44
40	40
40	44
40	77
40	50
40	65
40	40
40	44
40	47
40	41
40	40
40	41
40	41
40	40
40	41
41	66
41	41
41	41
41	41
41	41
41	43
41	41
41	41
41	41
41	59
41	41
41	85
41	41
41	77
41	77
41	77
41	46
41	77
41	65
41	77
41	64
41	46
41	64
41	41
41	77
41	41
41	77
41	41
41	41
41	41
41	41
41	65
41	78
41	64
41	41
41	41
41	42
41	41
41	44
41	42
41	41
41	41
41	41
41	76
41	76
41	41
41	41
41	70
41	78
42	48
42	42
42	107
42	54
42	43
42	42
42	77
42	55
42	50
42	52
42	43
42	42
42	42
42	42
42	42
42	55
42	42
42	42
42	42
42	51
42	65
42	42
42	76
42	65
42	67
42	43
42	65
42	43
42	66
42	92
42	42
42	43
42	92
42	45
42	43
42	43
42	92
43	43
43	43
43	43
43	43
43	43
43	43
43	43
43	43
43	61
43	43
43	43
43	66
43	43
43	61
43	61
43	43
43	43
43	44
43	50
43	43
43	54
43	43
43	43
43	101
43	91
43	91
43	43
43	104
43	53
43	64
43	64
43	64
43	64
43	54
43	50
43	44
43	77
43	43
43	44
43	44
43	44
43	68
43	50
44	44
44	65
44	65
44	53
44	69
44	53
44	51
44	52
44	53
44	45
44	68
44	65
44	47
44	50
44	44
44	44
44	66
44	44
44	68
44	46
44	68
44	55
44	68
44	65
44	67
44	44
44	70
44	68
44	44
44	68
44	46
44	44
44	44
44	44
44	65
44	66
44	46
44	46
44	68
45	90
45	47
45	45
45	45
45	45
45	45
45	67
45	49
45	45
45	45
45	45
45	45
45	45
45	49
45	49
45	49
45	45
45	45
45	45
45	45
45	45
45	45
45	45
45	66
45	45
45	67
45	67
45	56
45	66
45	67
45	49
45	45
45	45
45	45
45	45
45	49
45	49
45	45
45	49
45	45
45	45
45	53
45	85
45	49
45	46
45	48
45	46
45	46
45	45
45	45
45	67
45	45
45	48
45	45
45	50
45	66
45	45
45	45
45	48
45	46
45	66
45	66
46	77
46	46
46	66
46	50
46	46
46	46
46	47
46	46
46	66
46	46
46	49
46	46
46	48
46	46
46	48
46	46
46	46
46	48
46	46
46	46
46	46
46	65
46	121
46	46
46	47
46	46
46	46
46	46
46	46
46	61
46	46
46	70
46	46
46	112
46	48
46	48
46	48
46	48
46	117
46	46
46	46
46	46
46	49
46	47
46	46
46	46
46	46
46	47
46	47
46	66
46	68
46	46
46	47
46	65
46	117
46	117
46	55
46	56
46	46
46	117
46	100
46	47
46	117
46	46
46	46
46	84
46	47
46	46
46	117
46	47
46	47
47	117
47	65
47	47
47	117
47	49
47	49
47	47
47	47
47	47
47	65
47	117
47	47
47	47
47	47
47	117
47	50
47	87
47	65
47	119
47	47
47	100
47	47
47	51
47	47
47	48
47	68
47	47
47	47
47	47
47	47
47	47
47	47
47	112
47	47
47	47
47	72
47	47
47	47
47	47
47	47
47	47
47	47
48	48
48	48
48	48
48	48
48	48
48	67
48	48
48	48
48	48
48	48
48	48
48	48
48	48
48	48
48	48
48	48
48	48
48	48
48	48
48	48
48	48
48	48
48	48
48	48
48	49
48	48
48	49
49	49
49	49
49	49
49	49
49	49
49	49
49	49
49	85
49	49
49	49
49	49
49	49
49	50
49	49
49	53
49	85
49	49
49	85
49	49
49	85
49	84
49	49
49	49
49	50
49	49
49	49
49	49
49	85
49	50
49	50
49	55
49	49
49	49
49	51
49	52
50	57
50	50
50	50
50	71
50	52
50	54
50	53
50	50
50	50
50	54
50	50
50	50
50	50
50	55
50	65
50	57
50	57
50	51
50	50
50	50
50	50
50	67
50	52
50	55
50	55
50	54
50	66
50	79
50	79
50	56
50	65
50	65
50	53
50	53
50	50
50	65
50	68
50	56
50	50
50	50
50	50
50	58
50	58
50	99
50	53
50	50
50	51
50	50
50	59
50	92
50	50
50	53
50	53
50	50
50	51
50	54
51	54
51	59
51	59
51	51
51	51
51	59
51	59
51	101
51	51
51	51
51	51
51	52
51	52
51	76
51	57
51	57
51	51
51	76
51	84
51	85
51	58
51	53
51	58
51	77
51	52
51	58
51	51
51	57
52	57
52	55
52	55
52	56
52	56
52	56
52	52
52	52
52	52
52	52
52	55
52	52
52	52
52	52
52	52
52	52
52	77
52	52
52	77
52	52
52	77
52	77
52	77
52	52
52	71
52	52
52	78
52	78
52	77
52	78
53	53
53	110
53	78
53	68
53	56
53	70
53	68
53	53
53	59
53	68
53	58
53	53
53	55
53	53
53	71
53	65
53	53
53	53
53	89
53	53
53	89
53	59
53	92
53	65
53	53
53	87
53	53
53	55
53	64
53	64
53	64
53	68
53	54
53	64
53	64
54	89
54	68
54	77
54	54
54	65
54	77
54	64
54	64
54	78
54	55
54	73
54	85
54	54
54	64
54	55
54	54
54	64
54	64
54	54
54	64
54	64
54	54
54	54
54	65
54	64
54	64
54	88
54	61
54	55
54	64
54	54
54	64
54	77
54	64
54	77
54	54
54	77
54	66
54	90
54	64
54	77
54	77
54	55
54	55
55	64
55	55
55	79
55	55
55	66
55	55
55	55
55	55
55	55
55	56
55	78
55	55
55	55
55	55
55	92
55	55
55	55
55	63
55	55
55	56
55	56
55	56
55	92
55	92
55	59
55	66
55	55
55	59
55	56
55	88
56	65
56	56
56	56
56	56
56	56
56	57
56	72
56	56
56	71
56	72
56	58
56	56
56	76
56	56
56	79
56	58
56	56
56	71
56	79
56	70
56	78
56	78
56	66
56	79
56	84
56	77
56	74
56	78
56	57
56	90
56	56
56	64
56	77
56	77
56	82
56	56
56	66
56	56
56	56
56	82
56	90
56	90
56	57
56	61
56	87
57	90
57	57
57	57
57	89
57	57
57	74
57	58
57	62
57	64
57	57
57	57
57	82
57	57
57	90
57	73
57	57
57	74
57	57
57	74
57	57
57	74
57	57
57	57
57	71
57	57
57	74
57	71
57	71
57	84
57	73
57	58
57	57
57	74
57	57
57	57
57	74
57	74
57	90
57	57
57	57
57	74
57	79
57	57
57	79
57	79
57	57
57	79
57	71
57	64
57	74
57	58
57	57
57	78
57	71
57	57
57	57
57	58
57	71
57	58
57	58
58	58
58	58
58	65
58	58
58	71
58	58
58	78
58	70
58	79
58	85
58	58
58	58
58	76
58	58
58	68
58	59
58	58
58	58
58	58
58	74
58	70
58	67
58	90
58	78
58	58
58	84
58	68
58	59
58	84
58	68
58	110
58	109
58	109
59	66
59	77
59	59
59	70
59	109
59	59
59	59
59	59
59	68
59	63
59	68
59	94
59	59
59	65
59	92
59	59
59	92
59	92
59	110
59	110
59	82
59	110
59	110
59	59
59	110
59	59
59	63
59	110
59	78
59	63
59	84
59	59
59	62
59	71
59	85
59	62
59	93
59	83
59	83
60	60
60	60
60	61
60	60
60	70
60	60
60	60
60	60
60	60
60	60
60	60
60	80
60	80
60	60
60	93
60	82
60	82
60	70
60	91
60	93
60	70
60	60
60	60
60	60
60	60
60	61
60	60
60	71
60	60
60	60
60	61
60	71
60	63
60	60
60	89
60	91
60	60
60	89
60	61
60	87
60	60
60	92
60	60
60	92
60	89
60	61
60	60
60	60
60	92
60	92
60	61
60	63
60	60
60	60
60	60
61	61
61	61
61	89
61	61
61	87
61	92
61	61
61	61
61	107
61	88
61	69
61	89
61	62
61	61
61	61
61	61
61	110
61	63
61	61
61	61
61	61
61	83
61	89
61	62
61	89
61	71
61	71
61	87
61	89
61	87
61	89
61	89
61	71
61	88
61	61
61	86
61	71
61	88
61	88
61	61
61	69
61	89
61	61
61	89
61	71
61	61
61	61
61	61
61	61
61	61
61	61
61	61
61	61
61	61
61	61
61	61
61	61
61	61
61	61
61	61
61	61
61	69
61	64
61	63
61	61
61	64
61	61
61	88
61	87
61	62
61	61
61	61
61	83
61	61
61	70
61	93
61	62
61	64
61	63
62	62
62	62
62	71
62	78
62	78
62	110
62	91
62	75
62	84
62	86
62	93
62	62
62	86
62	83
62	79
62	93
62	79
62	62
62	108
62	86
62	62
62	62
62	87
62	92
62	92
62	83
62	92
62	92
62	92
62	62
62	77
62	86
62	93
62	83
62	78
62	93
62	84
62	62
62	88
62	62
62	62
62	81
62	80
62	109
62	86
62	78
62	62
62	81
62	88
62	86
62	62
62	88
62	82
62	80
62	85
62	83
62	86
62	83
62	91
63	68
63	86
63	79
63	63
63	109
63	84
63	71
63	78
63	86
63	91
63	86
63	63
63	108
63	63
63	108
63	71
63	63
63	71
63	93
63	63
63	64
63	85
63	63
63	63
63	63
63	74
63	63
63	86
63	63
63	63
63	63
63	107
63	107
63	107
63	105
64	80
64	66
64	67
64	77
64	77
64	85
64	64
64	73
64	64
64	64
64	64
64	67
64	119
64	80
64	67
64	93
64	73
64	67
64	67
64	79
64	64
64	94
64	67
64	64
64	64
64	77
64	78
64	78
64	77
64	77
64	78
64	105
64	79
64	77
64	78
64	67
64	78
64	65
64	64
64	93
64	65
64	111
64	64
64	64
64	64
64	70
64	70
64	69
64	64
64	65
64	66
64	78
65	69
65	68
65	65
65	65
65	65
65	68
65	66
65	65
65	66
65	65
65	66
65	66
65	65
65	65
65	90
65	68
65	69
65	103
65	105
65	65
65	65
65	65
65	66
65	65
65	74
65	66
65	73
65	73
66	66
66	74
66	66
66	66
66	67
66	103
66	103
66	122
66	68
66	66
66	68
66	66
66	66
66	66
66	68
66	67
66	67
66	66
66	78
66	110
66	78
66	66
66	66
66	88
66	66
66	66
66	66
66	66
66	71
66	66
66	66
66	66
66	66
66	66
66	82
66	68
66	67
67	67
67	67
67	67
67	87
67	67
67	67
67	77
67	68
67	123
67	67
67	67
67	67
67	67
67	67
67	76
67	69
67	67
67	67
67	67
67	67
67	67
67	67
67	67
67	69
67	67
67	67
67	67
67	67
67	67
67	68
67	67
67	67
67	67
67	68
67	71
68	77
68	68
68	68
68	71
68	68
68	68
68	71
68	68
68	77
68	76
68	68
68	69
68	120
68	68
68	68
68	85
68	68
68	68
68	69
68	109
68	68
68	68
68	68
68	68
68	68
68	120
68	68
68	84
68	68
68	68
68	120
68	68
68	68
68	68
68	70
68	68
68	120
68	70
68	120
68	68
68	85
68	68
68	110
68	69
68	78
68	78
68	68
68	76
68	69
68	77
68	68
68	68
68	108
68	69
68	69
69	69
69	69
69	69
69	69
69	70
69	69
69	69
69	69
69	69
69	69
69	69
69	88
69	69
69	69
69	80
69	69
69	69
69	69
69	69
69	80
69	70
69	69
69	69
69	69
69	80
69	69
69	79
69	80
69	80
69	79
69	69
69	70
69	69
69	69
69	70
69	70
69	69
69	71
69	71
69	69
69	69
69	69
69	69
69	69
69	69
69	70
69	69
69	69
69	70
69	70
70	70
70	70
70	70
70	70
70	70
70	70
70	70
70	95
70	70
70	70
70	95
70	70
70	121
70	70
70	70
70	95
70	104
70	70
70	70
70	70
70	70
70	70
70	70
70	70
70	70
70	70
70	70
70	70
70	70
70	70
70	70
70	70
70	70
70	104
70	70
70	70
70	70
70	70
70	70
70	70
70	95
70	70
70	110
70	110
70	70
70	70
70	110
70	70
70	70
70	70
70	70
70	70
70	70
70	70
70	70
70	70
70	78
70	70
70	70
70	70
70	79
70	70
70	70
70	84
70	84
70	70
70	70
70	93
70	70
70	93
70	93
70	81
70	71
70	78
70	79
70	70
70	78
70	70
70	93
70	93
71	71
71	71
71	76
71	77
71	78
71	71
71	78
71	77
71	79
71	74
71	71
71	71
71	105
71	71
71	85
71	104
71	71
71	71
71	75
71	107
71	78
71	78
71	103
71	71
71	94
71	71
71	94
71	84
71	80
71	84
71	94
71	78
71	71
71	71
71	94
71	71
71	77
71	82
71	82
71	76
71	71
71	77
71	75
71	100
71	110
71	78
71	91
71	95
71	85
71	119
71	72
71	121
71	71
71	85
71	72
71	71
72	72
72	85
72	72
72	109
72	95
72	72
72	126
72	119
72	72
72	73
72	125
72	72
72	72
72	119
72	125
72	125
72	125
72	105
72	125
72	124
72	125
72	124
72	120
72	72
72	125
72	124
72	124
72	72
72	72
72	72
72	72
72	125
72	72
72	72
72	72
72	72
72	72
72	105
72	105
72	72
72	72
72	72
72	88
72	72
72	72
72	83
72	72
72	72
72	72
72	72
72	72
72	72
72	72
72	72
72	77
72	72
72	72
72	72
72	72
72	83
72	72
72	89
72	73
72	89
72	72
72	88
72	88
72	129
72	89
72	89
72	72
72	73
72	73
73	73
73	82
73	73
73	73
73	88
73	88
73	84
73	108
73	90
73	73
73	88
73	73
73	88
73	73
73	73
73	73
73	73
73	74
73	91
73	74
73	74
73	76
73	96
73	74
73	96
73	74
73	74
73	74
73	90
73	74
73	90
73	73
73	74
73	74
73	74
73	74
73	74
73	105
74	74
74	74
74	74
74	90
74	76
74	97
74	76
74	93
74	74
74	74
74	74
74	74
74	74
74	74
74	75
74	77
74	122
74	74
74	90
74	75
74	75
74	74
74	74
74	79
74	74
74	74
74	74
74	74
74	74
74	74
74	74
74	75
74	74
74	75
74	96
74	90
74	75
74	75
74	75
74	75
74	85
74	75
75	94
75	94
75	94
75	75
75	75
75	75
75	85
75	75
75	81
75	106
75	75
75	104
75	104
75	75
75	75
75	104
75	119
75	121
75	121
75	75
75	75
75	75
75	104
75	75
75	75
75	94
75	75
75	75
75	75
75	75
75	75
75	75
75	75
75	75
75	95
75	95
75	76
75	95
75	95
75	75
75	118
75	116
75	116
75	75
75	75
75	101
75	116
75	98
75	100
75	114
75	98
75	76
75	100
75	76
76	76
76	76
76	96
76	97
76	121
76	96
76	76
76	76
76	102
76	96
76	76
76	121
76	76
76	98
76	76
76	76
76	76
76	104
76	99
76	76
76	106
76	122
76	76
76	96
76	76
76	103
76	102
76	76
76	76
76	76
76	96
76	96
76	76
76	104
76	95
76	76
76	96
76	121
76	110
76	85
76	78
76	77
76	110
76	77
77	77
77	77
77	77
77	77
77	77
77	77
77	77
77	77
77	77
77	77
77	77
77	77
77	82
77	77
77	82
77	107
77	110
77	105
77	78
77	77
77	77
77	84
77	77
77	107
77	77
77	84
77	77
77	114
77	107
77	77
77	77
77	107
77	77
77	77
77	78
77	77
77	77
77	78
77	78
77	78
77	78
77	77
77	84
77	77
77	79
77	77
77	77
77	79
77	79
77	77
77	77
77	77
77	77
77	78
77	77
77	78
77	78
78	78
78	78
78	78
78	78
78	78
78	78
78	82
78	78
78	78
78	78
78	78
78	78
78	78
78	83
78	110
78	78
78	78
78	84
78	79
78	78
78	78
78	79
78	93
78	93
78	79
78	78
78	79
78	93
78	78
78	78
78	78
78	78
78	79
78	78
78	78
78	78
78	79
78	78
78	78
78	79
78	79
78	81
78	83
78	78
78	79
78	80
78	93
78	79
78	78
78	81
78	93
78	83
78	79
78	79
78	81
78	79
78	79
78	93
78	79
79	84
79	79
79	79
79	79
79	93
79	103
79	79
79	79
79	93
79	82
79	83
79	79
79	93
79	93
79	82
79	79
79	82
79	80
79	80
79	79
79	79
79	79
79	79
79	79
79	79
79	80
79	82
79	80
79	79
79	82
79	79
79	79
79	83
79	82
79	79
79	79
79	111
79	79
79	79
79	79
79	82
79	82
79	79
79	79
79	79
80	109
80	80
80	80
80	107
80	108
80	104
80	104
80	80
80	109
80	80
80	108
80	80
80	108
80	84
80	84
80	80
80	81
80	103
80	80
80	87
80	93
80	80
80	103
80	109
80	107
80	108
80	83
80	108
80	82
80	107
80	83
80	83
80	83
80	80
80	80
80	80
80	82
80	81
80	81
80	82
80	80
80	83
80	80
80	80
80	82
80	108
80	80
80	80
80	80
80	111
80	81
80	108
80	93
80	103
80	81
80	108
80	111
80	103
80	80
80	84
80	81
80	87
80	87
80	81
80	81
80	81
81	81
81	81
81	84
81	81
81	109
81	111
81	81
81	81
81	81
81	109
81	81
81	92
81	81
81	86
81	92
81	86
81	92
81	84
81	81
81	81
81	81
81	81
81	87
81	81
81	111
81	81
81	81
81	86
81	81
81	92
81	92
81	81
81	86
81	88
81	81
81	92
81	92
81	92
81	81
81	86
81	103
81	87
81	88
81	86
81	87
81	88
81	109
81	92
81	110
81	90
81	84
81	84
81	82
82	84
82	86
82	103
82	82
82	85
82	103
82	109
82	86
82	87
82	93
82	82
82	82
82	82
82	110
82	82
82	82
82	82
82	111
82	82
82	83
82	101
82	82
82	82
82	82
82	93
82	82
82	93
82	111
82	83
82	82
82	82
82	82
82	83
82	82
82	83
82	111
82	82
82	88
82	82
82	82
82	82
82	89
83	89
83	87
83	83
83	87
83	88
83	83
83	83
83	83
83	83
83	83
83	83
83	87
83	83
83	83
83	83
83	83
83	84
83	83
83	93
83	93
83	83
83	83
83	93
83	83
83	86
83	86
83	93
83	93
83	93
83	83
83	92
83	83
83	88
83	88
83	94
83	88
83	83
83	83
83	83
83	83
83	83
83	83
83	83
83	83
83	121
83	83
83	83
83	121
83	121
83	83
83	95
83	83
83	83
83	120
83	121
83	83
83	83
83	83
83	83
83	83
83	83
83	83
83	83
83	83
83	83
83	83
84	120
84	84
84	120
84	123
84	84
84	84
84	84
84	84
84	84
84	123
84	84
84	119
84	84
84	119
84	119
84	84
84	125
84	125
84	109
84	103
84	84
84	109
84	110
84	84
84	84
84	84
84	108
84	103
84	95
84	110
84	108
84	86
84	84
84	110
84	110
84	110
84	110
84	110
84	88
84	88
84	97
84	110
84	110
84	110
84	94
84	119
84	85
84	84
84	84
84	109
84	108
84	104
84	84
84	85
84	108
84	95
84	108
84	85
84	93
84	84
84	117
84	84
84	117
84	84
84	84
84	84
84	84
84	84
84	84
84	84
84	84
84	84
84	85
84	85
84	84
84	84
85	85
85	85
85	85
85	85
85	85
85	85
85	108
85	104
85	85
85	104
85	104
85	85
85	87
85	104
85	104
85	104
85	85
85	85
85	104
85	119
85	104
85	85
85	107
85	104
85	85
85	87
85	93
85	94
85	103
85	107
85	120
85	94
85	95
85	95
85	104
85	85
85	86
85	121
85	104
85	94
85	85
85	91
85	86
85	108
85	85
85	91
85	85
85	86
85	86
85	109
85	91
85	91
85	86
85	103
85	111
85	85
85	86
85	88
85	88
85	86
86	103
86	86
86	109
86	86
86	103
86	103
86	114
86	86
86	86
86	108
86	107
86	108
86	86
86	107
86	107
86	86
86	94
86	109
86	108
86	86
86	86
86	86
86	94
86	108
86	91
86	108
86	86
86	105
86	94
86	120
86	109
86	120
86	120
86	88
86	88
86	94
86	107
86	119
86	94
86	88
86	121
86	121
86	121
86	86
86	86
86	104
86	104
86	104
86	121
86	121
86	121
86	121
86	86
86	86
86	104
86	119
86	86
86	86
86	90
86	109
86	104
86	86
86	90
86	118
86	109
86	114
87	114
87	106
87	106
87	126
87	116
87	114
87	108
87	93
87	117
87	91
87	126
87	87
87	87
87	87
87	114
87	87
87	87
87	112
87	87
87	114
87	87
87	87
87	87
87	87
87	114
87	87
87	89
87	87
87	87
87	87
87	114
87	114
87	117
87	87
87	87
87	118
87	89
87	91
87	127
87	87
87	89
87	87
87	118
87	114
87	114
87	114
87	87
87	89
87	127
87	89
87	87
87	127
87	89
87	89
87	89
87	103
87	87
87	126
87	114
87	87
87	87
87	114
87	88
87	90
87	87
87	90
87	90
87	90
87	87
87	88
87	117
87	89
87	118
87	87
87	118
87	117
87	88
87	87
87	118
87	88
87	118
87	126
87	88
87	90
87	90
87	119
87	119
87	119
87	117
87	119
87	87
87	88
87	117
87	88
87	87
87	87
87	87
87	87
87	87
87	88
87	87
87	88
87	88
87	87
87	87
87	88
87	112
88	89
88	89
88	89
88	88
88	88
88	88
88	88
88	88
88	88
88	88
88	88
88	88
88	110
88	88
88	88
88	88
88	88
88	88
88	88
88	88
88	109
88	88
88	88
88	88
88	88
88	89
88	88
88	93
88	89
88	88
88	88
88	88
88	92
88	88
88	88
88	88
88	92
88	88
88	88
88	113
88	88
88	89
88	89
88	89
88	91
88	89
89	89
89	89
89	89
89	89
89	89
89	89
89	89
89	91
89	89
89	89
89	89
89	89
89	89
89	89
89	89
89	89
89	89
89	89
89	89
89	92
89	89
89	89
89	89
89	92
89	89
89	89
89	89
89	108
89	89
89	89
89	112
89	93
89	89
89	89
89	119
89	89
89	119
89	93
89	89
89	118
89	118
89	89
89	118
89	90
89	89
89	90
89	103
89	89
89	103
89	114
89	89
89	103
89	90
89	90
90	103
90	90
90	103
90	103
90	103
90	90
90	90
90	126
90	126
90	114
90	126
90	93
90	90
90	105
90	118
90	90
90	117
90	119
90	117
90	118
90	90
90	90
90	90
90	90
90	117
90	90
90	118
90	90
90	90
90	90
90	103
90	126
90	90
90	90
90	90
90	126
90	90
90	103
90	90
90	103
90	103
90	90
90	93
90	90
90	93
90	90
90	90
90	90
90	90
90	126
90	116
90	104
90	90
90	104
90	90
90	91
90	104
90	106
90	91
91	91
91	117
91	121
91	121
91	119
91	93
91	94
91	122
91	121
91	120
91	120
91	120
91	91
91	91
91	94
91	94
91	105
91	93
91	93
91	91
91	93
91	91
91	91
91	91
91	91
91	91
91	109
91	91
91	92
91	108
91	109
91	91
91	108
91	108
91	108
91	91
91	91
91	91
91	91
91	91
91	91
91	92
91	92
91	92
91	91
91	91
91	91
91	91
91	92
91	91
91	91
91	91
91	91
91	92
91	92
91	91
91	91
91	92
91	105
91	91
91	91
91	92
91	92
91	92
91	91
91	91
91	92
91	91
91	92
91	104
91	92
91	111
91	91
91	92
92	111
92	92
92	92
92	92
92	92
92	92
92	92
92	111
92	120
92	111
92	92
92	92
92	92
92	92
92	92
92	92
92	92
92	92
92	94
92	111
92	92
92	105
92	105
92	92
92	92
92	111
92	94
92	94
92	92
92	111
92	92
92	94
92	104
92	104
92	92
92	92
92	92
92	92
92	92
92	92
92	92
92	105
92	94
92	92
92	104
92	94
92	92
92	92
92	92
92	92
92	92
92	111
92	111
92	104
92	93
92	92
92	105
92	92
92	92
92	104
92	94
92	104
92	111
92	92
92	92
92	92
92	92
92	110
92	93
92	111
92	92
92	111
92	92
92	92
92	92
92	104
92	104
92	92
92	104
92	104
92	92
92	108
92	92
92	92
92	104
93	93
93	93
93	93
93	111
93	93
93	93
93	93
93	93
93	93
93	93
93	93
93	104
93	93
93	104
93	93
93	93
93	93
93	93
93	93
93	93
93	93
93	110
93	94
93	93
93	110
93	93
93	104
93	111
93	93
93	108
93	93
93	93
93	93
93	93
93	105
94	94
94	110
94	94
94	94
94	95
94	94
94	94
94	94
94	94
94	121
94	94
94	104
94	94
94	94
94	94
94	107
94	94
94	111
94	94
94	94
94	104
94	107
94	94
94	94
94	105
94	105
94	94
94	94
94	105
94	94
94	107
94	94
94	94
94	94
94	94
94	94
94	94
94	94
94	105
94	94
94	120
94	120
94	94
94	121
94	120
94	120
94	94
94	94
94	107
94	94
94	94
94	94
94	104
94	94
94	121
94	119
94	111
94	95
94	103
94	104
94	104
94	103
94	95
94	95
94	95
94	94
95	95
95	95
95	95
95	103
95	95
95	95
95	95
95	109
95	95
95	104
95	122
95	104
95	103
95	95
95	104
95	119
95	117
95	103
95	121
95	121
95	121
95	121
95	121
95	95
95	104
95	95
95	104
95	103
95	121
95	104
95	95
95	95
95	121
95	95
95	95
95	95
95	95
95	121
95	95
95	121
95	126
95	95
95	121
95	121
95	126
95	95
95	126
95	117
95	122
95	95
95	121
95	95
95	121
95	95
95	95
95	95
95	104
95	95
95	95
95	121
95	126
95	117
95	117
95	116
95	117
95	95
95	104
95	117
95	95
95	95
95	125
95	95
95	116
95	125
95	126
95	117
95	122
95	125
95	103
95	126
95	117
95	126
95	125
95	95
95	115
95	125
95	125
95	96
95	96
95	120
95	122
95	125
95	125
96	115
96	97
96	121
96	96
96	122
96	122
96	125
96	125
96	122
96	125
96	106
96	122
96	121
96	122
96	97
96	103
96	117
96	115
96	122
96	96
96	96
96	96
96	103
96	127
96	96
96	97
96	96
96	96
96	96
96	103
96	103
96	96
96	122
96	97
96	97
96	115
96	117
96	114
96	96
96	127
96	96
96	127
96	96
96	114
96	96
96	96
96	97
96	97
96	96
96	119
96	97
96	99
96	96
96	100
96	116
96	101
96	115
96	96
96	115
96	119
96	113
96	116
96	100
96	101
96	96
96	97
96	96
96	101
96	102
96	96
96	115
96	122
96	117
96	96
96	118
96	125
96	116
96	115
96	97
96	119
96	97
96	96
96	120
96	105
96	117
96	97
97	101
97	97
97	97
97	120
97	117
97	115
97	97
97	119
97	97
97	119
97	116
97	122
97	101
97	127
97	97
97	115
97	100
97	102
97	99
97	116
97	116
97	98
97	100
97	112
97	100
97	117
97	101
97	117
97	97
97	118
97	112
97	97
97	97
97	126
97	115
97	119
97	97
97	102
97	102
97	97
97	97
97	98
97	118
97	100
98	101
98	102
98	116
98	118
98	101
98	98
98	98
98	118
98	118
98	99
98	115
98	115
98	127
98	98
98	98
98	99
98	98
98	114
98	98
98	98
98	101
98	101
98	98
98	100
98	100
98	101
98	113
98	113
98	101
98	113
98	100
98	101
98	118
98	99
98	112
98	113
98	112
98	113
98	98
98	102
98	98
98	98
98	116
99	99
99	113
99	114
99	99
99	103
99	99
99	99
99	113
99	99
99	99
99	99
99	99
99	127
99	113
99	113
99	99
99	110
99	127
99	113
99	103
99	99
99	113
99	102
99	99
99	103
99	127
99	114
99	113
99	100
99	127
99	114
99	114
99	127
99	99
99	115
99	100
100	100
100	100
100	100
100	101
100	110
100	100
100	100
100	100
100	100
100	100
100	100
100	100
100	110
100	100
100	101
100	118
101	101
101	101
101	101
101	102
101	102
101	101
101	102
101	101
101	101
101	118
101	101
101	101
101	101
101	118
101	101
101	101
101	101
101	101
101	101
101	101
101	101
101	101
101	101
101	116
102	102
102	116
102	103
102	102
102	102
102	102
102	119
102	102
102	102
102	102
102	121
102	102
102	102
102	102
102	119
102	102
102	119
102	113
102	102
102	103
102	103
102	103
102	103
102	103
103	103
103	116
103	116
103	103
103	116
103	106
103	103
103	120
103	103
103	121
103	113
103	103
103	122
103	113
103	106
103	121
103	103
103	103
103	125
103	103
103	103
103	103
103	103
103	103
103	104
103	126
103	126
103	103
103	126
103	108
103	103
103	103
103	103
103	103
103	103
103	109
103	122
103	122
103	109
103	126
103	122
103	104
103	104
103	117
103	103
103	112
103	126
104	104
104	121
104	104
104	104
104	104
104	104
104	121
104	104
104	104
104	104
104	104
104	104
104	104
104	104
104	121
104	121
104	104
104	104
104	104
104	104
104	104
104	117
104	104
104	104
104	121
104	116
104	104
104	104
104	104
104	121
104	120
104	107
104	104
104	104
104	126
104	120
104	104
104	121
104	107
104	104
104	104
104	104
104	120
104	108
104	108
104	111
104	105
104	104
104	105
104	108
104	108
104	104
104	107
104	104
104	104
104	105
104	104
104	105
105	105
105	105
105	105
105	111
105	107
105	107
105	111
105	111
105	105
105	105
105	105
105	111
105	105
105	120
105	120
105	120
105	120
105	111
105	105
105	105
105	105
105	105
105	105
105	105
105	105
105	105
105	105
105	105
105	111
105	105
105	105
105	111
105	105
105	105
105	105
105	105
105	105
105	105
105	118
105	111
105	105
105	105
105	111
105	105
105	120
105	105
105	105
105	105
105	120
105	105
105	122
105	122
105	105
105	105
105	124
105	105
105	122
105	105
105	105
105	105
105	105
105	124
105	105
105	105
105	105
105	105
105	105
105	105
105	125
105	124
105	110
105	106
105	105
106	110
106	106
106	106
106	106
106	123
106	106
106	123
106	123
106	106
106	106
106	106
106	106
106	123
106	106
106	106
106	106
106	106
106	123
106	117
106	114
106	106
106	106
106	106
106	106
106	106
106	106
106	117
106	117
106	115
106	115
106	115
106	120
106	120
106	115
106	121
106	119
106	121
106	111
106	121
106	106
106	106
106	106
106	106
106	106
106	106
106	107
106	120
106	108
106	106
106	108
106	120
106	106
106	106
106	108
106	106
106	120
107	108
107	107
107	120
107	107
107	120
107	120
107	120
107	107
107	107
107	120
107	107
107	120
107	120
107	107
107	120
107	109
107	107
107	107
107	111
107	107
107	107
107	111
107	121
107	120
107	120
107	120
107	112
107	107
107	123
107	107
107	107
107	117
107	107
107	111
107	107
107	107
107	128
107	107
107	107
107	107
107	120
107	120
107	119
107	107
107	109
107	107
107	107
107	107
107	108
107	108
107	107
107	107
107	107
107	108
107	108
107	108
107	107
107	108
107	108
107	108
107	107
107	109
107	109
107	108
107	108
107	109
108	108
108	109
108	108
108	108
108	108
108	108
108	108
108	108
108	108
108	108
108	108
108	109
108	108
108	108
108	108
108	108
108	108
108	108
108	109
108	109
108	108
108	108
108	108
108	108
108	108
108	108
108	108
108	108
108	108
108	108
108	108
108	108
108	123
108	108
108	108
108	108
108	108
108	108
109	109
109	109
109	109
109	109
109	109
109	109
109	109
109	119
109	109
109	109
109	109
109	109
109	109
109	109
109	109
109	109
109	109
109	109
109	109
109	109
109	119
109	109
109	120
109	119
109	119
109	109
109	109
109	109
109	109
109	117
109	109
109	126
109	120
109	109
109	127
109	109
109	110
109	109
110	127
110	110
110	110
110	110
110	127
110	127
110	128
110	110
110	110
110	110
110	110
110	110
110	110
110	121
110	110
110	110
110	128
110	110
110	110
110	110
110	127
110	128
110	110
110	110
110	110
110	110
110	110
110	110
110	110
110	110
110	110
110	110
110	123
110	123
110	111
110	111
110	111
111	111
111	111
111	111
111	111
111	111
111	111
111	111
111	111
111	111
111	119
111	123
111	126
111	126
111	112
111	115
111	127
111	111
111	115
111	111
111	123
111	115
111	115
111	115
111	111
111	111
111	111
111	111
111	111
111	115
111	123
111	113
111	115
111	115
111	118
111	111
111	111
111	111
111	113
111	111
111	111
111	111
111	122
111	111
111	111
111	111
111	111
111	111
111	111
111	127
111	111
111	111
111	122
111	111
111	117
111	111
111	111
111	111
111	112
111	111
111	111
111	119
111	113
111	116
111	126
111	126
111	118
111	111
111	111
111	111
112	123
112	116
112	112
112	126
112	117
112	113
112	127
112	127
112	127
112	112
112	112
112	114
112	112
112	112
112	112
112	112
112	112
112	112
112	114
112	112
112	123
112	113
112	112
112	114
112	112
112	112
112	114
112	112
112	112
112	116
112	126
112	113
112	126
112	114
112	112
112	114
112	114
112	125
112	124
112	112
112	112
112	113
112	112
112	112
112	112
112	112
112	112
112	112
112	113
112	114
112	112
112	114
112	112
112	114
112	112
112	127
112	114
112	112
112	112
112	112
112	114
112	116
112	112
112	115
112	128
112	112
112	112
112	112
112	112
112	113
112	129
112	124
112	112
112	114
112	114
112	114
112	113
112	115
112	113
112	113
112	113
112	113
112	113
113	113
113	113
113	113
113	113
113	113
113	115
113	113
113	113
113	127
113	113
113	114
113	114
113	123
113	113
113	113
113	118
113	118
113	113
113	113
113	113
113	123
113	113
113	114
113	113
113	113
113	113
113	113
113	113
113	114
113	113
113	114
113	114
113	113
113	125
113	113
113	115
113	113
113	114
113	114
113	114
113	114
113	114
113	114
113	113
113	127
113	114
113	114
113	113
113	114
114	114
114	114
114	114
114	114
114	114
114	114
114	114
114	114
114	114
114	114
114	114
114	128
114	128
114	114
114	127
114	114
114	115
114	114
114	114
114	114
114	114
114	114
114	127
114	114
114	114
114	126
114	114
114	114
114	117
114	127
114	114
114	114
114	118
114	114
114	115
114	115
114	117
114	115
114	115
114	117
114	115
114	114
114	115
114	126
114	114
114	123
114	115
114	118
114	115
115	115
115	115
115	118
115	118
115	118
115	127
115	115
115	115
115	115
115	127
115	115
115	115
115	127
115	115
115	115
115	115
115	115
115	115
115	126
115	115
115	118
115	127
115	118
115	115
115	115
115	118
115	118
115	128
115	116
115	121
115	118
115	127
115	118
115	118
115	118
115	116
115	115
115	116
115	126
115	115
115	126
115	115
115	119
115	115
115	115
115	115
115	116
115	120
115	120
115	120
115	120
115	120
115	115
115	121
115	115
115	120
115	120
115	125
115	115
115	119
115	115
115	116
115	127
115	117
115	117
115	119
115	125
115	115
115	118
115	126
115	116
115	118
115	116
115	117
115	115
115	118
115	115
115	115
115	116
115	115
115	123
115	123
115	125
115	123
115	125
115	125
115	127
115	118
115	118
115	116
116	116
116	118
116	116
116	116
116	116
116	118
116	116
116	116
116	116
116	116
116	127
116	116
116	118
116	116
116	116
116	116
116	116
116	116
116	116
116	116
116	119
116	122
116	116
116	116
116	116
116	116
116	123
116	116
116	123
116	116
116	116
116	123
116	116
116	118
116	116
116	127
116	117
116	117
116	116
116	126
116	126
116	118
116	116
116	120
116	116
116	116
116	127
116	116
116	125
116	119
116	123
116	125
116	122
116	119
116	119
116	116
116	116
116	117
116	116
116	119
116	125
116	119
116	127
116	117
116	125
116	118
116	117
116	122
116	117
116	117
117	118
117	118
117	117
117	117
117	117
117	118
117	118
117	117
117	126
117	117
117	125
117	117
117	126
117	117
117	117
117	118
117	121
117	125
117	117
117	117
117	122
117	117
117	117
117	117
117	117
117	125
117	117
117	117
117	126
117	117
117	117
117	126
117	126
117	125
117	119
117	117
117	117
117	117
117	119
117	119
117	118
117	117
117	117
117	118
117	118
117	117
117	117
117	117
117	119
117	117
117	118
117	126
117	117
117	117
117	126
117	117
117	120
117	126
117	117
117	117
117	118
117	117
117	117
117	117
117	117
117	120
117	117
117	117
117	117
117	118
117	126
117	126
117	117
117	118
117	117
117	119
117	117
117	120
117	119
117	119
117	119
117	117
117	121
117	117
117	118
117	126
117	121
117	118
117	121
117	121
117	119
117	117
117	126
117	126
117	126
117	118
117	126
118	126
118	118
118	123
118	126
118	118
118	126
118	125
118	126
118	118
118	118
118	118
118	126
118	118
118	118
118	126
118	118
118	118
118	119
118	118
118	118
118	118
118	119
118	118
118	118
118	118
118	119
118	118
118	118
118	118
118	118
118	118
118	118
118	118
118	118
118	118
118	118
118	118
118	118
118	123
118	118
118	118
118	119
118	126
118	118
118	118
118	118
118	118
118	118
118	118
118	118
118	118
118	118
118	126
118	126
118	119
118	119
118	119
118	118
119	119
119	119
119	119
119	119
119	119
119	119
119	119
119	119
119	119
119	119
119	119
119	119
119	121
119	119
119	120
119	119
119	121
119	123
119	121
119	121
119	123
119	122
119	119
119	119
119	121
119	122
119	119
119	122
119	122
119	119
119	119
119	119
119	122
119	122
119	119
119	119
119	119
119	119
119	119
119	119
119	119
119	119
119	122
119	119
119	119
119	119
119	119
119	119
119	119
119	119
119	119
119	119
119	119
119	119
119	119
119	119
119	119
119	125
119	119
119	119
119	119
119	119
119	119
119	119
119	120
119	120
119	119
119	119
119	120
120	120
120	120
120	120
120	120
120	120
120	120
120	120
120	120
120	120
120	120
120	120
120	120
120	120
120	120
120	120
120	120
120	120
120	120
120	120
120	120
120	120
120	120
120	127
120	120
120	120
120	120
120	120
120	120
120	120
120	121
120	120
120	120
120	120
120	127
120	126
120	120
120	126
120	126
120	121
120	120
120	120
120	126
120	120
120	121
120	120
120	120
120	120
120	126
120	120
120	120
120	120
120	120
120	126
120	120
120	121
120	120
120	120
120	121
120	120
120	120
120	120
120	120
120	120
120	126
120	121
120	123
120	126
120	120
120	121
120	120
120	121
120	121
120	121
120	121
120	121
120	126
121	121
121	121
121	121
121	126
121	121
121	121
121	121
121	126
121	121
121	121
121	121
121	121
121	121
121	126
121	126
121	121
121	121
121	121
121	121
121	121
121	121
121	121
121	121
121	121
121	121
121	121
121	121
121	121
121	121
121	121
121	121
121	121
121	126
121	121
121	126
121	121
121	122
121	121
121	122
121	121
121	122
121	121
121	122
121	121
121	121
121	121
121	121
121	121
121	122
121	122
121	122
122	125
122	122
122	122
122	122
122	122
122	126
122	122
122	126
122	122
122	126
122	126
122	126
122	126
122	122
122	125
122	126
122	122
122	126
122	122
122	125
122	125
122	122
122	122
122	122
122	122
122	126
122	122
122	122
122	122
122	122
122	122
122	122
122	122
122	122
122	122
122	122
122	122
122	122
122	122
122	122
122	122
122	122
122	122
122	122
122	122
122	122
122	122
122	122
122	122
122	122
122	122
122	122
122	122
122	122
122	122
122	123
122	122
122	122
122	123
123	123
123	123
123	123
123	123
123	123
123	123
123	123
123	123
123	123
123	123
123	123
123	123
123	123
123	123
123	123
123	123
123	123
123	123
123	123
123	123
123	123
123	123
123	123
123	123
123	126
123	123
123	123
123	123
123	123
123	126
123	126
123	124
123	126
123	127
123	123
123	123
123	123
123	123
123	123
123	123
123	123
123	125
123	123
123	123
123	123
123	123
123	123
123	123
123	124
123	123
123	125
123	124
124	125
124	124
124	124
124	128
124	128
124	124
124	125
124	124
124	125
124	125
124	125
124	124
124	124
124	125
124	128
124	124
124	128
124	124
124	124
124	124
124	128
124	124
124	124
124	124
124	128
124	124
124	124
124	125
124	124
124	124
124	124
124	124
124	125
124	128
124	125
124	128
124	124
124	124
124	127
124	127
124	127
124	124
124	127
124	124
124	124
124	127
124	124
124	128
124	124
124	128
124	128
124	124
124	127
124	127
124	126
124	126
124	124
124	124
124	125
124	124
124	124
124	125
124	125
124	127
124	126
124	127
124	124
124	125
124	124
124	125
124	125
124	126
124	124
124	125
124	124
124	124
124	124
124	124
124	126
124	124
124	124
124	125
124	125
124	125
124	125
124	125
125	125
125	125
125	125
125	125
125	125
125	125
125	125
125	125
125	126
125	126
125	125
125	125
125	125
125	125
125	125
125	125
125	125
125	125
125	125
125	125
125	125
125	125
125	125
125	125
125	125
125	125
125	125
125	125
125	126
125	125
125	126
125	125
125	125
125	125
125	125
125	125
125	125
125	125
125	126
125	126
125	125
125	126
125	125
125	125
125	125
125	126
125	125
125	125
125	125
125	125
125	125
125	126
125	125
126	126
126	126
126	126
126	127
126	126
126	126
126	126
126	126
126	126
126	126
126	126
126	126
126	126
126	126
126	126
126	126
126	126
126	126
126	126
126	126
126	126
126	126
126	126
126	126
126	126
126	126
126	126
126	126
126	126
126	126
126	126
126	126
126	126
126	126
126	126
126	127
126	127
126	127
126	127
126	127
126	127
127	127
127	127
127	127
127	127
127	127
127	127
127	127
127	127
127	127
127	127
127	127
127	127
127	127
127	127
127	128
127	127
127	129
127	127
127	127
127	127
127	127
127	127
127	127
127	128
127	127
127	127
127	127
127	127
127	127
127	127
127	127
127	128
128	128
128	128
128	128
128	128
128	128
128	128
128	128
128	128
128	128
128	128
128	128
128	128
128	128
128	128
128	128
128	128
128	128
128	128
128	128
128	128
128	128
128	128
128	128
128	128
128	128
128	128
128	128
128	128
128	129
129	129
129	129
129	129
129	129
129	129
129	129
129	129
