3	3
3	3
3	3
3	3
3	3
3	3
3	30
3	30
3	19
3	3
3	30
3	30
3	3
3	30
3	3
3	3
3	29
3	29
3	29
3	29
3	3
3	30
3	4
3	3
3	4
3	3
3	3
3	3
3	3
3	14
3	15
3	4
3	4
3	3
3	13
3	3
3	3
3	18
3	4
3	18
3	4
3	4
3	4
3	16
3	4
4	16
4	4
4	16
4	17
4	14
4	4
4	4
4	6
4	7
4	4
4	5
4	4
4	4
4	4
4	4
4	27
4	14
4	11
4	5
4	35
4	4
4	11
4	5
4	5
4	26
4	28
4	5
4	4
4	25
4	12
4	25
4	4
4	25
4	4
4	4
4	41
4	4
4	5
4	5
4	29
4	5
4	7
4	4
4	43
4	25
4	5
4	7
4	8
4	5
5	67
5	40
5	5
5	67
5	5
5	5
5	5
5	36
5	36
5	41
5	6
5	66
5	67
5	67
5	67
5	35
5	5
5	25
5	32
5	35
5	25
5	36
5	11
5	5
5	5
5	25
5	28
5	26
5	23
5	5
5	5
5	22
5	23
5	5
5	5
5	20
5	20
5	5
5	8
6	25
6	43
6	24
6	25
6	6
6	11
6	20
6	12
6	12
6	23
6	12
6	8
6	28
6	28
6	29
6	6
6	6
6	22
6	6
6	22
6	22
6	22
6	20
6	6
6	7
6	6
6	6
6	6
6	20
6	6
6	43
6	7
6	20
6	18
6	6
6	29
6	6
6	6
6	35
6	35
6	28
6	24
6	6
6	35
6	35
6	20
6	8
6	7
6	7
6	7
6	12
6	7
6	29
6	6
6	20
6	20
6	6
6	6
6	35
6	6
6	6
6	6
6	7
6	8
6	20
6	43
6	7
6	7
7	20
7	7
7	8
7	8
7	7
7	20
7	43
7	25
7	7
7	34
7	7
7	7
7	7
7	21
7	7
7	7
7	12
7	44
7	43
7	7
7	7
7	7
7	7
7	7
7	7
7	22
7	7
7	7
7	7
7	7
7	7
7	7
7	20
7	7
7	42
7	7
7	7
8	8
8	20
8	8
8	24
8	24
8	8
8	8
8	20
8	25
8	20
8	11
8	12
8	27
8	8
8	11
8	8
8	8
8	8
8	19
8	13
8	11
8	10
8	38
8	19
8	8
8	8
8	8
8	35
8	19
8	35
8	20
8	13
8	27
8	18
8	31
8	8
8	13
8	27
8	8
8	13
8	20
8	23
8	24
8	27
8	13
8	13
8	23
8	13
8	23
9	9
9	31
9	9
9	28
9	11
9	29
9	9
9	31
9	42
9	9
9	42
9	16
9	9
9	30
9	9
9	9
9	9
9	43
9	9
9	30
9	9
9	9
9	9
9	17
9	30
9	30
9	29
9	9
9	10
9	9
9	9
9	42
9	30
9	17
9	29
9	30
9	9
9	16
9	17
9	19
9	30
9	9
9	10
9	10
9	10
9	28
9	11
9	28
9	30
9	29
9	10
9	30
9	29
9	9
9	30
9	30
9	9
9	30
9	9
9	9
9	9
9	9
9	9
9	30
9	30
9	39
9	15
9	9
9	10
9	39
9	9
9	17
9	10
9	10
9	10
9	9
9	10
9	9
9	9
10	10
10	10
10	10
10	10
10	18
10	29
10	18
10	18
10	10
10	10
10	29
10	10
10	29
10	15
10	18
10	10
10	15
10	29
10	10
10	10
10	17
10	17
10	30
10	15
10	10
10	10
10	10
10	27
10	10
10	39
10	10
10	38
10	38
10	38
10	10
10	10
10	42
11	19
11	18
11	11
11	38
11	19
11	19
11	11
11	19
11	11
11	11
11	11
11	11
11	11
11	19
11	11
11	15
11	11
11	13
11	11
11	13
11	13
11	42
11	12
11	13
11	35
11	11
11	12
11	20
11	13
11	14
11	11
11	13
11	13
11	12
11	12
11	13
11	12
11	12
11	12
12	12
12	13
12	13
12	12
12	12
12	12
12	12
12	13
12	12
12	12
12	12
12	12
12	12
12	12
12	12
12	14
12	14
12	12
12	13
12	18
12	12
12	13
12	12
12	12
12	12
12	13
12	14
12	13
12	12
12	13
12	13
12	12
12	18
12	13
12	12
13	14
13	14
13	18
13	19
13	13
13	13
13	13
13	13
13	13
13	13
13	13
13	20
13	42
13	19
13	27
13	27
13	27
13	20
13	27
13	13
13	28
13	27
13	13
13	13
13	14
13	13
13	27
13	13
13	27
13	28
13	27
13	27
13	30
13	29
13	13
13	13
13	13
13	14
13	14
13	14
13	13
13	14
13	13
13	15
13	14
13	19
13	14
13	14
13	15
13	14
13	16
13	13
13	14
13	14
14	14
14	14
14	14
14	14
14	14
14	42
14	14
14	16
14	14
14	42
14	14
14	14
14	42
14	14
14	14
14	14
14	14
14	14
14	14
14	14
14	14
14	14
14	14
14	14
14	14
14	14
14	19
14	14
14	19
14	21
14	14
14	15
14	15
14	15
14	15
14	15
14	15
14	14
14	20
14	14
14	15
14	26
14	15
14	19
14	19
14	15
14	15
15	15
15	15
15	15
15	15
15	15
15	15
15	15
15	15
15	30
15	50
15	42
15	56
15	29
15	31
15	16
15	15
15	15
15	19
15	39
15	15
15	31
15	39
15	15
15	40
15	39
15	15
15	29
15	15
15	18
15	15
15	56
15	31
15	19
15	28
15	15
15	18
15	15
15	18
15	16
15	16
15	15
15	16
15	17
15	17
15	16
15	17
15	29
15	29
15	15
15	18
15	16
15	61
15	29
15	29
16	29
16	16
16	16
16	29
16	29
16	19
16	16
16	16
16	17
16	16
16	16
16	43
16	16
16	16
16	16
16	16
16	29
16	16
16	17
16	16
16	16
16	42
16	29
16	16
16	16
16	16
16	16
16	16
16	18
16	47
16	16
16	16
16	22
16	29
16	28
16	28
16	18
16	30
16	30
16	17
16	30
16	17
16	18
16	17
16	16
16	17
16	17
16	17
16	17
16	38
16	17
16	17
16	16
17	17
17	17
17	17
17	17
17	40
17	29
17	17
17	29
17	29
17	18
17	45
17	18
17	18
17	17
17	22
17	30
17	22
17	30
17	30
17	18
17	17
17	17
17	17
17	18
17	18
17	29
17	17
18	46
18	18
18	18
18	30
18	30
18	18
18	30
18	29
18	19
18	18
18	26
18	18
18	18
18	19
18	18
18	18
18	19
18	18
18	18
18	18
18	19
18	18
18	19
18	19
18	18
18	19
18	19
18	19
18	19
18	19
18	19
18	18
18	19
18	31
18	28
19	19
19	38
19	19
19	19
19	38
19	19
19	19
19	38
19	28
19	29
19	19
19	27
19	19
19	19
19	43
19	20
19	37
19	19
19	19
19	43
19	38
19	24
20	20
20	20
20	35
20	20
20	47
20	20
20	20
20	26
20	35
20	41
20	35
20	51
20	35
20	20
20	20
20	20
20	27
20	20
20	27
20	20
20	20
20	20
20	62
20	20
20	20
20	20
20	20
20	27
20	27
20	20
20	35
20	23
20	22
20	20
20	20
20	20
20	20
20	21
20	46
20	21
20	21
21	63
21	31
21	21
21	31
21	21
21	31
21	31
21	66
21	21
21	64
21	64
21	64
21	21
21	21
21	64
21	21
21	21
21	64
21	21
21	21
21	21
21	64
21	64
21	21
21	45
21	63
21	21
21	21
21	21
21	54
21	21
21	21
21	21
21	21
21	21
21	63
21	21
21	61
21	21
21	63
21	61
21	21
21	21
21	44
21	61
21	61
21	61
21	61
21	21
21	63
21	61
21	21
21	21
21	21
21	62
21	44
21	44
21	26
21	63
21	21
21	54
21	21
21	46
21	64
21	21
21	21
21	21
21	21
21	21
21	44
21	21
21	21
21	21
21	50
21	21
21	21
21	21
21	21
21	21
21	21
21	21
21	21
21	21
21	21
21	21
21	32
21	21
21	21
21	22
21	21
21	44
21	48
21	46
21	44
21	58
21	21
21	21
21	22
21	46
21	55
21	22
21	21
21	55
21	22
21	45
21	48
21	68
21	21
21	21
21	47
21	46
21	46
21	22
22	22
22	55
22	22
22	22
22	22
22	22
22	22
22	22
22	22
22	22
22	32
22	46
22	22
22	22
22	22
22	47
22	22
22	22
22	22
22	47
22	33
22	22
22	23
22	22
22	30
22	22
22	22
22	22
22	46
22	23
22	22
22	35
22	56
22	22
22	35
22	35
22	43
22	22
22	44
22	22
22	23
22	56
22	23
22	44
22	22
22	50
22	28
22	23
22	22
22	35
22	24
22	43
22	44
22	22
22	40
22	22
22	23
22	23
22	41
22	22
22	28
22	22
22	51
22	50
22	39
22	51
22	43
22	43
22	23
22	51
22	51
22	22
22	43
22	42
22	35
22	40
22	24
22	28
22	39
22	31
22	52
23	43
23	23
23	23
23	43
23	31
23	23
23	42
23	23
23	43
23	42
23	39
23	40
23	33
23	28
23	42
23	30
23	42
23	28
23	43
23	43
23	51
23	31
23	51
23	23
23	51
23	23
23	28
23	51
23	35
23	23
23	52
23	56
23	33
23	27
23	52
23	27
23	35
23	24
23	32
23	53
23	24
23	60
23	51
23	24
23	24
23	32
23	51
23	51
23	51
23	35
23	29
23	38
23	33
23	23
23	23
23	32
23	54
23	29
23	28
23	40
23	27
23	27
23	27
23	34
23	43
23	51
23	51
24	54
24	27
24	52
24	27
24	50
24	24
24	29
24	24
24	50
24	29
24	29
24	29
24	42
24	56
24	56
24	40
24	35
24	29
24	35
24	35
24	29
24	33
24	29
24	33
24	34
24	33
24	51
24	34
24	52
24	39
24	29
24	52
24	35
24	24
24	33
24	35
24	35
24	34
24	56
24	34
24	43
24	34
24	56
24	56
24	33
24	25
24	25
24	24
24	28
24	39
24	31
24	25
24	35
24	24
24	24
24	25
24	24
24	24
24	24
24	25
24	24
24	24
24	25
24	24
24	25
24	24
24	24
24	25
24	24
24	70
25	25
25	41
25	27
25	25
25	25
25	40
25	41
25	25
25	25
25	25
25	43
25	43
25	41
25	25
25	43
25	25
25	43
25	41
25	25
25	37
25	41
25	25
25	41
25	67
25	28
25	29
25	25
25	28
25	25
25	26
25	68
25	26
25	26
25	68
26	26
26	51
26	38
26	26
26	26
26	26
26	51
26	26
26	38
26	44
26	26
26	26
26	26
26	26
26	26
26	39
26	28
26	39
26	39
26	28
26	41
26	29
26	26
26	29
26	26
26	29
26	26
26	26
26	26
26	26
26	26
26	37
26	27
26	26
26	29
26	26
27	27
27	27
27	29
27	27
27	27
27	27
27	27
27	27
27	32
27	30
27	27
27	27
27	29
27	27
27	53
27	40
27	27
27	32
27	27
27	38
27	39
27	28
27	29
27	53
27	50
27	27
27	27
27	52
27	27
27	52
27	27
27	29
27	27
27	54
27	37
27	52
27	36
27	32
27	27
27	40
27	52
27	29
27	27
27	43
27	53
27	27
27	27
27	38
27	27
27	27
27	68
27	29
27	40
27	28
28	29
28	46
28	38
28	38
28	28
28	39
28	33
28	28
28	43
28	56
28	28
28	28
28	30
28	31
28	28
28	31
28	31
28	43
28	29
28	28
28	28
28	28
28	31
28	29
28	30
28	28
28	28
28	33
28	30
28	31
28	29
28	28
28	40
28	39
28	28
28	28
28	40
28	39
28	28
28	28
28	38
28	30
28	28
28	39
28	39
28	29
28	28
28	30
28	38
28	38
29	30
29	33
29	40
29	30
29	29
29	29
29	29
29	29
29	30
29	39
29	40
29	35
29	29
29	30
29	35
29	29
29	35
29	29
29	30
29	30
29	56
29	29
29	29
29	51
29	55
29	29
29	30
29	55
29	29
29	29
29	29
29	56
29	29
29	29
29	56
29	29
29	30
29	56
29	29
29	29
29	30
29	37
29	29
29	30
29	29
30	56
30	30
30	56
30	30
30	31
30	32
30	31
30	33
30	33
30	30
30	30
30	31
30	31
30	31
30	30
30	37
30	39
30	39
30	39
30	31
30	30
30	30
30	33
30	30
30	43
30	33
30	33
30	34
30	34
30	30
30	30
30	30
30	30
30	31
30	30
30	30
30	31
30	31
30	30
30	32
30	31
30	31
30	33
30	67
30	30
30	31
30	30
30	31
30	43
30	31
31	31
31	31
31	31
31	31
31	31
31	31
31	31
31	31
31	31
31	31
31	31
31	31
31	31
31	31
31	36
31	31
31	31
31	31
31	31
31	31
31	31
31	31
31	31
31	31
31	31
31	66
31	31
31	31
31	32
31	31
31	31
31	33
31	31
31	31
31	31
31	31
31	67
31	52
31	31
31	43
31	43
31	31
31	31
31	31
31	31
31	43
31	67
31	40
31	31
31	31
31	31
31	39
31	31
31	67
31	67
31	31
31	31
31	31
31	31
31	39
31	40
31	43
31	32
31	32
31	32
31	33
31	32
31	40
31	32
31	31
31	31
31	67
31	43
31	43
31	40
31	32
31	67
31	67
32	67
32	33
32	32
32	67
32	32
32	32
32	32
32	67
32	45
32	32
32	59
32	40
32	32
32	40
32	45
32	53
32	32
32	67
32	67
32	66
32	32
32	67
32	32
32	68
32	67
32	40
32	32
32	32
32	37
32	40
32	67
32	40
32	32
32	45
32	51
32	32
32	45
32	52
32	32
32	54
32	32
32	40
32	45
32	45
32	46
32	38
32	45
32	36
32	32
32	46
32	54
32	54
32	52
32	54
32	40
32	67
32	32
32	67
32	52
32	59
32	46
32	46
32	32
32	32
32	51
32	68
32	40
32	69
33	36
33	45
33	39
33	33
33	36
33	33
33	33
33	43
33	53
33	33
33	33
33	33
33	36
33	36
33	36
33	54
33	36
33	56
33	33
33	53
33	55
33	33
33	36
33	55
33	60
33	43
33	33
33	33
33	33
33	33
33	61
33	36
33	53
33	35
33	33
33	33
33	36
33	33
33	47
33	34
33	43
33	43
33	34
33	51
33	43
33	34
33	52
33	51
33	34
34	34
34	43
34	43
34	34
34	34
34	40
34	41
34	43
34	34
34	56
34	56
34	34
34	56
34	34
34	35
34	69
34	56
34	34
34	46
34	34
34	56
34	34
34	34
34	55
34	34
34	34
34	54
34	34
34	54
34	34
34	43
34	35
34	41
34	34
34	56
34	44
34	56
34	36
34	56
34	56
34	34
34	56
34	43
34	35
34	56
34	41
34	34
34	43
34	34
34	35
34	56
34	34
34	34
34	34
34	56
34	34
34	34
34	34
34	34
34	34
34	44
34	34
34	55
34	34
34	34
34	34
34	34
34	54
34	35
34	56
34	34
34	34
34	35
34	34
34	34
34	34
34	54
34	34
34	34
34	54
34	55
34	40
34	56
34	47
34	34
34	56
34	34
34	56
34	41
34	35
34	43
34	41
34	35
34	55
34	35
34	56
34	56
34	56
34	43
34	43
34	34
34	55
34	56
34	43
34	43
34	43
34	43
34	43
34	34
34	35
34	42
34	41
34	56
35	43
35	35
35	55
35	35
35	35
35	42
35	41
35	35
35	42
35	35
35	56
35	47
35	35
35	35
35	46
35	40
35	35
35	46
35	56
35	41
35	41
35	56
35	43
35	35
35	56
35	43
35	42
35	42
35	43
35	40
35	35
35	46
35	40
35	55
35	55
35	40
35	35
35	55
35	35
35	56
35	35
35	35
35	35
35	36
35	54
35	35
35	43
35	43
35	35
35	35
35	55
35	42
35	42
35	51
35	54
35	52
35	35
35	36
35	51
35	51
35	51
35	43
35	51
35	52
35	41
35	52
35	36
35	36
35	36
35	36
35	37
36	55
36	40
36	36
36	40
36	40
36	55
36	36
36	54
36	40
36	36
36	54
36	40
36	54
36	36
36	36
36	58
36	36
36	36
36	36
36	36
36	40
36	36
36	36
36	43
36	36
36	45
36	51
36	45
36	37
36	51
36	51
36	36
36	59
36	37
36	70
36	51
36	36
36	45
36	45
36	45
36	37
36	45
36	59
36	37
36	67
36	37
36	37
37	37
37	38
37	39
37	67
37	47
37	37
37	38
37	37
37	37
37	37
37	37
37	38
37	37
37	37
37	37
37	40
37	37
37	40
37	40
37	37
37	37
37	45
37	37
37	40
37	38
37	37
37	37
37	40
37	40
37	37
37	37
37	41
37	41
37	37
37	37
37	37
37	41
37	37
37	37
37	37
37	37
37	37
37	40
37	37
37	40
37	37
37	37
37	37
37	37
37	37
37	37
37	37
37	37
37	40
37	38
38	38
38	38
38	38
38	38
38	38
38	38
38	39
38	39
38	38
38	39
38	38
38	38
38	38
38	38
38	53
38	38
38	38
38	45
38	38
38	51
38	38
38	40
38	38
39	39
39	39
39	51
39	39
39	69
39	66
39	53
39	39
39	39
39	43
39	39
39	40
39	39
39	40
39	56
40	53
40	40
40	40
40	40
40	40
40	40
40	40
40	40
40	40
40	40
40	67
40	45
40	53
40	40
40	40
40	65
40	40
40	53
40	40
40	40
40	41
40	53
40	53
40	41
40	41
40	41
40	53
40	52
40	40
40	40
40	52
40	40
40	52
40	56
40	44
40	40
40	41
40	50
40	50
40	41
40	40
40	43
40	43
40	41
41	46
41	41
41	41
41	41
41	41
41	41
41	42
41	66
41	41
41	41
41	41
41	41
41	56
41	43
41	42
41	41
41	41
41	41
41	41
41	41
41	41
41	41
41	47
41	42
41	41
41	41
41	41
41	41
41	42
41	41
41	42
41	47
41	42
41	41
41	41
41	42
41	41
41	41
41	41
41	41
41	43
41	41
41	42
41	41
41	41
41	41
41	41
41	42
41	42
41	42
41	41
41	41
41	41
41	41
41	42
41	41
41	43
41	41
41	42
41	42
42	47
42	47
42	42
42	43
42	42
42	42
42	42
42	42
42	43
42	43
42	42
42	47
42	43
42	42
42	42
42	42
42	42
42	42
42	42
42	47
42	42
42	42
42	42
42	47
42	42
42	42
42	42
42	47
42	42
42	42
42	42
42	42
42	42
42	42
42	42
42	42
42	42
42	43
42	42
42	43
42	42
42	42
42	46
42	51
42	42
42	43
42	43
42	43
42	43
42	43
42	43
42	42
42	43
43	43
43	43
43	43
43	43
43	43
43	43
43	43
43	43
43	43
43	43
43	46
43	43
43	43
43	43
43	43
43	51
43	43
43	46
43	43
43	43
43	43
43	43
43	43
43	43
43	43
43	43
43	43
43	43
43	43
43	46
43	51
43	43
43	43
43	47
43	51
43	43
43	43
43	56
43	43
43	43
43	67
43	43
43	43
43	43
43	55
43	43
43	56
43	56
43	56
43	56
43	44
43	69
44	56
44	56
44	44
44	46
44	64
44	50
44	44
44	69
44	56
44	69
44	69
44	44
44	68
44	44
44	44
44	44
44	45
44	56
44	44
44	44
44	44
44	44
44	62
44	44
44	44
44	44
44	44
44	57
44	57
44	70
44	44
44	59
44	44
44	44
44	44
44	44
44	62
44	68
44	44
44	44
44	44
44	44
44	44
44	44
44	44
44	44
44	44
44	44
44	57
44	44
44	44
44	44
44	44
44	44
44	44
44	44
44	45
44	57
44	57
44	57
44	57
44	44
44	44
44	57
44	57
44	44
44	57
44	44
44	66
44	66
44	45
44	58
44	45
44	45
44	57
44	44
44	58
44	44
44	44
44	45
44	44
44	45
44	45
44	51
44	62
44	50
44	50
45	45
45	45
45	45
45	45
45	66
45	46
45	45
45	45
45	45
45	45
45	45
45	57
45	70
45	45
45	45
45	45
45	45
45	66
45	45
45	65
45	45
45	46
45	65
45	45
45	45
45	45
45	46
45	45
45	46
45	45
45	46
45	46
45	45
45	59
45	45
45	45
45	48
45	45
45	67
45	45
45	45
45	67
45	50
45	49
45	45
45	45
45	50
45	67
45	45
45	45
45	67
45	67
45	48
45	68
45	45
45	48
45	45
45	49
45	68
45	45
45	65
45	48
45	45
45	68
45	45
45	45
45	45
45	67
45	45
45	46
45	45
45	46
45	45
45	46
45	45
45	68
45	46
45	45
45	64
45	67
45	48
45	49
45	65
45	48
45	48
45	67
45	45
45	64
45	46
45	68
45	68
45	46
45	68
45	68
45	68
45	56
45	47
45	48
45	59
45	46
45	45
45	46
45	46
45	58
45	64
45	64
45	46
45	58
45	46
45	70
45	46
45	50
45	46
45	45
45	45
45	50
45	45
45	120
45	51
45	45
45	45
45	56
45	56
45	45
45	45
45	45
45	70
45	45
45	45
45	45
45	45
45	46
46	46
46	46
46	46
46	46
46	50
46	46
46	46
46	46
46	51
46	46
46	51
46	46
46	46
46	51
46	46
46	46
46	64
46	46
46	56
46	46
46	46
46	51
46	46
46	70
46	54
46	46
46	46
46	46
46	46
46	54
46	47
46	64
46	64
46	46
46	46
46	46
46	46
46	46
46	46
46	51
46	56
46	67
46	67
46	56
46	56
46	55
46	64
46	67
46	46
46	50
46	46
46	67
46	46
46	46
46	48
46	46
46	48
46	56
46	64
46	58
46	46
46	46
46	47
46	68
46	46
46	48
46	50
46	46
46	48
46	46
46	48
46	47
46	46
46	50
46	59
46	47
46	51
46	50
46	48
46	46
46	68
46	46
46	48
46	48
46	47
46	46
46	46
46	67
46	68
46	69
46	69
46	69
46	51
46	69
46	46
46	47
46	51
47	47
47	69
47	69
47	51
47	59
47	69
47	47
47	56
47	47
47	51
47	47
47	47
47	47
47	56
47	47
47	47
47	47
47	47
47	59
47	51
47	67
47	51
47	55
47	55
47	70
47	70
47	47
47	47
47	47
47	47
47	47
47	47
47	47
47	47
47	47
47	54
47	47
47	47
47	47
47	47
47	48
47	48
47	49
47	49
47	77
47	47
47	48
47	47
47	48
47	48
47	48
47	120
47	120
47	47
47	120
47	47
47	48
47	120
47	47
47	71
47	47
47	49
47	56
47	49
47	48
47	49
47	47
47	49
47	48
47	48
47	47
47	48
47	47
47	72
47	53
47	49
47	72
47	48
47	48
47	52
47	77
47	48
47	48
47	48
48	48
48	77
48	49
48	77
48	48
48	48
48	56
48	48
48	71
48	50
48	48
48	78
48	50
48	52
48	65
48	48
48	48
48	65
48	48
48	72
48	48
48	48
48	56
48	48
48	49
48	71
48	49
48	65
48	49
48	71
48	71
48	48
48	65
48	71
48	65
48	48
48	49
48	77
48	49
48	49
48	65
48	48
48	48
48	49
48	49
48	56
48	49
48	48
48	49
48	48
48	49
48	48
48	48
48	49
48	48
48	48
48	69
48	49
48	49
48	49
48	49
48	64
48	56
48	50
48	49
48	64
48	56
48	48
48	48
48	48
48	48
48	71
48	64
48	71
48	50
48	48
48	48
48	48
48	50
48	48
48	48
48	50
48	71
48	50
48	48
48	50
48	71
48	56
48	71
48	48
48	48
48	64
48	64
48	50
48	50
48	49
48	120
48	64
48	64
48	74
48	48
48	61
48	48
48	64
48	64
48	64
49	64
49	120
49	64
49	49
49	64
49	49
49	49
49	49
49	64
49	64
49	65
49	78
49	64
49	49
49	64
49	49
49	49
49	49
49	49
49	64
49	65
49	65
49	49
49	71
49	49
49	65
49	49
49	54
49	49
49	65
49	50
49	90
49	90
49	82
49	49
49	49
49	54
49	49
49	54
49	54
49	50
49	54
49	72
49	72
49	72
49	49
49	71
49	65
49	90
49	90
49	49
49	90
49	50
49	50
49	78
49	49
49	73
49	79
49	49
49	49
49	49
49	49
49	49
49	50
49	120
49	49
49	120
49	49
49	120
49	120
49	49
49	49
49	50
49	63
49	49
49	49
49	50
49	50
49	50
49	90
49	120
49	120
49	49
49	50
49	49
49	50
49	120
49	59
49	120
49	50
49	50
49	59
49	120
49	49
49	120
49	49
49	83
49	49
49	49
49	85
49	120
49	49
49	76
49	55
49	70
49	59
49	50
49	49
49	55
49	93
49	71
49	95
49	54
49	50
49	54
49	50
49	50
49	49
50	55
50	55
50	71
50	71
50	50
50	50
50	50
50	59
50	71
50	120
50	50
50	84
50	50
50	50
50	87
50	50
50	85
50	120
50	87
50	87
50	50
50	71
50	85
50	85
50	50
50	120
50	120
50	120
50	50
50	50
50	90
50	50
50	50
50	50
50	50
50	76
50	58
50	87
50	50
50	120
50	120
50	50
50	50
50	65
50	58
50	50
50	50
50	50
50	65
50	58
50	50
50	70
50	50
50	50
50	50
50	50
50	50
50	50
50	58
50	50
50	50
50	58
50	83
50	58
50	58
50	71
50	58
50	70
50	70
50	56
50	50
50	70
50	70
50	70
50	70
51	70
51	51
51	54
51	70
51	51
51	51
51	52
51	66
51	51
51	51
51	51
51	51
51	51
51	51
51	68
51	51
51	51
51	51
51	51
51	53
51	53
51	51
51	68
51	51
51	52
51	120
51	54
51	51
51	57
51	52
51	52
51	53
51	51
51	52
51	52
51	53
51	51
51	51
51	51
51	51
51	51
51	52
52	52
52	71
52	71
52	52
52	71
52	52
52	54
52	53
52	77
52	53
52	77
52	53
52	77
52	54
52	76
52	77
52	76
52	52
52	84
52	52
52	80
52	76
52	84
52	84
52	52
52	52
52	52
52	53
52	52
52	52
52	52
52	114
52	80
52	88
52	52
52	80
52	75
52	79
52	84
52	54
52	52
52	53
52	95
52	80
52	95
53	95
53	53
53	74
53	74
53	53
53	54
53	53
53	80
53	80
53	74
53	54
53	98
53	74
53	80
53	53
53	53
53	53
53	61
53	53
53	114
53	121
53	69
53	121
53	53
53	53
53	120
53	61
53	53
53	78
53	53
53	53
53	119
53	53
53	53
53	107
53	53
53	107
53	74
53	53
53	121
53	53
53	120
53	98
53	98
53	98
53	98
53	54
53	95
53	78
53	78
53	53
53	78
53	114
53	78
53	53
53	84
53	60
53	53
53	78
53	53
53	53
53	80
53	53
53	80
53	53
53	78
53	78
53	79
53	54
53	79
54	95
54	54
54	79
54	78
54	80
54	82
54	80
54	80
54	79
54	84
54	79
54	79
54	84
54	54
54	77
54	82
54	59
54	79
54	59
54	77
54	72
54	54
54	71
54	72
54	55
54	54
54	56
54	55
54	72
54	55
54	56
54	55
54	54
54	72
54	54
54	54
54	83
54	54
54	55
54	83
54	54
54	71
54	54
54	72
54	72
54	71
54	54
54	54
54	54
54	54
54	70
54	55
54	93
54	54
54	54
54	54
54	54
54	54
54	70
54	54
54	92
54	54
54	63
54	93
54	63
54	54
54	63
54	54
54	69
54	54
54	55
54	75
55	55
55	55
55	55
55	92
55	58
55	55
55	58
55	58
55	58
55	55
55	55
55	55
55	59
55	55
55	56
55	55
55	55
55	56
55	56
55	56
55	56
55	55
55	55
55	55
55	55
55	55
55	55
55	55
55	72
55	90
55	55
55	55
55	55
55	59
55	86
55	76
55	76
56	56
56	56
56	80
56	56
56	88
56	56
56	56
56	56
56	56
56	56
56	56
56	56
56	56
56	56
56	56
56	56
56	56
56	64
56	56
56	56
56	56
56	56
56	64
56	70
56	56
56	56
56	106
56	56
56	56
56	64
56	64
56	56
56	64
56	56
56	56
56	56
56	56
56	56
56	56
56	64
56	64
56	56
56	56
56	64
56	64
56	64
57	57
57	58
57	59
57	57
57	57
57	58
57	57
57	57
57	57
57	57
57	57
57	57
57	57
57	57
57	57
57	57
57	57
57	57
57	57
57	57
57	57
57	57
57	57
57	57
57	57
57	57
57	57
57	57
57	57
57	57
57	57
57	57
57	70
57	69
57	57
57	58
57	70
57	57
57	57
57	66
57	57
57	57
57	70
57	57
57	57
57	57
57	57
57	66
57	57
57	57
57	57
57	57
57	107
57	58
57	57
57	57
57	70
57	57
57	57
57	57
57	57
57	66
57	57
57	57
57	58
57	57
57	57
57	57
57	57
57	57
57	58
57	57
57	57
57	57
57	57
57	57
57	79
57	80
57	57
57	89
57	58
58	58
58	58
58	66
58	66
58	58
58	58
58	66
58	58
58	58
58	58
58	107
58	69
58	88
58	58
58	78
58	80
58	78
58	69
58	58
58	80
58	103
58	104
58	77
58	77
58	89
58	79
58	58
58	59
58	58
58	85
58	82
58	85
58	85
58	58
58	84
58	86
58	58
58	85
58	82
58	58
58	79
58	58
58	58
58	80
58	58
58	120
58	66
58	58
58	65
58	58
58	58
58	58
58	58
58	58
58	87
58	63
58	60
58	85
58	63
58	58
58	68
58	65
58	60
58	69
58	58
58	87
58	63
58	59
58	85
58	85
58	59
59	59
59	59
59	98
59	69
59	59
59	87
59	59
59	90
59	69
59	87
59	59
59	59
59	75
59	98
59	68
59	68
59	68
59	59
59	59
59	96
59	71
59	59
59	59
59	98
59	61
59	59
59	66
59	59
59	66
59	59
59	66
59	59
59	59
59	59
59	59
59	66
59	61
59	66
59	59
59	65
59	66
59	59
59	59
59	59
59	65
59	65
59	59
59	65
59	66
59	66
59	66
59	72
59	66
59	63
59	66
59	62
59	82
59	66
59	62
59	59
59	59
59	82
59	79
59	79
59	60
59	82
59	63
59	66
59	59
59	65
59	83
59	68
59	81
59	80
59	60
59	85
59	81
60	81
60	85
60	60
60	81
60	80
60	80
60	69
60	90
60	68
60	68
60	77
60	68
60	68
60	79
60	79
60	80
60	79
60	60
60	68
60	115
60	115
60	80
60	60
60	60
60	104
60	115
60	60
60	88
60	104
60	115
60	67
60	60
60	60
60	60
60	81
60	72
60	60
60	60
60	60
60	60
60	115
60	88
60	60
60	61
60	95
60	60
60	68
60	95
60	104
60	69
60	69
60	89
60	115
60	75
60	60
60	69
60	69
60	89
60	69
60	60
60	69
60	69
60	69
60	60
60	80
60	79
60	79
60	69
60	68
60	69
60	83
60	66
60	83
60	60
60	60
60	79
60	60
60	68
60	72
60	60
60	72
60	68
60	60
60	60
60	60
60	60
60	62
60	63
60	60
60	84
60	63
60	84
60	60
60	60
60	87
60	83
60	60
60	86
61	84
61	61
61	61
61	61
61	61
61	61
61	87
61	61
61	61
61	61
61	83
61	61
61	61
61	61
61	61
61	61
61	61
61	61
61	61
61	61
61	61
61	61
61	61
61	83
61	61
61	61
61	61
61	61
61	61
61	61
61	83
61	83
61	61
61	61
61	61
61	61
61	61
61	61
61	61
61	61
61	62
61	62
61	61
61	61
61	61
61	61
61	61
61	61
61	61
61	80
61	61
61	61
61	61
61	78
61	61
61	61
61	61
61	87
61	61
61	61
61	101
61	61
61	61
61	86
61	114
61	61
61	114
61	61
61	61
61	114
61	114
61	114
61	61
61	115
61	114
61	114
61	115
61	61
61	61
61	114
61	61
61	61
61	61
61	61
61	61
61	61
61	61
61	113
61	114
61	61
61	114
61	61
61	114
61	113
61	61
61	62
61	62
61	62
61	61
61	62
61	62
61	62
61	61
61	61
62	62
62	83
62	62
62	62
62	68
62	62
62	62
62	62
62	62
62	62
62	63
62	62
62	62
62	62
62	62
62	62
62	62
62	62
62	63
62	62
62	62
62	62
62	62
62	62
62	62
62	62
62	62
62	62
62	62
62	62
62	62
62	62
62	84
62	62
62	62
62	62
62	62
62	62
62	62
62	84
62	86
62	86
62	62
62	62
62	84
62	62
62	62
62	62
62	62
62	62
62	62
62	84
62	62
62	62
62	62
62	86
62	62
62	62
62	62
62	62
62	62
62	65
62	84
62	84
62	62
62	62
62	62
62	86
62	62
62	62
62	62
62	63
62	62
62	62
62	62
62	62
62	62
62	66
62	62
62	62
62	83
62	66
63	63
63	83
63	63
63	83
63	63
63	63
63	83
63	63
63	63
63	63
63	83
63	63
63	83
63	68
63	63
63	87
63	63
63	83
63	63
63	63
63	63
63	85
63	65
63	63
63	86
63	87
63	75
63	63
63	93
63	85
63	67
63	63
63	67
63	63
63	85
63	63
63	65
63	76
63	63
63	63
63	90
63	63
63	93
63	63
63	92
63	93
63	65
63	65
63	63
63	63
63	63
63	65
63	63
63	63
63	63
63	63
63	63
63	63
63	63
63	63
63	63
63	63
63	63
63	65
63	63
63	63
63	120
63	63
63	65
63	63
63	63
63	63
63	64
64	64
64	64
64	64
64	66
64	64
64	64
64	64
64	64
64	64
64	64
64	64
64	64
64	64
64	64
64	64
64	64
64	64
64	64
64	64
64	64
64	64
64	64
64	64
64	64
64	64
64	64
64	64
64	64
64	64
64	64
64	64
64	64
64	64
64	64
64	64
64	64
64	64
64	64
64	64
64	64
64	65
64	64
64	107
64	65
64	65
65	104
65	67
65	65
65	65
65	65
65	65
65	65
65	65
65	65
65	65
65	65
65	66
65	65
65	65
65	114
65	65
65	65
65	65
65	65
65	66
65	66
65	88
65	65
65	65
65	65
65	65
65	65
65	66
65	66
65	65
65	65
65	65
65	65
65	90
65	90
65	65
65	65
65	65
65	65
65	65
65	65
65	65
65	65
65	65
65	65
65	65
65	66
65	65
65	65
65	65
65	65
65	121
65	121
65	65
65	66
65	72
66	66
66	66
66	66
66	66
66	66
66	66
66	66
66	66
66	66
66	66
66	66
66	122
66	66
66	66
66	66
66	66
66	66
66	66
66	66
66	66
66	66
66	66
66	66
66	66
66	90
66	66
66	66
66	70
66	70
66	66
66	66
66	66
66	66
66	66
66	66
66	66
66	66
66	66
66	70
66	70
66	66
66	70
66	69
66	88
66	66
66	90
66	69
66	69
66	89
66	104
67	95
67	67
67	123
67	67
67	67
67	67
67	67
67	69
67	98
67	97
67	67
67	70
67	71
67	96
67	104
67	96
67	67
67	95
67	67
67	96
67	67
67	67
67	88
67	67
67	67
67	67
67	75
67	67
67	95
67	96
67	75
67	105
67	88
67	80
67	67
67	67
67	92
67	67
67	67
67	67
67	88
67	67
67	67
67	96
67	96
67	67
67	67
67	89
67	67
67	88
67	89
67	68
67	71
67	88
67	68
67	69
67	69
67	68
67	67
67	96
67	67
67	96
67	87
67	69
67	68
67	105
67	87
67	68
67	105
67	67
67	67
67	68
67	68
67	105
67	80
67	67
67	67
67	101
67	101
67	68
67	101
67	102
67	68
67	69
68	102
68	68
68	107
68	68
68	68
68	68
68	68
68	68
68	68
68	106
68	80
68	107
68	68
68	107
68	68
68	68
68	106
68	68
68	68
68	68
68	68
68	79
68	81
68	68
68	68
68	104
68	104
68	103
68	68
68	105
68	68
68	69
68	68
68	68
68	80
68	68
68	68
68	68
68	79
68	69
68	68
68	87
68	69
68	78
68	107
68	79
68	68
68	68
68	89
68	69
68	69
68	79
68	68
68	69
68	69
68	89
68	68
68	69
68	69
68	69
68	69
68	69
68	82
68	87
68	69
68	69
68	68
68	79
68	80
68	79
68	69
69	69
69	69
69	70
69	69
69	69
69	69
69	69
69	69
69	69
69	79
69	105
69	69
69	69
69	69
69	69
69	69
69	69
69	105
69	69
69	69
69	81
69	69
69	69
69	69
69	69
69	69
69	69
69	69
69	69
69	69
69	87
69	69
69	69
69	69
69	89
69	69
69	69
69	69
69	69
69	89
69	79
69	113
69	69
69	69
69	80
69	69
69	89
69	89
69	88
69	69
70	70
70	70
70	70
70	70
70	109
70	70
70	70
70	70
70	70
70	70
70	70
70	70
70	89
70	89
70	70
70	70
70	70
70	70
70	70
70	70
70	70
70	70
70	70
70	70
70	70
70	89
70	97
70	121
70	70
70	89
70	97
70	70
70	88
70	72
70	97
70	98
70	70
70	70
70	89
70	70
70	97
70	88
70	70
70	96
70	88
70	98
70	98
70	70
70	98
70	89
70	89
70	88
70	72
70	70
70	89
70	107
70	70
70	70
70	96
70	71
70	71
70	104
70	70
70	70
70	104
70	70
70	104
70	97
70	98
70	95
70	96
70	71
70	104
70	70
70	71
70	71
71	71
71	111
71	77
71	111
71	91
71	111
71	71
71	104
71	96
71	104
71	72
71	92
71	72
71	92
71	99
71	111
71	99
71	77
71	71
71	74
71	71
71	99
71	112
71	99
71	72
71	71
71	71
71	99
71	74
71	111
71	99
71	71
71	99
71	71
71	71
71	71
71	71
71	71
71	120
71	99
71	98
71	98
71	97
71	97
71	97
71	120
71	71
71	120
71	72
71	120
71	120
71	94
71	71
71	71
71	72
71	120
71	71
71	120
71	112
71	76
71	72
71	99
71	71
71	90
71	72
72	120
72	72
72	72
72	82
72	74
72	72
72	72
72	72
72	99
72	72
72	72
72	96
72	72
72	97
72	72
72	83
72	96
72	96
72	72
72	111
72	72
72	72
72	72
72	72
72	72
72	72
72	72
72	72
72	113
72	111
72	111
72	111
72	72
72	99
72	111
72	111
72	111
72	97
72	72
72	119
72	79
72	77
72	73
72	78
72	77
72	77
72	111
73	119
73	119
73	119
73	79
73	73
73	73
73	73
73	73
73	119
73	120
73	73
73	98
73	73
73	73
73	120
73	119
73	120
73	73
73	119
73	98
73	120
73	73
73	120
73	120
73	73
73	73
73	73
73	120
73	99
73	73
73	77
73	77
73	120
73	119
73	73
73	76
73	122
73	85
73	98
73	73
73	119
73	76
73	76
73	85
73	74
73	120
73	120
73	73
73	99
73	73
73	73
73	73
73	77
73	74
73	77
73	111
73	111
73	92
73	91
73	111
73	111
73	111
73	111
73	73
73	92
73	76
73	91
73	112
73	74
73	91
73	99
73	112
73	85
73	79
73	91
73	79
74	74
74	78
74	88
74	77
74	74
74	74
74	74
74	74
74	74
74	74
74	74
74	74
74	74
74	74
74	74
74	85
74	74
74	74
74	112
74	74
74	111
74	74
74	99
74	98
74	111
74	76
74	76
74	84
74	111
74	74
74	74
74	74
74	74
74	86
74	86
74	98
74	76
74	78
74	88
74	76
74	74
74	84
74	111
74	79
74	76
74	74
74	87
74	74
74	98
74	74
74	98
74	74
74	74
74	115
74	75
74	74
75	113
75	113
75	114
75	76
75	75
75	75
75	123
75	75
75	102
75	115
75	95
75	116
75	115
75	115
75	75
75	115
75	99
75	77
75	102
75	75
75	95
75	116
75	76
75	112
75	114
75	75
75	76
75	113
75	121
75	98
75	75
75	112
75	76
75	76
75	75
75	75
75	75
75	87
75	75
75	96
75	92
75	75
75	88
75	95
75	113
75	95
75	88
75	98
75	78
75	92
75	120
75	75
75	77
75	77
75	92
75	75
75	77
75	93
75	77
75	94
75	76
75	75
75	76
75	79
75	79
75	79
75	78
75	75
75	75
75	87
75	75
75	98
75	98
75	90
75	80
75	80
75	87
75	87
76	88
76	121
76	87
76	98
76	98
76	98
76	76
76	98
76	96
76	98
76	78
76	90
76	82
76	90
76	82
76	78
76	79
76	76
76	93
76	76
76	98
76	76
76	76
76	85
76	92
76	76
76	76
76	94
76	92
76	95
76	96
76	88
76	98
76	92
76	92
76	76
76	76
76	112
76	112
76	112
76	112
76	77
76	77
76	76
76	76
76	77
77	77
77	79
77	79
77	82
77	77
77	79
77	77
77	96
77	88
77	89
77	89
77	104
77	79
77	104
77	77
77	104
77	107
77	84
77	77
77	103
77	88
77	105
77	88
77	79
77	79
77	104
77	77
77	103
77	104
77	103
77	103
77	77
77	77
77	105
77	83
77	83
77	106
77	77
77	77
77	79
77	79
77	79
77	77
77	78
77	77
77	77
77	77
77	78
77	78
77	77
77	98
77	77
77	78
78	98
78	78
78	88
78	98
78	88
78	83
78	83
78	83
78	78
78	106
78	102
78	102
78	103
78	107
78	78
78	78
78	78
78	103
78	95
78	120
78	119
78	103
78	78
78	80
78	78
78	83
78	80
78	78
78	80
78	95
78	107
78	93
78	78
78	78
78	88
78	78
78	102
78	103
78	89
78	80
78	80
78	79
78	88
78	88
78	80
78	80
78	102
78	79
78	102
78	82
79	102
79	79
79	79
79	79
79	79
79	79
79	80
79	79
79	84
79	79
79	82
79	120
79	79
79	79
79	79
79	82
79	79
79	98
79	81
79	79
79	79
79	84
79	84
79	92
79	88
79	89
79	89
79	79
79	84
79	79
79	103
79	80
79	80
80	80
80	80
80	83
80	115
80	80
80	80
80	83
80	83
80	80
80	83
80	82
80	85
80	80
80	82
80	80
80	80
80	80
80	95
80	80
80	103
80	85
80	80
80	95
80	102
80	80
80	101
80	82
80	84
80	81
80	81
80	80
80	102
80	80
80	98
80	81
80	81
80	81
81	102
81	81
81	81
81	81
81	81
81	100
81	100
81	100
81	81
81	81
81	94
81	99
81	91
81	100
81	81
81	95
81	82
81	105
81	81
81	95
81	95
81	105
81	95
81	105
81	81
81	94
82	94
82	93
82	82
82	112
82	102
82	82
82	93
82	82
82	82
82	82
82	82
82	85
82	82
82	82
82	82
82	82
82	84
82	82
82	84
82	82
82	84
82	84
82	82
82	84
82	85
82	86
82	84
82	82
82	84
82	82
82	82
82	84
82	104
82	106
83	104
83	83
83	83
83	83
83	83
83	107
83	105
83	105
83	105
83	83
83	106
83	83
83	83
83	102
83	83
83	83
83	100
83	83
83	83
83	83
83	84
83	83
83	83
83	83
83	106
83	106
83	83
83	106
83	104
83	106
83	83
83	104
83	83
83	84
83	83
83	105
83	105
83	85
83	83
83	106
84	86
84	84
84	102
84	102
84	86
84	84
84	86
84	84
84	84
84	84
84	87
84	86
84	84
84	84
84	87
84	86
84	84
84	84
84	87
84	85
84	87
84	85
84	86
84	84
84	85
84	86
84	85
84	84
84	85
84	84
84	85
84	85
84	85
85	87
85	85
85	85
85	85
85	85
85	85
85	87
85	85
85	89
85	87
85	85
85	85
85	86
85	85
85	87
85	85
85	85
85	98
85	87
85	87
85	98
85	86
85	85
85	86
85	105
85	86
85	85
85	86
85	86
85	86
85	86
85	86
85	85
85	86
85	86
86	86
86	86
86	86
86	86
86	86
86	86
86	86
86	86
86	86
86	86
86	86
86	86
86	86
86	86
86	86
86	86
86	87
86	87
86	86
86	86
86	86
86	86
86	86
86	86
86	97
86	87
86	98
86	88
86	86
86	86
86	86
86	88
86	88
87	87
87	87
87	87
87	87
87	87
87	87
87	89
87	87
87	87
87	98
87	88
87	87
87	87
87	95
87	98
87	88
87	88
88	95
88	99
88	94
88	88
88	98
88	98
88	88
88	95
88	95
88	88
88	98
88	98
88	89
88	98
88	89
88	98
88	88
88	98
88	88
88	98
88	89
88	88
88	88
88	88
88	98
88	95
88	96
88	88
88	89
88	95
88	96
88	89
88	92
88	88
88	101
88	89
88	89
88	91
88	90
89	102
89	89
89	114
89	104
89	94
89	92
89	92
89	91
89	91
89	93
89	91
89	89
89	93
89	98
89	91
89	97
89	89
89	98
89	89
89	98
89	89
89	98
89	89
89	89
89	89
89	97
89	89
89	98
89	96
89	89
89	98
89	91
89	92
89	93
89	89
89	89
89	89
89	89
89	90
89	90
89	90
90	90
90	92
90	90
90	90
90	90
90	90
90	90
90	91
90	92
90	91
90	90
90	90
90	90
90	93
90	90
90	90
90	90
90	90
90	90
90	90
90	90
90	118
90	90
90	111
90	91
90	90
90	90
90	90
90	93
90	90
90	93
90	90
90	90
90	90
90	91
90	94
90	92
90	92
90	91
90	92
90	90
90	104
90	90
90	111
90	90
90	94
90	112
90	92
90	90
90	91
90	90
90	90
90	91
90	91
91	91
91	91
91	91
91	91
91	91
91	91
91	112
91	111
91	97
91	91
91	91
91	99
91	99
91	91
91	111
91	91
91	92
91	94
92	105
92	95
92	94
92	118
92	118
92	109
92	101
92	116
92	101
92	111
92	94
92	97
92	92
92	92
92	94
92	111
92	94
92	118
92	94
92	92
92	94
92	95
92	94
92	92
92	92
92	92
92	92
92	92
92	93
92	93
92	93
92	92
92	92
92	92
92	93
92	92
92	93
93	93
93	93
93	93
93	93
93	93
93	94
93	94
93	93
93	94
93	94
93	95
94	94
94	94
94	95
94	95
94	118
94	94
94	94
94	94
94	95
94	94
94	106
94	118
94	94
94	94
94	94
94	95
94	95
94	117
94	117
94	94
94	94
94	117
94	106
94	94
94	112
94	94
94	94
94	94
94	104
94	94
94	94
94	94
94	94
94	109
94	95
94	95
94	95
94	116
94	95
94	109
94	103
94	104
94	94
94	103
94	103
94	112
94	95
94	95
94	101
94	105
94	105
94	94
94	96
94	95
94	105
95	95
95	110
95	109
95	104
95	96
95	104
95	105
95	105
95	121
95	95
95	104
95	103
95	118
95	97
95	95
95	103
95	101
95	103
95	96
95	103
95	118
95	95
95	104
95	104
95	97
95	104
95	103
95	96
95	95
95	95
95	103
95	95
95	95
95	103
95	95
95	96
95	95
95	103
95	95
95	112
95	112
95	95
95	97
95	104
95	104
95	104
95	104
95	99
95	99
95	103
95	95
95	99
95	99
95	103
95	99
95	121
95	95
95	97
95	99
95	99
95	120
95	99
95	102
95	99
95	103
95	99
95	116
95	95
95	105
95	95
95	116
95	98
95	98
95	105
95	98
95	95
95	105
95	96
95	105
95	98
95	105
95	95
95	95
95	98
95	95
95	95
95	98
95	96
96	96
96	96
96	105
96	96
96	96
96	96
96	96
96	96
96	105
96	114
96	96
96	96
96	96
96	96
96	96
96	112
96	96
96	96
96	98
96	96
96	96
96	96
96	96
96	98
96	97
96	98
96	96
96	102
96	97
96	96
96	96
96	96
96	102
96	96
96	96
96	110
96	96
96	97
96	96
96	111
96	96
96	116
96	97
96	102
96	102
96	98
96	102
96	102
96	102
96	98
96	97
96	96
96	116
96	96
96	116
96	96
96	96
96	97
96	97
96	97
96	97
96	97
96	96
96	97
96	97
96	97
96	97
96	97
96	111
96	96
96	98
96	98
96	97
96	96
96	98
96	99
96	99
96	97
96	100
97	99
97	97
97	98
97	97
97	100
97	100
97	101
97	97
97	97
97	112
97	98
97	97
97	111
97	97
97	97
97	111
97	111
97	112
97	100
97	98
97	100
97	100
97	99
97	97
97	97
97	112
97	99
97	97
97	100
97	113
97	102
97	112
97	113
97	97
97	97
97	97
97	97
97	97
97	97
97	100
97	111
97	111
97	103
97	121
97	108
97	103
97	97
97	97
97	101
97	97
97	99
97	102
97	112
97	97
97	106
97	97
97	99
97	113
97	112
97	97
97	113
97	112
97	102
97	97
97	102
97	101
97	116
97	113
97	97
97	106
97	97
97	102
97	116
97	102
97	97
97	99
97	116
97	115
97	97
97	114
98	115
98	115
98	107
98	115
98	98
98	98
98	117
98	98
98	98
98	111
98	111
98	98
98	98
98	112
98	111
98	119
98	110
98	119
98	113
98	98
98	98
98	112
98	112
98	98
98	98
98	98
98	112
98	98
98	98
98	112
98	113
98	116
98	116
98	98
98	98
98	98
98	98
98	98
98	98
98	98
98	98
98	98
98	110
98	98
98	116
98	98
98	121
99	99
99	99
99	99
99	99
99	99
99	99
99	99
99	99
99	99
99	102
99	99
99	99
99	113
99	99
99	102
99	102
99	108
99	111
99	111
99	102
99	119
99	113
99	99
99	112
99	99
99	119
99	99
99	119
99	103
99	119
99	99
99	111
99	111
99	106
99	108
99	99
99	108
99	113
99	112
99	103
99	103
99	99
99	99
99	112
99	99
99	111
99	107
99	120
99	99
99	107
99	120
99	99
99	103
99	120
99	99
99	100
99	113
99	102
99	99
99	99
99	103
99	120
99	99
99	103
99	99
99	103
99	120
99	99
99	113
99	120
99	103
99	120
99	120
99	99
99	99
99	113
99	102
99	120
99	99
99	102
99	108
99	99
99	99
99	120
99	120
99	120
99	100
99	121
99	103
99	99
99	100
99	100
100	100
100	121
100	112
100	100
100	101
100	100
100	113
100	100
100	100
100	100
100	101
100	100
100	100
100	112
100	101
100	100
100	102
100	100
100	100
100	113
100	100
100	100
100	112
100	119
100	101
100	120
100	101
100	100
100	119
100	101
100	101
100	100
100	100
100	100
100	119
100	100
100	100
100	121
100	119
100	100
100	100
100	101
100	101
100	112
100	101
100	101
100	101
100	101
100	111
101	112
101	102
101	111
101	123
101	101
101	101
101	118
101	101
101	118
101	118
101	101
101	101
101	121
101	101
101	101
101	101
101	101
101	101
101	101
101	102
101	124
101	101
101	101
101	111
101	121
101	111
101	101
101	112
101	121
101	112
101	112
101	112
101	101
101	105
101	102
101	101
101	102
101	101
101	112
101	102
101	102
101	107
101	109
101	101
101	101
101	101
101	102
101	116
101	102
101	118
101	103
101	101
101	101
101	101
101	101
101	103
101	102
101	106
102	102
102	102
102	102
102	112
102	106
102	107
102	102
102	102
102	103
102	106
102	102
102	105
102	102
102	115
102	107
102	116
102	121
102	116
102	116
102	120
102	102
102	120
102	116
102	106
102	116
102	102
102	116
102	116
102	104
102	102
102	107
102	102
102	104
102	104
102	102
102	102
102	102
102	106
102	102
102	102
102	102
102	102
102	102
102	102
102	102
102	102
102	102
102	102
102	102
102	103
102	103
102	103
102	102
102	102
102	106
102	102
102	103
102	102
102	103
102	103
102	103
102	103
102	103
102	102
102	103
102	106
102	114
103	103
103	103
103	103
103	103
103	110
103	103
103	110
103	103
103	103
103	106
103	110
103	103
103	103
103	103
103	103
103	103
103	109
103	103
103	103
103	103
103	103
103	103
103	103
103	103
103	103
103	109
103	103
103	103
103	103
103	112
103	103
103	103
103	112
103	103
103	103
103	103
103	104
103	107
103	103
103	104
103	109
103	104
103	103
103	104
103	105
103	104
103	103
103	103
103	103
103	121
103	103
103	107
103	103
103	121
103	103
103	103
103	113
103	103
103	105
103	103
103	105
103	109
103	109
103	106
103	105
104	104
104	104
104	118
104	107
104	104
104	106
104	104
104	106
104	106
104	106
104	106
104	118
104	109
104	105
104	105
104	118
104	105
104	118
104	105
104	105
104	105
104	104
104	104
104	104
104	121
104	109
104	105
104	120
104	105
104	116
104	117
104	109
104	109
104	117
104	104
104	104
104	123
104	116
104	105
104	105
104	105
104	105
104	104
104	104
104	111
104	104
104	116
104	105
104	104
104	109
104	104
104	109
104	104
104	109
104	105
104	113
104	116
104	104
104	122
104	104
104	104
104	104
104	117
104	104
104	122
104	117
104	123
104	105
104	122
104	105
105	105
105	117
105	105
105	123
105	109
105	117
105	116
105	105
105	105
105	116
105	105
105	116
105	117
105	105
105	107
105	117
105	107
105	105
105	107
105	105
105	107
105	107
105	105
105	105
105	105
105	105
105	105
105	109
105	107
105	107
105	105
105	112
105	105
105	106
105	121
105	109
105	105
105	109
105	105
105	109
105	109
105	109
105	109
105	109
105	105
105	109
105	106
105	106
105	105
105	105
105	105
105	121
105	121
105	108
105	105
105	105
105	105
105	109
105	105
105	116
105	117
105	116
105	116
105	106
106	118
106	118
106	118
106	106
106	106
106	106
106	106
106	118
106	118
106	106
106	106
106	106
106	106
106	106
106	106
106	106
106	109
106	106
106	118
106	106
106	106
106	106
106	106
106	106
106	106
106	106
106	106
106	106
106	106
106	108
106	108
106	106
106	106
106	106
106	106
106	108
106	106
106	108
106	106
106	108
106	108
106	106
106	106
106	106
106	106
106	108
106	106
106	106
106	108
106	106
106	107
106	107
106	106
106	121
106	121
106	113
107	107
107	107
107	107
107	113
107	113
107	107
107	107
107	107
107	107
107	107
107	107
107	107
107	107
107	118
107	107
107	110
107	107
107	107
107	113
107	107
107	107
107	107
107	107
107	107
107	107
107	107
107	113
107	107
107	107
107	107
107	107
107	121
107	113
107	121
107	107
107	107
107	107
107	107
107	107
107	107
107	118
107	118
107	107
107	118
107	107
107	107
107	107
107	107
107	107
107	118
107	107
107	108
107	118
107	108
107	107
107	107
107	107
107	108
107	107
107	119
107	107
107	107
107	107
107	107
107	107
107	107
107	107
107	107
107	108
107	107
107	107
107	108
107	108
107	107
107	108
107	107
107	110
107	107
107	119
107	107
107	108
107	108
107	108
107	107
108	108
108	108
108	108
108	108
108	108
108	108
108	108
108	108
108	108
108	108
108	108
108	108
108	108
108	108
108	108
108	108
108	108
108	108
108	108
108	108
108	108
108	119
108	108
108	108
108	109
108	123
108	108
108	108
108	108
108	108
108	108
108	108
108	108
108	108
108	108
108	108
108	108
108	108
108	108
108	108
108	108
108	108
108	109
108	108
108	108
108	108
108	108
108	108
108	108
108	108
108	108
108	108
108	108
108	108
108	108
108	108
108	108
108	108
108	108
108	108
108	108
108	108
108	108
108	109
108	109
108	108
108	108
108	108
108	108
108	108
108	108
108	118
108	108
108	108
108	109
108	108
108	118
108	122
108	121
108	118
108	118
108	118
108	121
108	109
109	116
109	109
109	121
109	109
109	118
109	109
109	109
109	118
109	109
109	109
109	122
109	118
109	109
109	109
109	117
109	109
109	109
109	122
109	109
109	109
109	122
109	109
109	109
109	121
109	109
109	109
109	109
109	124
109	116
109	109
109	109
109	117
109	109
109	123
109	109
109	109
109	123
109	117
109	109
109	121
109	123
109	109
109	109
109	122
109	109
109	116
109	122
109	114
109	122
109	122
109	123
109	109
109	123
109	109
109	109
109	114
109	109
109	114
110	110
110	110
110	110
110	110
110	110
110	121
110	110
110	110
110	110
110	110
110	110
110	110
110	110
110	110
110	110
110	110
110	110
110	110
110	110
110	110
110	110
110	110
110	110
110	110
110	110
110	110
110	110
110	110
110	110
110	115
110	110
110	110
110	110
110	110
110	110
110	110
110	110
110	110
110	110
110	111
110	110
110	110
110	113
110	116
111	113
111	116
111	111
111	112
111	112
111	113
111	111
111	111
111	111
111	111
111	111
111	111
111	111
111	111
111	119
111	111
111	111
111	111
111	111
111	113
111	111
111	111
111	111
111	111
111	111
111	115
111	111
111	111
111	111
111	111
111	119
111	112
111	111
111	112
111	111
111	111
111	111
111	111
111	111
111	119
111	111
111	123
111	112
111	111
111	124
111	124
111	112
111	112
111	112
112	112
112	112
112	123
112	124
112	112
112	124
112	112
112	112
112	112
112	112
112	112
112	112
112	112
112	124
112	112
112	112
112	112
112	124
112	112
112	117
112	112
112	112
112	112
112	112
112	112
112	113
112	119
112	113
112	112
112	112
112	112
112	119
112	113
112	119
112	113
112	113
112	112
112	120
112	113
112	112
112	113
112	113
112	113
112	114
112	112
112	113
113	113
113	113
113	113
113	113
113	113
113	113
113	119
113	113
113	113
113	113
113	113
113	120
113	119
113	119
113	113
113	116
113	113
113	113
113	119
113	113
113	119
113	119
113	113
113	119
113	116
113	116
113	119
113	116
113	113
113	116
113	116
113	119
113	113
113	121
113	113
113	119
113	119
113	119
113	119
113	121
113	116
113	122
113	113
113	117
113	117
113	113
113	114
113	117
113	117
113	114
113	113
113	113
113	114
113	122
113	122
113	113
113	122
113	122
113	113
113	113
113	121
113	122
113	122
113	113
113	114
113	124
113	117
113	117
113	114
114	116
114	117
114	117
114	117
114	114
114	114
114	114
114	123
114	123
114	115
114	114
114	115
114	115
114	114
114	114
114	114
114	114
114	114
114	114
114	114
114	115
114	114
114	114
114	114
114	114
114	114
114	114
114	114
114	114
114	115
114	114
114	114
114	115
114	114
114	114
114	114
114	116
114	114
114	114
114	114
114	114
114	114
114	114
114	114
114	114
114	114
114	115
114	114
114	114
114	123
114	123
114	115
114	114
114	123
114	115
114	116
114	115
114	115
114	115
114	115
114	116
114	116
115	115
115	116
115	115
115	115
115	115
115	115
115	116
115	115
115	116
115	115
115	115
115	115
115	117
115	115
115	115
115	115
115	115
115	115
115	117
115	115
115	117
115	115
115	115
115	115
115	123
115	123
115	115
115	115
115	115
115	117
115	115
115	115
115	115
115	117
115	117
115	116
115	115
115	116
115	115
115	115
115	123
115	115
115	115
115	123
115	123
115	115
115	116
115	123
115	123
115	123
115	117
116	116
116	124
116	116
116	116
116	116
116	116
116	116
116	116
116	117
116	116
116	117
116	116
116	116
116	116
116	124
116	121
116	121
116	116
116	116
116	117
116	121
116	116
116	117
116	118
116	116
116	116
116	116
116	116
116	116
116	116
116	116
116	116
116	116
116	116
116	117
116	116
116	116
116	117
116	116
116	116
116	116
116	116
116	116
116	116
116	116
116	116
116	117
116	116
116	117
117	117
117	123
117	117
117	117
117	117
117	117
117	117
117	117
117	117
117	117
117	117
117	117
117	117
117	117
117	117
117	117
117	117
117	120
117	123
117	123
117	123
117	123
117	123
117	117
117	117
117	117
117	117
117	124
117	117
117	122
117	122
117	122
117	117
117	117
117	124
117	122
117	117
117	123
117	117
117	122
117	117
117	117
117	122
117	117
117	122
117	122
117	123
117	117
117	124
117	117
117	117
117	117
117	123
117	117
117	117
117	117
117	117
117	122
117	117
117	117
117	117
117	121
117	117
117	117
117	117
117	117
117	117
117	117
117	120
117	120
117	120
118	122
118	120
118	120
118	120
118	120
118	118
118	122
118	118
118	121
118	118
118	118
118	118
118	122
118	120
118	118
118	118
118	118
118	118
118	118
118	118
118	118
118	118
118	118
118	118
118	118
118	118
118	118
118	118
118	118
118	121
118	118
118	118
118	118
118	118
118	118
118	118
118	118
118	118
118	118
118	118
118	118
118	121
118	118
118	118
118	118
118	118
118	121
118	121
118	118
118	118
118	118
118	120
118	118
118	118
118	118
118	119
118	119
118	119
119	119
119	120
119	119
119	120
119	119
119	121
119	119
119	119
119	119
119	119
119	119
119	119
119	119
119	121
119	121
119	119
119	119
119	119
119	119
119	119
119	119
119	119
119	119
119	119
119	120
119	119
119	119
119	119
119	119
119	119
119	119
119	121
119	119
119	120
119	119
119	119
119	120
119	119
119	119
119	119
119	119
119	119
119	119
119	119
119	119
119	119
119	119
119	119
119	119
119	119
119	119
119	119
119	119
119	119
119	119
119	119
119	119
119	119
119	119
119	119
119	119
119	119
119	120
119	119
119	121
119	119
119	119
119	119
120	120
120	120
120	120
120	120
120	120
120	120
120	120
120	120
120	120
120	120
120	120
120	120
120	120
120	120
120	120
120	120
120	120
120	120
120	120
120	120
120	120
120	120
120	120
120	120
120	120
120	120
120	120
120	120
120	120
120	120
120	120
120	122
120	120
120	120
120	120
120	122
120	120
120	121
120	120
120	120
120	122
120	120
120	120
120	121
120	121
120	120
120	121
120	121
120	120
120	120
120	120
120	121
120	120
120	121
120	121
121	121
121	121
121	121
121	121
121	122
121	121
121	121
121	122
121	121
121	121
121	121
121	121
121	121
121	121
121	121
121	121
121	121
121	121
121	121
121	121
121	121
121	121
121	121
121	121
121	121
121	121
121	121
121	121
121	121
121	121
121	121
121	121
121	121
121	121
121	121
121	121
121	121
121	121
121	121
121	121
121	121
121	121
121	121
121	122
121	121
121	121
121	121
121	121
121	121
122	123
122	122
122	122
122	123
122	122
122	122
122	122
122	122
122	122
122	122
122	122
122	122
122	123
122	123
122	122
122	123
122	123
122	122
122	123
122	122
122	122
122	123
122	122
122	122
122	122
122	123
122	122
122	122
122	122
122	122
122	123
122	123
122	122
122	123
122	122
122	123
122	124
122	123
122	122
122	122
122	123
122	122
122	123
122	123
122	122
122	123
122	122
122	123
123	123
123	123
123	123
123	123
123	123
123	123
123	123
123	123
123	123
123	123
123	123
123	123
123	123
123	123
123	123
123	123
123	123
123	123
123	123
123	123
123	123
123	123
123	123
123	124
124	124
124	124
124	124
124	124
124	124
124	124
124	124
