4 45 1
5 37 1
5 19 1
5 46 1
5 23 1
6 45 1
6 34 3
6 48 1
6 11 1
6 47 2
6 46 1
7 21 2
7 35 2
7 12 1
7 18 1
7 8 7
7 22 1
7 7 11
7 34 1
8 27 2
8 37 1
8 8 35
8 18 1
8 24 4
8 17 1
8 19 2
8 21 4
8 15 6
8 16 6
8 23 2
8 9 5
8 10 4
8 28 2
8 35 1
9 9 27
9 10 11
9 23 8
9 37 1
9 45 1
9 11 1
9 38 1
9 36 4
9 22 1
9 24 1
9 21 1
9 40 1
9 27 1
9 16 4
9 28 3
10 10 16
10 36 1
10 22 6
10 37 5
10 38 9
10 35 2
10 23 7
10 11 11
10 44 2
10 43 1
10 16 1
10 45 1
10 17 1
11 37 9
11 11 24
11 23 4
11 21 3
11 17 4
11 16 1
11 22 2
11 46 1
11 25 1
11 24 1
11 12 11
11 47 1
11 44 1
11 43 2
11 18 1
11 13 5
11 26 3
11 14 3
11 34 1
11 35 1
12 41 1
12 14 5
12 35 1
12 12 15
12 39 3
12 30 5
12 29 2
12 16 8
12 19 1
12 15 3
12 38 1
12 13 16
12 36 2
12 27 1
12 17 1
12 18 1
13 13 20
13 29 3
13 41 1
13 39 2
13 16 3
13 46 1
13 40 1
13 37 3
13 38 3
13 18 5
13 15 2
13 17 2
13 14 5
13 25 1
13 27 2
13 21 1
13 22 1
13 55 1
14 26 2
14 14 17
14 27 4
14 21 1
14 17 1
14 15 1
14 18 1
14 37 1
14 31 2
15 16 3
15 33 1
15 18 1
15 27 2
15 44 1
15 15 10
15 23 2
15 17 9
16 16 30
16 17 9
16 27 2
16 18 6
16 37 3
16 19 2
16 22 1
17 18 10
17 17 21
17 31 1
17 27 1
17 37 3
17 40 8
17 26 1
17 41 3
18 30 1
18 18 18
18 37 1
18 41 1
18 27 1
19 19 24
19 24 1
19 23 1
19 22 1
19 20 6
19 52 1
19 31 1
20 20 39
20 21 4
20 55 2
20 24 5
20 36 1
20 30 3
20 31 3
20 32 9
20 23 1
20 54 4
20 52 1
21 32 3
21 25 9
21 21 40
21 29 1
21 30 2
21 55 1
21 26 5
21 54 3
21 24 8
21 23 2
21 48 3
21 44 1
21 37 1
21 22 1
22 22 26
22 23 13
22 43 2
22 46 1
22 44 3
22 32 1
22 48 1
22 38 3
22 51 3
22 24 1
22 33 1
22 34 1
23 42 1
23 23 26
23 34 1
23 44 1
23 26 2
23 38 4
23 40 1
23 45 3
23 24 3
23 25 1
23 54 1
23 48 1
23 46 1
24 24 30
24 35 1
24 26 1
24 46 3
24 25 21
24 48 3
24 45 5
25 48 1
25 25 44
25 45 5
25 32 1
25 47 1
25 26 1
26 26 13
26 37 1
26 27 5
26 39 1
26 38 2
26 28 3
27 53 1
27 27 32
27 54 4
27 30 2
27 29 3
27 52 2
27 55 1
27 33 1
27 28 7
27 36 2
27 51 1
27 35 1
27 40 2
28 28 41
28 39 4
28 36 1
28 38 1
28 29 4
29 40 2
29 29 37
29 39 4
29 53 2
29 56 3
29 35 3
29 43 1
29 52 2
29 55 6
29 30 4
29 41 2
29 50 1
30 30 41
30 50 1
30 47 4
30 49 5
30 39 2
30 36 1
30 53 3
30 51 1
30 67 1
30 55 7
30 31 7
30 54 7
30 32 1
31 31 53
31 32 9
31 52 3
31 55 1
32 32 34
32 103 1
32 58 1
32 49 1
32 45 5
32 48 5
32 47 9
32 46 4
32 97 1
32 57 4
32 36 3
32 44 3
32 51 1
32 33 2
32 75 1
32 34 1
33 34 17
33 33 35
33 56 2
33 100 2
33 75 2
33 76 6
33 94 1
33 59 5
33 80 2
33 58 5
33 43 6
33 63 2
33 35 2
33 62 5
33 61 2
33 37 2
33 86 3
33 101 1
33 36 3
33 40 1
33 99 3
33 85 3
33 60 1
33 67 4
34 59 2
34 34 26
34 60 4
34 61 4
34 42 2
34 35 5
34 64 1
34 98 1
34 95 1
34 41 1
34 63 3
34 36 1
34 58 16
34 57 2
34 46 1
34 43 2
34 75 1
34 76 1
35 35 21
35 59 1
35 58 1
35 43 3
35 76 1
35 75 1
35 56 1
35 38 4
35 50 1
35 39 1
35 48 2
35 36 4
35 47 1
35 45 1
35 57 1
36 36 21
36 57 8
36 40 1
36 38 2
36 41 1
36 37 2
36 39 1
37 37 16
37 38 3
38 38 16
38 43 1
38 39 6
38 40 1
39 39 10
39 40 5
39 51 1
39 54 1
39 56 1
40 42 1
40 46 1
40 51 1
40 40 22
40 48 1
40 41 5
40 55 3
40 52 1
41 41 2
41 52 1
41 55 1
42 48 1
43 47 2
43 51 4
43 44 2
43 57 2
43 46 3
43 48 1
43 43 1
44 46 4
44 44 3
44 48 3
44 47 2
44 45 4
44 65 2
44 98 2
44 64 1
44 53 1
44 66 3
44 78 1
45 47 6
45 79 1
45 45 28
45 59 1
45 49 4
45 66 2
45 48 8
45 78 1
45 46 5
45 71 1
45 55 1
45 68 1
45 56 1
46 49 4
46 46 27
46 48 9
46 65 1
46 47 12
46 93 1
46 50 1
46 56 3
46 100 5
46 79 3
46 80 2
47 48 10
47 47 25
47 99 1
47 51 3
47 50 3
47 49 15
47 79 1
47 56 3
47 54 1
47 55 1
48 52 1
48 48 31
48 49 6
48 75 1
48 50 3
48 70 1
48 71 5
48 101 1
48 93 2
48 94 4
49 49 27
49 82 1
49 50 5
49 94 1
49 70 3
49 71 2
49 51 2
50 50 23
50 68 3
50 56 2
50 55 2
50 51 5
50 76 3
51 51 18
51 68 4
51 56 2
51 57 2
51 55 1
51 52 2
52 52 16
52 54 3
52 55 5
52 67 2
52 70 3
52 71 6
52 65 2
52 59 1
53 71 1
53 70 3
53 58 3
53 55 5
53 56 1
53 53 1
53 59 2
53 54 4
54 54 34
54 58 2
54 55 17
54 59 3
55 55 29
55 59 3
55 56 2
55 70 2
55 58 3
55 74 1
55 76 1
56 64 8
56 56 32
56 73 7
56 70 2
56 57 6
56 75 3
56 100 1
56 76 1
56 67 1
56 74 1
56 68 1
56 99 1
56 65 2
57 72 7
57 60 1
57 74 2
57 57 19
57 64 2
57 69 1
57 68 5
57 66 5
57 63 4
57 67 5
57 73 2
57 62 1
57 58 6
57 121 1
57 59 1
58 64 1
58 58 25
58 67 4
58 60 4
58 70 2
58 74 1
58 69 1
58 59 9
58 62 1
58 66 2
58 85 1
58 104 1
58 86 2
58 80 1
59 59 18
59 62 4
59 85 3
59 70 5
59 63 2
59 67 4
59 101 2
59 64 2
59 65 4
59 86 2
59 99 4
59 75 1
59 123 1
59 97 1
59 71 2
59 103 1
59 98 1
59 61 1
60 60 29
60 73 2
60 71 3
60 98 4
60 67 6
60 64 4
60 69 1
60 70 7
60 94 1
60 96 1
60 61 12
60 62 1
60 68 2
60 122 1
60 121 1
61 61 28
61 64 5
61 99 6
61 69 1
61 118 1
61 121 2
61 77 6
61 76 2
61 65 3
61 96 4
61 85 4
61 80 1
61 62 3
61 79 1
61 84 1
61 100 1
61 103 1
61 122 2
61 123 1
62 79 2
62 85 3
62 121 3
62 62 17
62 103 1
62 105 1
62 75 6
62 104 2
62 84 1
62 78 5
62 122 3
62 77 3
62 115 3
62 64 3
62 100 2
62 99 1
62 97 3
62 98 1
62 120 1
62 96 1
62 89 2
62 74 1
62 101 1
62 83 1
62 68 1
62 63 4
62 67 1
62 76 1
62 73 1
63 63 32
63 101 5
63 67 7
63 66 6
63 64 8
63 98 3
63 99 1
63 102 3
63 104 1
63 86 1
63 73 1
63 72 1
64 74 2
64 64 30
64 68 7
64 98 3
64 99 1
64 69 6
64 67 7
64 70 6
64 97 1
64 73 3
64 122 2
64 119 4
64 65 3
65 119 4
65 65 52
65 73 4
65 70 4
65 120 1
65 90 1
65 121 2
65 83 1
65 103 2
65 77 1
65 100 1
65 87 2
65 99 3
65 66 14
65 98 1
65 67 1
65 102 3
65 101 1
66 66 32
66 75 1
66 86 4
66 102 2
66 103 1
66 119 1
66 68 2
66 79 1
66 98 2
66 84 2
66 83 2
66 73 2
66 67 3
66 95 1
66 91 5
66 78 2
66 120 2
66 101 1
66 85 1
67 67 30
67 99 3
67 84 1
67 98 1
67 101 1
67 68 4
67 72 7
67 73 5
67 75 6
67 85 3
67 87 1
67 70 3
67 74 3
67 69 2
67 76 1
68 68 25
68 73 4
68 71 1
68 72 6
68 102 1
68 88 1
68 103 1
68 98 1
68 75 1
68 74 1
68 81 1
68 69 2
69 73 1
69 76 1
69 71 5
69 69 8
69 99 1
69 102 1
69 74 1
69 72 4
69 70 8
70 73 2
70 72 1
70 70 52
70 76 4
70 75 1
70 83 1
70 74 2
70 81 1
70 71 11
70 100 1
71 71 19
71 74 7
71 101 3
71 100 3
71 72 4
71 73 2
71 77 2
71 102 1
71 93 2
71 103 1
72 93 1
72 72 20
72 74 1
72 76 2
72 73 12
72 102 2
72 101 3
72 98 2
72 99 2
72 100 1
72 88 2
73 73 22
73 102 5
73 74 4
73 93 1
73 101 3
73 103 2
74 77 2
74 102 7
74 74 22
74 101 1
74 97 2
74 78 2
74 75 2
74 83 2
74 76 3
74 88 2
74 120 1
74 79 4
74 89 3
74 108 1
75 79 4
75 78 7
75 89 7
75 75 24
75 121 1
75 92 3
75 93 1
75 95 1
75 96 1
75 103 1
75 104 1
75 99 4
75 101 1
75 102 1
75 80 2
75 100 1
75 97 1
75 76 6
76 76 38
76 77 5
76 80 4
76 100 2
77 77 17
77 100 8
77 101 9
77 99 1
77 93 3
77 80 2
77 78 6
77 102 4
77 84 1
77 85 1
77 79 2
77 118 1
77 115 1
78 115 1
78 78 21
78 97 4
78 85 1
78 116 1
78 118 4
78 79 11
78 98 3
78 101 2
78 80 3
78 82 3
78 96 1
78 83 1
78 113 3
78 81 3
78 102 1
78 89 1
78 90 1
79 101 3
79 80 10
79 102 1
79 79 30
79 118 11
79 89 3
79 84 2
79 120 6
79 117 2
79 90 2
79 121 1
79 91 1
79 114 2
79 83 3
79 96 1
79 88 1
79 104 1
79 99 1
79 100 3
79 93 1
80 80 21
80 99 7
80 100 7
80 94 1
80 86 2
80 81 4
80 82 1
80 124 6
80 114 1
80 91 2
81 109 3
81 93 3
81 114 5
81 103 2
81 101 1
81 115 7
81 117 2
81 118 1
81 81 9
81 113 1
81 90 1
81 82 5
81 86 2
81 116 1
81 106 1
82 109 4
82 82 6
82 110 1
82 101 1
82 115 2
82 88 1
82 118 1
82 92 1
82 119 5
82 113 3
82 117 2
82 121 2
82 114 2
82 93 1
82 90 1
82 108 3
82 91 2
82 99 1
83 91 5
83 123 3
83 104 2
83 90 4
83 124 3
83 101 2
83 83 7
83 120 2
83 113 1
83 88 1
83 89 3
83 111 1
83 98 1
83 84 4
83 119 1
83 92 1
84 84 7
84 111 6
84 90 4
84 109 2
84 101 1
84 124 1
84 120 1
84 122 5
84 114 1
84 108 1
84 102 1
84 97 1
84 91 2
84 103 1
84 86 1
84 85 1
85 104 1
85 85 12
85 86 8
85 99 3
85 98 3
85 115 1
85 87 2
85 94 1
85 101 1
85 100 1
85 97 3
86 86 15
86 94 9
86 114 4
86 87 2
86 99 4
86 97 1
86 90 2
86 110 2
86 102 1
86 98 2
86 101 1
86 93 1
86 91 1
86 96 1
86 116 1
86 118 1
87 87 17
87 118 2
87 119 2
87 121 3
87 111 2
87 117 1
87 109 1
87 105 4
87 92 1
87 108 2
87 115 1
87 88 4
87 90 1
87 104 1
88 88 11
88 116 2
88 114 1
88 105 2
88 95 4
88 94 1
88 104 2
88 93 1
88 92 1
88 96 1
88 89 2
88 120 2
88 107 1
89 120 3
89 105 2
89 89 8
89 104 2
89 112 1
89 96 6
89 92 3
89 115 1
89 90 1
90 90 7
90 105 2
90 103 3
90 92 1
90 104 6
90 121 1
90 120 1
90 119 1
90 108 2
90 91 1
90 107 1
90 112 1
90 110 1
91 91 4
91 111 3
91 94 2
91 117 1
91 112 1
91 102 1
91 109 1
91 95 2
91 121 2
91 118 1
91 120 1
91 122 1
91 97 1
92 111 2
92 93 1
92 109 1
92 112 1
92 92 5
92 121 2
92 104 2
92 119 2
92 115 1
92 123 1
92 116 1
92 103 1
92 117 3
92 105 1
92 94 1
93 117 2
93 93 8
93 116 1
93 109 2
93 102 2
93 118 1
93 97 1
93 100 3
93 101 4
93 103 2
93 114 4
93 110 1
93 94 1
94 115 1
94 94 7
94 100 1
94 95 4
94 102 4
94 97 1
94 101 1
94 123 2
94 114 3
94 112 1
94 117 1
94 116 2
94 124 1
95 112 3
95 124 1
95 111 1
95 114 1
95 117 1
95 101 1
95 95 5
95 116 1
96 96 9
96 123 2
96 97 4
96 120 1
96 99 3
96 124 1
96 118 4
96 114 3
96 112 1
96 111 1
97 99 3
97 97 8
97 98 12
98 98 17
98 102 3
98 110 1
98 100 3
98 120 1
98 101 1
99 99 17
99 100 4
99 103 1
99 123 3
99 122 1
99 104 1
99 101 1
99 102 1
100 100 19
100 102 1
100 115 1
101 101 15
101 102 3
101 110 1
101 115 1
101 116 3
101 118 2
101 103 1
101 109 1
101 120 1
102 102 16
102 123 1
102 117 1
102 118 1
103 103 27
103 116 4
103 105 2
103 120 2
103 118 1
103 106 1
104 116 2
104 119 4
104 104 22
104 107 1
104 105 3
104 124 2
104 113 1
104 118 1
104 106 1
104 121 2
104 123 1
104 108 1
104 112 1
104 109 1
105 123 1
105 122 1
105 106 6
105 120 3
105 105 25
105 121 3
105 107 2
106 106 14
106 120 5
106 107 4
106 121 1
106 110 1
106 122 1
107 109 2
107 107 11
107 119 2
107 120 1
107 110 1
107 111 2
107 108 2
107 113 1
107 112 1
108 112 1
108 110 4
108 108 4
108 117 1
108 121 6
108 111 1
108 122 2
108 119 1
108 109 1
109 111 1
109 110 5
109 109 11
109 119 3
109 116 3
109 118 1
109 121 1
109 117 1
109 122 1
110 119 1
110 112 1
110 110 6
110 111 1
111 122 3
111 111 11
111 113 2
111 112 3
111 117 1
111 116 1
112 123 2
112 112 8
112 117 1
112 124 5
112 114 2
112 113 1
113 113 9
113 116 2
113 115 3
113 118 2
113 114 1
113 117 1
114 114 15
114 115 4
115 115 20
115 117 8
115 116 2
115 118 1
116 116 17
116 118 3
116 117 3
116 119 1
117 117 19
117 118 2
118 118 31
118 121 1
118 120 2
118 119 5
118 122 2
119 119 21
119 120 3
119 122 1
119 121 4
120 120 42
120 121 6
121 121 38
121 122 6
122 122 27
122 124 6
122 123 3
123 123 12
123 124 1
124 124 8
