3 3 36
3 8 1
3 28 8
3 48 1
3 19 4
3 11 6
3 29 2
3 18 5
3 7 3
3 10 3
3 30 1
3 9 1
3 27 4
3 57 1
3 17 1
3 12 1
3 55 2
3 20 2
4 14 1
4 4 40
4 19 8
4 6 2
4 5 12
4 17 2
4 30 3
4 18 1
4 20 1
4 7 2
4 9 1
4 29 2
4 46 1
4 33 1
4 62 2
4 55 1
4 26 1
4 65 1
5 5 36
5 56 3
5 25 1
5 48 1
5 9 1
5 44 1
5 16 1
5 13 1
5 45 1
5 14 1
5 17 1
5 43 1
5 54 4
5 59 1
5 33 1
5 32 2
5 7 2
5 6 8
5 53 9
5 50 1
6 6 42
6 53 9
6 10 1
6 32 4
6 50 4
6 57 1
6 17 1
6 20 1
6 51 10
6 19 3
6 7 3
6 48 1
6 64 1
6 31 1
6 65 1
6 56 1
7 7 35
7 31 6
7 57 3
7 19 2
7 46 5
7 50 1
7 18 1
7 29 5
7 44 1
7 49 4
7 30 3
7 28 2
7 8 7
7 27 1
7 11 1
7 17 3
8 8 36
8 17 4
8 30 3
8 27 2
8 54 1
8 31 1
8 38 1
8 20 1
8 9 3
8 26 2
8 62 1
9 9 9
9 13 4
9 16 6
9 27 1
9 30 5
9 19 3
9 18 1
9 17 2
9 21 1
9 15 2
9 11 4
9 35 1
9 10 9
9 31 1
9 12 6
9 47 1
9 38 1
9 48 1
9 39 1
9 45 1
10 10 18
10 38 1
10 29 2
10 11 4
10 22 2
11 11 24
11 47 3
11 36 1
11 49 1
11 29 1
11 39 1
11 12 4
11 44 1
11 31 1
11 46 3
11 37 1
11 25 1
11 15 1
12 17 12
12 12 19
12 46 1
12 25 1
12 15 4
12 50 2
12 18 1
12 48 1
12 37 5
12 13 7
12 47 1
12 49 3
12 14 7
12 45 4
12 44 1
12 16 2
13 17 4
13 13 24
13 14 4
13 39 1
13 38 3
13 15 2
13 45 1
13 16 1
13 42 1
13 50 1
13 49 1
14 14 8
14 38 1
14 48 1
14 49 6
14 50 2
14 39 3
14 17 2
14 30 2
14 52 1
14 19 3
14 15 4
14 59 1
14 47 3
14 25 1
15 33 2
15 59 1
15 15 10
15 31 2
15 46 1
15 47 5
15 18 6
15 19 1
15 17 5
15 25 1
15 50 1
15 41 1
15 49 1
15 44 2
15 29 1
15 37 2
15 45 4
16 16 23
16 32 1
16 24 2
16 37 2
16 46 2
16 30 3
16 42 3
16 18 2
16 19 3
16 27 3
16 17 3
16 56 2
17 57 2
17 26 1
17 27 2
17 17 16
17 30 2
17 19 5
17 49 3
17 18 14
17 50 2
17 37 1
17 45 1
18 18 17
18 37 5
18 47 8
18 19 13
18 33 1
18 50 2
18 45 2
18 20 1
19 20 6
19 45 2
19 19 26
19 47 4
19 50 2
19 28 1
19 30 1
19 46 4
19 29 2
19 52 1
19 24 1
19 49 1
19 32 1
19 48 2
19 31 1
20 20 21
20 51 2
20 42 2
20 34 1
20 44 2
20 46 4
20 57 3
20 48 1
20 56 2
20 45 5
20 23 1
20 40 4
20 35 2
20 50 2
20 29 4
20 36 1
20 24 2
20 22 9
20 39 3
20 21 5
20 27 4
20 58 1
20 38 4
20 47 1
20 25 1
21 29 1
21 27 2
21 40 2
21 21 15
21 30 1
21 38 3
21 44 2
21 41 1
21 43 1
21 24 3
21 23 2
21 63 4
21 45 1
21 68 2
21 22 4
21 47 3
21 37 4
21 58 1
22 23 8
22 22 24
22 53 1
22 47 1
22 39 1
22 34 1
22 24 1
22 43 1
22 58 1
23 23 34
23 55 5
23 34 1
23 51 1
23 57 1
23 24 3
23 52 1
23 40 1
23 45 3
23 26 3
23 44 1
23 54 1
23 59 1
23 25 1
23 46 2
23 43 1
23 32 2
23 33 1
23 42 2
23 27 1
24 39 3
24 26 5
24 24 26
24 46 1
24 37 1
24 51 1
24 27 1
24 44 2
24 41 3
24 25 1
24 45 1
24 64 1
24 56 1
25 43 5
25 25 14
25 38 1
25 44 4
25 41 5
25 40 2
25 52 1
25 39 2
25 37 1
25 42 9
25 46 4
25 53 1
25 45 1
25 26 2
25 34 2
25 56 1
26 43 4
26 42 3
26 65 1
26 66 3
26 54 2
26 26 10
26 38 1
26 33 1
26 34 1
26 45 3
26 52 1
26 69 1
26 51 1
26 62 1
26 41 2
26 40 1
26 48 1
26 39 1
27 27 10
27 38 5
27 41 1
27 28 7
27 30 4
27 40 1
27 29 2
27 58 1
28 28 23
28 30 4
28 37 1
28 29 1
28 41 1
28 43 1
29 30 8
29 29 27
29 46 4
29 47 4
29 31 3
29 32 2
29 45 1
29 50 2
29 57 2
29 56 1
30 30 20
30 50 1
30 31 7
30 54 2
30 40 1
30 46 1
30 48 1
31 49 1
31 31 20
31 55 1
31 32 13
31 57 8
31 46 2
31 59 2
31 48 3
31 52 1
31 54 3
32 32 27
32 51 2
32 48 6
32 47 5
32 54 3
32 57 4
32 40 1
32 64 7
32 50 2
32 53 2
32 69 3
32 49 2
32 33 8
32 55 3
32 59 1
32 46 1
33 55 8
33 48 3
33 45 2
33 33 25
33 47 2
33 59 14
33 56 2
33 64 4
33 51 2
33 53 2
33 52 2
33 34 2
33 44 1
33 39 1
33 35 1
33 57 1
33 42 1
33 43 1
34 39 4
34 55 6
34 34 21
34 42 4
34 59 4
34 43 2
34 52 3
34 38 1
34 35 13
34 40 1
34 36 9
34 68 2
34 56 5
35 57 13
35 42 1
35 35 39
35 40 2
35 36 10
35 56 1
35 37 1
35 43 2
35 59 5
35 55 4
35 67 2
35 58 3
35 68 4
36 57 4
36 68 7
36 58 5
36 36 21
36 42 5
36 40 9
36 67 5
36 39 1
36 63 2
36 37 4
36 56 1
36 44 1
37 37 12
37 56 3
37 68 1
37 40 2
37 44 7
37 43 3
37 39 6
37 41 1
37 38 2
37 52 1
37 46 2
38 39 3
38 43 2
38 38 8
38 65 1
38 44 2
38 41 1
38 69 1
38 40 1
38 52 1
38 48 1
39 48 1
39 39 10
39 41 2
39 42 1
39 43 1
39 58 1
39 40 3
40 68 1
40 58 4
40 60 1
40 57 9
40 40 10
40 46 1
40 41 2
41 41 11
41 43 2
41 42 4
41 55 1
41 44 1
41 47 1
41 66 1
42 54 1
42 66 3
42 67 2
42 42 16
42 43 4
42 44 6
42 56 8
42 57 1
42 53 1
42 52 5
42 55 1
42 46 2
42 45 1
43 45 3
43 65 5
43 44 9
43 46 2
43 43 30
43 51 2
43 52 1
43 71 1
43 55 5
43 63 1
43 57 5
43 64 2
43 59 1
43 54 1
44 52 5
44 44 22
44 56 7
44 45 19
44 46 8
44 48 1
44 57 1
44 50 1
45 45 27
45 46 3
45 64 2
45 48 3
45 56 3
45 55 1
45 62 1
45 49 1
45 57 1
46 46 20
46 56 3
46 48 5
46 50 1
46 51 1
46 57 1
46 49 5
46 47 4
47 47 32
47 48 2
47 78 1
48 48 33
48 55 3
48 50 2
48 57 1
48 56 1
48 51 1
48 49 2
49 49 27
49 54 1
49 62 1
49 50 19
49 69 3
49 90 1
49 51 2
49 52 2
50 50 28
50 51 6
50 57 1
50 70 1
50 65 1
50 56 3
50 64 3
51 56 3
51 51 29
51 65 4
51 57 1
51 70 2
51 68 1
51 55 5
51 53 1
51 52 5
51 72 3
51 71 1
52 52 37
52 53 15
52 67 1
52 70 1
52 69 9
52 78 9
52 81 1
52 79 6
52 80 5
52 88 2
52 91 1
52 66 5
52 65 3
52 71 6
52 72 3
52 83 2
52 55 8
52 56 1
53 68 1
53 65 1
53 90 1
53 53 35
53 77 1
53 71 2
53 55 4
53 56 2
53 92 1
53 91 1
53 89 2
53 74 2
53 69 1
53 79 4
53 54 3
53 67 2
54 66 5
54 54 49
54 67 3
54 71 3
54 65 1
54 74 1
54 72 1
54 55 1
54 62 2
54 63 6
54 87 1
54 57 1
54 77 1
55 55 28
55 57 2
55 65 7
55 77 3
55 70 1
55 71 6
55 72 3
55 58 1
55 66 1
55 56 5
55 59 1
56 56 12
56 68 2
56 57 12
56 65 2
56 64 2
56 63 1
57 57 38
57 64 4
57 58 8
57 65 4
57 69 1
57 62 1
57 70 4
57 87 2
57 86 1
58 58 38
58 59 10
58 87 6
58 61 3
58 77 2
58 88 3
58 64 3
58 62 1
58 68 1
59 60 10
59 59 44
59 61 5
59 87 7
59 88 7
59 76 2
59 100 2
59 86 5
59 75 2
60 76 5
60 100 1
60 60 33
60 75 1
60 87 2
60 74 1
60 86 1
60 80 1
60 85 1
60 61 6
60 77 1
61 61 38
61 87 10
61 64 4
61 63 1
61 93 1
61 62 6
62 62 31
62 75 1
62 92 1
62 93 1
62 64 7
62 81 1
62 68 1
62 78 1
62 63 18
62 90 1
62 101 1
63 63 45
63 64 11
63 97 1
64 64 30
64 65 14
64 71 1
64 92 1
64 70 2
64 103 1
64 87 2
65 87 4
65 65 27
65 95 1
65 93 2
65 71 2
65 88 7
65 72 1
65 96 1
65 77 1
65 92 1
65 66 4
65 75 1
65 73 3
66 72 3
66 92 1
66 89 5
66 66 18
66 71 9
66 83 2
66 80 3
66 81 2
66 91 2
66 82 6
66 67 7
66 103 5
66 95 1
66 78 2
66 96 1
66 73 5
66 107 2
66 68 1
66 104 3
66 100 1
67 67 48
67 79 8
67 105 2
67 73 3
67 72 3
67 71 1
67 91 1
67 104 5
67 74 1
67 107 1
67 68 2
67 96 1
68 104 1
68 81 2
68 76 1
68 103 4
68 68 30
68 77 1
68 71 6
68 75 2
68 82 1
68 72 8
68 89 2
68 96 2
68 78 4
68 74 1
68 69 3
69 69 45
69 102 3
69 88 2
69 84 1
69 89 1
69 78 1
69 79 4
69 101 1
69 75 1
69 106 1
69 70 2
70 72 5
70 70 42
70 106 2
70 97 1
70 94 4
70 78 14
70 79 7
70 95 2
70 102 3
70 83 5
70 84 1
71 71 34
71 98 1
71 78 2
71 72 16
71 89 4
71 83 3
71 90 3
71 79 1
71 88 1
71 77 2
71 81 2
71 73 1
71 101 1
71 103 2
71 92 1
71 75 1
72 74 3
72 77 4
72 75 8
72 72 39
72 78 1
72 80 1
72 88 7
72 91 1
72 84 1
72 92 2
72 73 8
72 76 1
73 95 3
73 77 2
73 73 32
73 75 3
73 76 4
73 88 7
73 74 13
73 104 2
73 78 2
73 90 1
73 93 1
73 80 1
73 92 1
73 89 2
74 89 8
74 74 27
74 92 1
74 77 2
74 76 2
74 88 6
74 90 3
74 79 1
74 103 1
74 91 2
74 78 2
74 81 1
74 84 1
74 85 3
74 75 2
75 75 42
75 87 1
75 92 1
75 97 1
75 81 1
75 76 3
75 100 7
75 96 1
75 77 1
75 95 1
76 95 1
76 76 45
76 87 2
76 86 1
76 92 1
76 88 4
76 91 1
76 96 1
76 94 7
76 77 3
76 81 6
76 82 4
76 107 1
77 82 9
77 77 28
77 81 11
77 86 2
77 88 13
77 103 1
77 85 2
77 96 2
77 90 3
77 89 3
77 91 1
77 78 7
78 96 2
78 78 38
78 103 3
78 94 1
78 95 2
78 102 1
78 91 1
78 88 1
78 83 1
78 98 1
78 79 1
78 80 3
79 79 37
79 106 3
79 88 3
79 94 1
79 103 3
79 83 5
79 101 4
79 96 1
79 92 1
79 97 1
79 104 1
79 91 6
79 102 1
79 84 1
79 85 3
79 99 1
80 80 35
80 106 1
80 103 5
80 115 4
80 104 1
80 97 4
80 96 3
80 82 5
80 100 2
80 107 1
80 112 1
80 110 4
80 111 4
80 114 2
80 89 2
80 81 10
80 95 1
80 84 1
81 89 2
81 81 38
81 82 16
81 83 2
81 103 2
81 100 1
81 84 3
81 85 9
81 90 2
81 111 2
81 104 2
81 86 2
81 96 7
82 82 43
82 96 6
82 90 3
82 86 1
82 103 1
82 84 5
82 85 1
82 83 7
82 104 1
82 115 1
82 91 3
82 106 1
82 121 2
82 110 6
82 100 1
83 110 3
83 83 26
83 103 2
83 99 4
83 119 1
83 118 2
83 101 3
83 84 8
83 97 3
83 102 1
84 84 38
84 97 3
84 113 1
84 102 10
84 85 10
84 89 1
84 96 2
84 90 1
84 116 3
85 97 2
85 85 24
85 90 2
85 116 6
85 117 1
85 88 2
85 86 7
85 106 1
85 119 1
85 107 1
85 118 2
85 105 1
86 118 4
86 115 3
86 88 1
86 86 26
86 89 1
86 90 1
86 104 1
86 113 1
86 112 4
86 109 1
86 110 3
86 87 5
86 111 1
87 93 9
87 87 33
87 115 1
87 94 1
87 103 1
87 88 1
87 89 1
88 88 41
88 96 1
88 95 4
88 92 2
88 119 1
88 89 11
88 98 3
88 108 1
89 89 38
89 91 3
89 104 3
89 90 3
89 108 3
89 92 3
89 118 1
89 95 1
90 90 23
90 96 8
90 108 2
90 111 3
90 103 5
90 115 1
90 100 1
90 110 1
90 91 3
90 104 1
91 91 23
91 103 4
91 93 1
91 104 1
91 92 4
91 110 1
91 118 1
92 92 12
92 103 7
92 93 4
92 104 2
92 95 1
93 93 27
93 103 12
93 104 6
93 105 1
93 94 1
93 116 1
93 98 1
93 106 1
94 94 23
94 95 11
94 107 1
94 121 6
94 96 1
95 96 1
95 95 63
95 121 6
95 120 1
95 115 9
95 113 7
96 96 31
96 115 5
96 113 7
96 114 3
96 107 11
96 108 12
96 109 1
96 104 2
96 103 2
96 100 1
96 111 2
96 101 2
96 97 3
97 97 45
97 100 3
97 108 1
97 110 1
97 102 3
97 98 10
97 120 1
97 118 2
97 101 1
97 117 1
98 98 47
98 118 1
98 100 5
98 117 1
98 120 2
98 106 2
99 99 23
99 119 3
99 118 10
99 112 6
99 100 7
99 111 2
100 100 51
100 111 2
100 110 1
100 119 1
100 107 6
100 120 4
100 106 5
100 101 1
100 115 2
101 101 49
101 116 2
101 106 1
101 102 10
102 102 39
102 103 2
103 103 25
103 117 1
103 104 2
104 104 31
104 105 5
104 106 4
104 115 2
104 107 2
105 119 11
105 105 39
105 106 5
105 108 1
105 107 6
105 109 1
105 115 5
105 120 1
106 106 29
106 109 1
106 120 5
106 116 4
106 119 4
106 121 4
106 107 6
107 107 21
107 120 2
107 113 5
107 111 2
107 119 10
107 115 4
107 109 3
107 112 1
107 114 5
107 108 8
108 108 27
108 114 2
108 109 11
108 119 1
108 113 6
108 118 2
108 112 3
108 111 1
109 109 39
109 115 2
109 114 10
109 112 9
109 119 2
109 113 6
109 118 10
109 121 1
109 110 5
109 111 2
110 110 32
110 114 1
110 111 7
110 119 2
110 112 1
111 111 19
111 113 2
111 114 2
111 112 2
111 117 1
112 112 33
112 118 12
112 114 10
112 113 12
112 115 1
112 119 1
113 114 19
113 113 44
113 119 1
113 115 11
114 114 42
114 115 5
115 115 43
115 119 2
115 120 1
115 118 2
115 116 4
116 116 39
116 121 1
116 117 5
116 120 1
117 117 63
118 118 38
118 119 6
119 119 47
119 121 1
119 120 6
120 120 34
121 121 43
