3 30 1
3 8 1
3 33 5
3 3 27
3 34 1
3 29 2
3 4 11
3 5 1
3 15 1
3 35 2
3 21 4
3 28 1
3 14 1
3 22 2
4 4 34
4 13 15
4 17 1
4 18 1
4 28 3
4 35 2
4 21 1
4 14 1
4 22 2
4 5 3
4 12 1
4 27 2
4 20 3
4 31 1
4 10 2
5 25 5
5 13 5
5 49 10
5 6 2
5 5 27
5 14 5
5 7 1
5 9 6
5 48 1
5 15 11
5 30 8
5 37 6
5 38 1
5 33 3
5 64 1
5 41 1
5 28 1
5 43 1
5 50 1
6 64 3
6 14 2
6 6 20
6 16 5
6 15 3
6 23 1
6 68 1
6 62 1
6 25 2
6 29 2
6 10 1
6 17 3
6 22 1
6 37 3
6 39 6
6 33 2
6 50 2
6 21 1
6 13 2
6 7 4
6 12 1
6 38 1
7 7 23
7 8 5
7 26 1
7 64 1
7 35 1
7 45 3
7 44 2
7 36 1
7 32 2
7 42 2
7 13 1
7 50 2
7 18 1
7 74 2
7 11 2
7 17 1
8 8 30
8 37 2
8 22 1
8 72 2
8 39 1
8 17 2
8 62 1
8 50 1
8 13 1
8 9 2
8 45 1
8 24 2
8 41 1
8 25 1
9 13 1
9 37 4
9 58 1
9 9 16
9 24 5
9 45 1
9 14 1
9 33 1
9 39 1
9 36 3
9 72 1
9 25 3
9 10 13
9 32 2
9 55 1
9 11 5
9 60 1
9 49 2
9 46 2
9 74 2
9 48 2
9 47 2
9 26 1
9 75 1
10 33 4
10 10 31
10 36 1
10 32 4
10 41 1
10 46 6
10 42 1
10 74 1
10 23 3
10 56 2
10 25 2
10 30 2
10 16 1
10 31 2
10 50 1
10 11 2
10 17 1
11 31 2
11 47 4
11 11 21
11 17 1
11 32 7
11 18 2
11 36 3
11 52 2
11 15 3
11 20 2
11 16 1
11 37 1
11 48 1
11 12 3
12 12 49
12 36 2
12 20 1
12 47 5
12 19 6
12 33 4
12 35 1
12 75 1
12 51 1
12 31 1
12 13 4
13 19 1
13 51 3
13 13 31
13 33 2
13 14 14
13 15 5
13 52 1
13 18 2
13 37 2
13 21 5
13 49 2
13 55 1
13 50 2
13 17 1
14 14 36
14 15 5
14 50 1
14 21 2
14 68 1
14 62 1
14 64 5
14 63 1
14 16 7
14 30 2
14 56 1
14 36 1
14 46 1
15 50 1
15 34 5
15 35 1
15 16 4
15 32 1
15 49 3
15 15 20
15 36 3
15 43 1
15 30 1
15 29 1
15 51 1
15 27 1
15 33 1
15 17 1
16 16 16
16 30 1
16 40 2
16 17 5
16 61 1
17 17 23
17 40 2
17 25 1
17 28 2
17 49 3
17 22 1
17 18 3
18 28 7
18 18 19
18 26 1
18 19 1
18 40 1
18 49 5
18 22 1
18 51 1
18 30 1
18 29 1
19 27 2
19 19 13
19 48 3
19 36 3
19 20 12
19 28 2
19 35 1
20 20 46
20 28 1
20 34 1
20 35 2
20 27 1
20 36 2
20 47 4
20 53 2
20 55 1
21 21 36
21 22 6
21 24 6
21 29 5
21 25 1
21 40 2
21 28 1
21 26 1
22 24 7
22 23 8
22 27 2
22 31 2
22 22 15
22 40 1
22 28 4
22 25 1
22 26 1
22 29 1
22 33 1
22 37 1
23 23 26
23 60 1
23 38 1
23 30 3
23 29 1
23 24 11
23 62 2
23 31 2
23 32 1
23 47 1
24 24 29
24 30 5
24 31 8
24 39 2
24 37 2
24 32 2
24 59 1
24 27 1
24 55 1
24 25 4
24 26 1
25 39 2
25 25 18
25 42 1
25 54 11
25 55 5
25 26 7
25 37 5
25 47 2
25 48 1
25 46 1
25 41 2
25 36 5
25 38 1
25 31 8
25 49 1
25 33 3
25 40 2
25 53 2
25 30 1
25 29 3
25 27 1
25 28 1
26 26 21
26 54 3
26 31 3
26 36 1
26 55 6
26 37 3
26 27 5
26 40 5
26 29 2
26 53 1
26 30 1
26 49 1
27 27 9
27 49 1
27 30 2
27 29 4
27 32 5
27 28 4
27 31 3
27 47 1
27 48 3
27 40 1
28 29 8
28 31 1
28 28 13
28 40 1
28 53 1
28 37 1
29 29 21
29 33 1
29 49 3
29 32 1
29 56 1
29 30 2
29 31 2
29 60 1
30 30 25
30 31 7
30 49 6
30 34 1
30 40 1
30 33 7
30 32 1
30 42 1
31 31 32
31 33 4
31 47 3
31 49 1
31 32 3
31 74 1
31 40 1
31 48 1
31 41 1
32 32 21
32 33 4
32 41 1
32 46 7
32 44 4
32 50 1
32 47 3
32 36 5
32 45 5
32 42 2
32 51 1
32 52 1
32 39 2
33 50 2
33 37 2
33 39 2
33 47 3
33 41 2
33 46 2
33 49 3
33 33 15
33 48 3
33 40 4
33 34 4
33 54 1
33 38 4
33 35 1
34 34 51
34 35 11
34 38 2
34 36 8
34 52 1
34 61 2
35 35 49
35 61 4
35 36 3
36 36 29
36 47 7
36 48 5
36 56 1
36 75 1
36 38 4
36 54 1
36 57 1
36 53 1
36 49 1
36 40 2
36 37 2
36 72 1
37 37 14
37 38 1
37 67 1
37 39 4
37 70 1
37 40 2
37 48 5
37 47 6
37 49 4
37 64 1
37 54 4
37 55 1
37 52 3
37 46 1
38 38 51
38 53 3
38 60 2
38 52 1
38 46 7
38 74 3
38 65 3
38 59 4
38 71 3
38 42 8
38 43 6
38 61 1
38 51 1
38 44 4
38 49 2
38 39 6
38 47 2
38 40 1
38 41 1
39 43 4
39 39 22
39 66 1
39 61 1
39 71 1
39 42 1
39 44 3
39 59 3
39 46 2
39 58 1
39 49 1
39 40 6
39 47 2
40 48 7
40 40 24
40 41 6
40 45 1
40 47 1
40 57 4
40 52 2
40 58 1
40 53 3
41 41 17
41 46 1
41 57 1
41 72 2
41 77 1
41 47 1
41 58 4
41 42 2
41 62 1
42 69 1
42 42 25
42 57 4
42 62 5
42 68 4
42 58 2
42 45 3
42 71 5
42 43 9
42 70 1
42 46 1
42 44 2
42 65 2
42 74 5
42 77 2
42 66 1
42 76 3
42 75 2
42 50 1
42 53 1
43 50 2
43 51 3
43 76 6
43 52 4
43 43 18
43 44 8
43 66 2
43 61 2
43 58 4
43 77 1
43 68 2
43 72 1
43 45 3
43 46 1
43 71 2
43 70 1
43 75 4
44 71 3
44 44 18
44 70 1
44 45 9
44 67 2
44 58 1
44 66 2
44 75 1
44 73 1
45 45 16
45 75 4
45 66 7
45 71 2
45 46 9
45 67 3
45 57 2
45 65 2
46 46 27
46 73 1
46 65 2
46 74 3
46 59 6
46 53 5
46 52 3
46 57 1
46 50 3
46 75 2
46 64 2
46 72 1
47 47 27
47 72 3
47 71 1
47 48 9
47 49 2
47 69 1
48 48 13
48 49 9
48 72 2
48 50 2
49 49 18
49 63 1
50 63 4
50 50 7
50 64 1
50 75 1
50 68 2
50 76 1
50 52 2
50 61 2
50 51 1
50 74 1
50 60 1
50 90 1
51 51 18
51 68 1
51 69 3
51 75 4
51 74 1
51 52 4
51 76 3
51 71 1
51 61 2
51 79 2
51 70 1
51 55 1
51 53 1
51 89 1
51 77 1
52 88 2
52 74 1
52 75 2
52 76 3
52 89 1
52 52 16
52 70 8
52 53 13
52 54 2
52 90 1
52 63 1
52 59 2
52 84 2
52 71 1
52 57 1
53 53 20
53 64 3
53 70 6
53 60 3
53 84 2
53 59 4
53 65 6
53 58 4
53 79 1
53 78 1
53 88 1
53 81 6
53 57 2
53 80 1
53 56 2
53 62 1
53 90 2
53 54 4
53 55 7
54 57 3
54 54 15
54 55 26
54 58 1
54 86 3
54 69 1
54 65 3
54 56 2
55 55 23
55 56 5
55 57 1
55 65 1
55 85 3
55 67 1
55 60 1
55 59 1
55 66 1
55 81 2
55 62 1
55 69 1
55 58 1
56 64 5
56 70 3
56 63 2
56 56 20
56 81 2
56 57 7
56 65 4
56 66 1
56 62 3
56 60 5
56 67 3
57 66 4
57 57 21
57 60 4
57 67 2
57 64 1
57 59 2
57 75 1
57 85 1
57 73 1
58 58 30
58 65 1
58 79 2
58 77 3
58 86 3
58 75 1
58 89 2
58 87 1
58 67 1
58 59 3
58 85 2
58 63 2
58 60 1
59 66 3
59 59 19
59 60 10
59 76 1
59 63 1
59 74 1
59 65 1
59 68 1
60 60 35
60 74 12
60 88 1
60 67 3
60 75 1
60 77 1
60 69 1
60 73 3
60 62 1
60 84 1
60 61 7
60 64 1
61 61 52
61 67 3
61 78 1
61 69 4
61 76 3
61 70 2
61 71 1
61 75 1
61 68 1
61 64 6
61 62 5
61 63 1
61 77 1
62 62 29
62 64 7
62 77 2
62 68 3
62 65 4
62 69 7
62 63 3
63 64 11
63 81 2
63 63 16
63 66 6
63 65 2
63 69 1
63 70 1
64 64 21
64 69 5
64 68 2
64 71 1
64 90 2
64 81 1
64 65 2
65 65 34
65 69 1
65 70 3
65 66 5
65 79 1
65 74 2
65 80 2
66 66 23
66 78 4
66 70 1
66 81 2
66 80 1
66 68 1
66 71 1
66 86 2
66 67 3
67 67 34
67 75 2
67 70 2
67 78 2
67 76 5
67 72 3
67 77 5
67 68 4
67 69 2
68 68 29
68 75 4
68 81 4
68 82 4
68 69 11
68 88 1
68 78 3
68 72 2
68 80 7
68 79 1
68 76 1
68 90 2
68 89 1
68 71 2
68 77 2
68 74 1
68 83 1
69 69 20
69 81 6
69 80 8
69 89 2
69 74 2
69 82 2
69 78 3
69 79 2
69 70 3
70 76 10
70 70 11
70 90 3
70 81 7
70 79 2
70 80 1
70 86 1
70 77 1
70 75 3
70 88 1
70 89 1
71 72 5
71 71 10
71 90 2
71 89 1
71 75 2
71 85 1
71 82 3
71 78 1
71 76 1
71 77 1
71 74 1
72 75 2
72 77 1
72 82 3
72 85 2
72 72 7
72 76 1
72 78 5
72 80 2
72 84 2
72 73 2
73 73 37
73 75 2
73 82 2
73 77 1
73 74 1
74 74 42
74 80 1
74 75 2
74 84 1
74 77 2
74 76 2
75 75 51
75 88 2
75 76 12
75 80 1
75 89 1
75 79 1
76 76 26
76 80 1
76 89 2
76 88 3
76 77 8
76 84 2
76 79 3
76 78 2
77 79 3
77 77 26
77 89 2
77 81 1
77 80 4
77 84 1
77 78 5
77 83 1
77 82 1
78 88 4
78 84 6
78 83 1
78 82 1
78 78 24
78 85 1
78 80 10
78 81 7
78 89 1
78 79 14
79 79 12
79 88 2
79 85 1
79 81 3
79 80 8
79 89 1
79 86 3
80 80 29
80 87 1
80 82 4
80 83 2
80 84 3
80 81 10
81 89 11
81 81 25
81 90 5
81 85 1
81 86 4
81 88 3
81 84 1
81 87 3
81 82 3
82 82 39
82 88 5
82 87 4
82 84 4
82 83 22
82 86 2
83 83 29
83 84 24
83 86 1
83 85 2
83 87 2
84 84 21
84 85 3
84 88 1
85 88 3
85 85 12
85 87 6
85 86 7
85 90 1
86 86 12
86 87 5
86 90 1
87 87 14
87 89 2
87 90 1
87 88 2
88 88 18
89 89 11
89 90 2
90 90 4
