3 3 15
3 10 2
3 8 8
3 25 1
3 34 1
3 46 1
3 4 2
3 12 1
3 17 3
3 16 1
3 24 1
3 7 1
4 22 5
4 25 9
4 4 26
4 36 2
4 34 1
4 35 5
4 7 2
4 23 2
4 21 1
4 5 1
4 66 1
4 16 1
4 6 1
5 7 1
5 5 30
5 37 1
5 34 2
5 35 1
5 57 1
5 10 1
5 25 4
5 6 14
5 18 2
5 16 3
5 24 2
5 9 1
5 30 1
6 25 4
6 6 21
6 68 1
6 7 8
6 18 3
6 9 5
6 27 1
6 58 1
6 24 1
6 57 1
7 7 27
7 25 4
7 36 5
7 23 1
7 24 2
7 34 2
7 9 2
7 66 3
7 11 3
7 63 1
7 10 2
7 47 1
7 54 1
7 8 1
7 21 1
8 47 1
8 36 4
8 23 1
8 8 27
8 28 1
8 12 3
8 88 1
8 56 1
8 48 1
8 11 1
8 27 1
8 10 3
8 9 3
8 34 1
8 83 1
9 55 1
9 35 5
9 15 5
9 9 16
9 46 5
9 44 3
9 43 1
9 42 1
9 23 2
9 13 3
9 25 2
9 22 1
9 21 1
9 10 2
9 54 1
10 10 24
10 28 4
10 12 2
10 54 1
10 25 2
10 22 1
10 35 2
10 43 1
10 23 1
10 34 2
10 32 3
10 75 2
10 27 2
10 62 1
10 92 1
10 33 2
10 11 5
11 11 18
11 47 2
11 33 2
11 61 1
11 86 2
11 64 1
11 58 2
11 62 1
11 57 1
11 87 5
11 32 1
11 12 1
11 13 1
11 36 1
12 12 30
12 36 2
12 37 1
12 27 1
12 38 1
12 73 1
12 74 5
12 21 3
12 55 2
13 20 10
13 46 4
13 43 9
13 13 8
13 35 6
13 74 1
13 72 1
13 38 1
13 21 3
13 32 1
13 16 6
13 33 2
13 71 1
13 45 3
13 15 3
13 18 1
13 51 2
13 39 2
13 44 2
13 56 1
14 14 10
14 44 2
14 39 4
14 16 1
14 35 3
14 41 1
14 38 2
14 43 3
14 32 1
14 42 2
14 56 2
14 30 1
14 40 3
14 55 1
14 29 1
14 21 1
14 15 4
14 19 1
14 45 1
15 38 4
15 37 1
15 43 2
15 35 2
15 45 1
15 15 6
15 56 1
15 40 2
15 20 1
15 41 1
15 44 5
15 16 2
16 20 1
16 33 1
16 24 3
16 45 2
16 16 4
16 38 1
16 36 1
16 18 5
16 19 4
16 17 3
17 46 4
17 19 2
17 52 3
17 17 10
17 42 1
17 18 1
17 51 2
17 20 1
17 24 2
17 47 3
17 33 2
17 32 1
17 48 2
18 18 15
18 46 3
18 52 3
18 19 3
18 45 1
18 76 1
18 29 1
18 43 2
18 56 5
18 50 1
18 74 1
19 19 10
19 50 2
19 52 3
19 24 1
19 67 1
19 48 1
19 56 1
19 45 2
19 44 3
19 20 5
19 40 1
20 20 8
20 44 1
20 21 5
20 56 1
20 25 1
21 21 13
21 24 5
21 52 1
21 66 3
21 22 4
21 37 1
21 55 3
21 23 5
21 35 2
21 45 1
21 43 1
21 67 1
21 46 1
21 56 1
21 26 2
22 22 7
22 23 2
22 43 3
22 24 1
22 48 1
22 28 1
22 29 2
22 26 4
22 27 2
22 56 1
22 31 1
22 66 1
22 37 1
22 36 1
23 24 5
23 23 9
23 45 1
23 44 1
23 25 2
23 37 3
23 34 2
23 29 1
24 24 14
24 25 12
24 66 2
24 34 2
24 26 1
25 58 4
25 25 38
25 67 2
25 57 6
25 56 1
25 54 1
25 66 1
25 37 3
25 76 1
25 26 3
25 36 4
25 53 1
25 69 3
25 35 1
26 58 8
26 60 2
26 34 5
26 69 4
26 45 1
26 76 3
26 26 17
26 68 2
26 43 3
26 80 1
26 35 1
26 71 1
26 27 14
26 57 1
26 52 1
26 28 3
27 27 32
27 53 2
27 52 4
27 43 1
27 32 5
27 46 1
27 35 1
27 48 3
27 68 1
27 28 4
27 33 1
27 34 1
27 58 1
27 91 1
27 31 1
27 30 1
28 28 19
28 30 5
28 29 5
28 34 8
28 33 1
28 38 5
28 55 1
28 31 6
28 48 2
28 46 1
29 29 11
29 55 1
29 30 5
29 31 5
29 64 4
29 32 5
29 49 1
29 54 1
29 48 1
29 40 1
29 42 1
29 53 1
30 34 3
30 30 19
30 64 4
30 67 1
30 91 2
30 49 1
30 33 1
30 32 7
30 53 2
30 31 8
30 42 1
31 31 26
31 32 11
31 64 8
31 38 4
31 67 1
31 68 1
31 65 1
31 54 1
31 71 1
31 53 1
31 41 1
31 37 2
31 34 2
31 49 1
31 40 2
32 34 2
32 32 24
32 38 4
32 42 1
32 44 1
32 62 1
32 47 2
32 40 1
32 35 1
32 63 3
32 64 1
32 48 1
32 33 3
32 52 1
32 61 1
33 33 13
33 103 1
33 62 4
33 57 3
33 38 2
33 63 5
33 34 5
33 50 1
33 71 1
33 61 1
33 36 1
33 53 1
33 79 1
33 52 1
33 51 1
33 35 2
33 58 1
33 47 2
33 69 1
34 86 1
34 60 1
34 34 20
34 47 1
34 71 2
34 35 3
34 82 1
34 59 3
34 87 1
34 90 1
34 53 3
34 63 2
34 80 1
34 36 2
34 69 1
34 88 1
34 64 1
35 50 1
35 35 13
35 51 1
35 101 1
35 68 2
35 91 1
35 92 2
35 66 1
35 63 1
35 36 4
35 53 1
35 62 1
35 57 1
35 61 1
36 36 34
36 51 1
36 62 2
36 57 4
36 82 1
36 98 2
36 65 5
36 103 2
36 69 1
36 87 3
36 53 3
36 54 2
36 58 1
36 68 1
36 75 4
36 37 3
36 55 3
36 72 1
37 58 1
37 37 39
37 55 4
37 38 1
37 102 1
37 72 3
37 67 1
37 42 4
37 64 1
37 48 1
37 41 1
38 38 36
38 76 1
38 57 1
38 65 3
38 55 1
38 44 3
38 41 10
38 40 1
38 42 2
38 39 7
38 45 1
38 49 1
39 39 26
39 44 4
39 41 8
39 42 4
39 40 2
39 50 1
39 45 1
39 51 2
40 40 27
40 51 1
40 64 2
40 43 4
40 45 1
40 42 4
40 44 1
40 52 1
40 41 4
40 50 1
41 41 15
41 48 4
41 64 2
41 66 1
41 45 4
41 51 1
41 42 2
41 65 1
42 42 19
42 45 5
42 64 5
42 48 1
42 51 1
42 43 2
42 52 2
43 43 10
43 52 3
43 51 2
43 46 3
43 64 4
43 63 1
43 45 4
43 56 1
43 44 4
44 44 13
44 55 7
44 64 3
44 49 1
44 45 3
44 56 5
45 45 15
45 56 3
45 51 1
45 50 1
45 75 1
45 46 1
46 46 13
46 56 2
46 52 2
46 48 3
46 65 2
46 47 2
46 70 1
47 47 7
47 65 2
47 48 2
47 78 2
47 70 2
47 64 1
47 57 1
48 49 5
48 48 7
48 74 1
48 61 1
48 66 1
48 73 1
48 58 2
48 67 3
49 49 11
49 66 2
49 67 2
49 50 1
49 64 1
49 58 1
49 91 1
49 65 1
49 62 1
50 50 12
50 64 1
50 68 1
50 51 13
50 52 2
50 53 2
50 56 1
50 57 1
51 51 34
51 52 9
51 56 1
51 71 1
51 57 1
51 68 3
51 69 1
52 52 16
52 82 1
52 57 1
52 53 6
52 69 2
52 56 1
52 73 1
53 53 22
53 54 6
53 73 5
53 66 1
53 63 3
53 75 1
53 71 2
53 69 3
53 79 3
53 58 1
53 60 1
53 68 3
53 72 1
53 67 1
53 70 2
54 73 7
54 54 23
54 55 2
54 77 2
54 66 1
54 79 1
54 63 1
54 71 1
54 68 11
54 75 1
54 65 1
54 69 2
54 78 1
54 87 1
55 73 8
55 55 38
55 77 3
55 76 1
55 57 2
55 61 1
55 74 2
55 67 11
55 68 5
55 72 4
55 66 2
55 56 5
56 56 17
56 68 2
56 71 2
56 57 7
56 66 1
56 74 1
57 57 35
57 67 3
57 59 1
57 66 5
57 61 1
57 87 1
57 68 1
57 65 1
58 87 2
58 58 26
58 103 6
58 64 2
58 76 1
58 82 1
58 91 10
58 60 2
58 62 3
58 63 10
58 69 4
58 68 1
58 80 1
58 67 5
58 77 1
58 71 3
58 66 2
58 59 9
58 86 4
58 99 1
58 98 1
58 61 1
58 90 1
59 64 4
59 103 5
59 59 26
59 60 11
59 90 14
59 61 7
59 101 3
59 85 6
59 87 4
59 83 1
59 99 1
59 91 1
59 96 1
59 102 3
59 86 7
59 84 1
60 86 7
60 72 2
60 84 1
60 103 5
60 60 9
60 73 1
60 101 3
60 90 1
60 61 6
60 97 1
60 87 7
60 85 3
60 65 1
60 88 1
60 62 6
60 83 2
60 75 1
60 80 1
60 82 1
60 71 1
61 86 4
61 88 1
61 61 16
61 76 1
61 87 2
61 62 15
61 80 3
61 71 1
61 102 1
61 99 1
61 101 1
61 103 1
61 64 1
61 82 5
61 83 1
62 62 23
62 79 2
62 68 1
62 103 4
62 85 1
62 83 1
62 64 1
62 72 2
62 82 3
62 71 1
62 101 2
62 91 3
62 63 1
62 67 1
63 63 19
63 99 1
63 67 4
63 68 2
63 69 1
63 66 3
63 79 1
63 91 5
63 103 1
63 85 1
63 64 2
63 92 1
63 93 1
64 64 26
64 103 4
64 91 2
64 86 1
64 82 10
64 101 3
64 98 1
64 90 1
64 65 2
64 88 2
64 78 1
65 65 14
65 81 1
65 93 4
65 70 9
65 75 2
65 78 2
65 66 6
66 68 5
66 69 2
66 77 1
66 66 19
66 67 22
66 70 2
66 71 1
66 92 1
66 91 1
67 67 23
67 84 1
67 103 1
67 68 1
67 76 1
67 77 1
68 68 18
68 77 2
68 72 1
68 75 3
68 87 1
68 73 4
68 74 4
68 69 6
68 70 1
69 69 14
69 80 1
69 77 2
69 71 2
69 70 4
70 70 14
70 78 12
70 80 9
70 71 7
70 93 1
70 79 1
71 71 25
71 80 6
71 96 2
71 101 1
71 100 2
71 82 2
71 94 2
71 99 1
71 72 13
71 79 1
71 73 2
71 87 1
72 72 46
72 86 2
72 74 4
72 99 5
72 75 6
72 82 1
72 79 1
72 103 1
72 102 5
72 83 8
72 73 6
72 98 1
72 87 1
72 88 1
73 73 50
73 75 13
73 83 5
73 74 21
73 76 1
73 82 2
74 74 37
74 82 1
74 75 13
74 99 1
74 83 1
74 76 4
75 75 39
75 82 1
75 91 1
75 83 1
75 99 2
75 76 12
75 78 1
76 76 55
76 82 3
76 81 1
76 98 11
76 83 5
76 78 3
76 77 4
76 102 1
77 77 37
77 78 38
77 84 3
77 79 1
77 83 6
77 81 1
77 97 1
77 99 1
77 94 1
77 80 2
77 88 1
78 78 53
78 82 1
78 80 2
78 90 1
78 83 2
78 98 1
78 84 3
78 79 3
78 81 1
79 79 41
79 100 3
79 82 3
79 95 1
79 99 5
79 86 2
79 81 3
79 101 7
79 80 3
79 90 2
79 103 1
79 102 2
79 84 1
79 83 4
79 88 2
79 97 1
80 80 26
80 81 4
80 99 4
80 82 3
80 88 1
80 90 4
80 100 5
80 86 1
80 95 9
80 97 3
80 96 2
80 89 11
80 93 6
80 91 1
80 92 1
81 81 35
81 95 2
81 90 1
81 96 9
81 88 7
81 93 4
81 100 2
81 92 4
81 102 5
81 97 3
81 101 2
81 82 3
81 103 2
81 91 2
81 86 1
81 99 3
82 100 2
82 99 2
82 86 3
82 101 4
82 82 22
82 91 1
82 90 3
82 97 3
82 103 3
82 85 2
82 98 2
82 83 11
82 88 2
82 87 1
83 83 51
83 99 5
83 98 1
83 102 9
83 101 4
83 85 3
83 84 9
83 97 1
83 87 2
83 103 4
84 84 59
84 101 6
84 99 2
84 85 14
84 97 1
84 96 3
84 88 2
84 98 2
85 85 56
85 103 4
85 88 5
85 98 2
85 86 9
85 99 1
85 97 6
85 101 1
86 86 28
86 99 6
86 102 2
86 97 3
86 91 1
86 101 6
86 103 1
86 88 3
86 87 14
86 98 2
87 88 12
87 87 41
87 98 6
87 102 1
87 99 1
87 97 2
88 88 32
88 98 4
88 103 2
88 102 5
88 101 5
88 97 11
88 89 3
88 96 3
88 91 1
88 100 3
88 90 2
89 89 30
89 96 8
89 101 3
89 95 6
89 91 5
89 90 6
89 97 3
90 96 3
90 97 2
90 90 19
90 94 1
90 95 1
90 100 2
90 101 5
90 103 3
90 102 1
91 91 24
91 103 1
91 96 2
91 101 7
91 94 4
91 100 7
91 95 1
91 93 4
91 92 6
92 93 20
92 92 27
92 96 1
93 93 36
93 103 1
93 100 4
93 102 1
93 94 5
94 94 30
94 100 8
94 97 1
94 95 4
95 95 15
95 97 8
95 100 6
95 96 13
96 96 22
96 101 6
96 100 7
97 97 39
97 100 4
97 101 8
97 102 2
97 99 1
97 103 2
97 98 10
98 98 47
98 100 1
98 99 1
99 99 40
99 102 2
99 100 3
100 100 41
100 102 1
100 101 1
101 101 36
101 102 17
101 103 6
102 103 11
102 102 36
103 103 22
