3 3 24
3 24 2
3 20 2
3 15 1
3 26 1
3 21 1
3 4 2
4 4 39
4 17 7
4 20 1
4 19 1
4 30 2
4 18 1
4 34 1
4 8 3
4 35 2
4 9 1
4 26 1
4 16 2
4 40 1
4 5 4
4 33 1
4 31 1
5 5 29
5 16 8
5 26 3
5 34 2
5 30 5
5 6 8
5 20 1
5 29 1
5 15 4
5 10 2
5 12 1
5 8 4
5 9 1
5 7 3
5 33 2
6 6 21
6 12 1
6 26 1
6 7 5
6 9 1
6 36 1
6 33 1
6 13 3
6 35 1
6 14 1
7 7 21
7 27 1
7 41 4
7 15 1
7 9 6
7 36 1
7 31 1
7 35 3
7 26 1
7 33 1
7 8 3
8 8 30
8 26 3
8 9 6
8 16 5
8 29 4
8 33 6
8 10 2
8 11 5
8 17 1
8 34 3
8 31 1
8 28 1
8 56 1
8 37 1
8 13 2
8 15 1
9 9 27
9 36 1
9 40 3
9 11 1
9 34 6
9 33 7
9 26 1
9 10 7
9 41 1
9 37 1
9 30 2
9 15 1
10 10 21
10 30 3
10 26 1
10 45 1
10 35 1
10 11 6
10 13 5
10 39 1
10 66 3
10 72 5
10 40 1
10 54 1
10 67 1
11 11 13
11 72 2
11 13 2
11 67 4
11 40 3
11 31 2
11 41 1
11 85 2
11 35 1
11 12 9
11 82 1
11 86 1
11 61 2
11 30 1
11 56 2
11 45 1
11 38 1
11 60 1
11 39 1
11 58 1
11 59 1
11 28 3
11 29 2
12 12 37
12 59 2
12 61 1
12 62 1
12 63 1
12 86 10
12 39 1
12 82 2
12 45 4
12 30 3
12 28 3
12 13 14
12 36 2
12 31 1
12 21 1
12 85 5
12 69 2
12 25 3
12 17 1
12 32 1
12 57 1
13 13 36
13 86 1
13 85 1
13 25 1
13 81 2
13 14 3
13 31 2
13 15 1
13 18 1
13 45 1
14 45 2
14 14 16
14 15 2
14 59 2
14 16 1
15 15 20
15 16 27
15 21 1
15 24 1
16 16 42
16 17 6
16 18 1
16 33 1
16 73 1
16 86 1
17 17 36
17 31 1
17 32 1
17 18 1
17 19 3
17 28 5
17 27 1
17 29 1
17 21 4
18 18 8
18 28 1
18 22 2
18 27 1
18 23 1
19 20 2
19 19 2
19 27 1
20 20 1
20 24 2
20 21 1
21 21 22
21 32 1
21 65 1
21 70 2
21 28 2
21 69 4
21 30 1
22 23 1
23 29 1
24 51 1
24 50 1
24 34 2
24 44 1
24 24 24
24 30 1
24 49 2
24 48 2
24 31 1
24 33 1
24 32 1
24 47 1
24 56 1
24 29 1
24 25 1
25 25 51
25 26 11
25 32 2
25 48 1
25 56 5
25 44 3
25 37 1
25 31 1
25 67 1
26 36 1
26 28 2
26 26 33
26 30 4
26 41 2
26 29 13
26 44 2
26 35 4
26 45 1
26 27 13
26 70 1
26 34 3
26 47 1
26 68 2
26 51 1
26 67 1
26 33 2
26 37 1
27 47 1
27 34 3
27 32 6
27 29 8
27 28 9
27 27 32
27 31 13
27 51 1
27 52 3
27 30 3
27 73 1
27 56 2
27 83 1
27 68 1
27 45 1
27 35 2
27 57 1
27 67 2
27 61 1
27 37 2
27 72 1
27 55 2
27 38 2
28 28 33
28 62 6
28 29 18
28 32 2
28 56 2
28 36 5
28 61 1
28 63 2
28 59 1
28 37 1
28 30 2
29 29 33
29 36 2
29 62 1
29 30 7
29 69 1
29 37 1
29 56 2
29 60 1
29 38 1
29 45 2
29 44 1
29 31 1
29 33 3
29 32 2
29 46 2
29 35 1
30 46 3
30 35 8
30 30 16
30 32 2
30 68 1
30 83 1
30 48 2
30 33 4
30 34 5
30 45 3
30 49 1
30 65 1
30 31 3
30 44 2
30 41 1
30 82 1
31 51 5
31 86 1
31 64 2
31 83 4
31 31 30
31 65 8
31 41 1
31 44 2
31 33 1
31 39 3
31 35 3
31 34 1
31 40 1
31 69 5
31 32 10
31 70 2
31 71 1
32 69 2
32 68 1
32 32 22
32 51 1
32 35 3
32 45 2
32 37 1
32 36 2
32 47 1
32 56 3
32 41 2
32 73 1
32 33 1
33 33 25
33 35 4
33 46 2
33 34 11
33 43 1
33 85 1
33 44 2
33 66 1
33 50 1
33 65 1
34 34 15
34 69 1
34 66 4
34 36 1
34 63 1
34 40 3
34 44 3
34 53 1
34 65 1
34 45 4
34 35 5
34 50 1
34 37 1
34 49 1
34 46 1
35 51 1
35 35 16
35 41 1
35 55 2
35 39 1
35 37 2
35 36 2
35 52 1
35 61 1
36 39 2
36 52 2
36 62 1
36 36 14
36 40 1
36 37 7
36 56 2
36 43 1
36 47 2
36 51 4
36 45 1
36 48 2
36 38 1
36 41 1
37 38 4
37 37 4
37 41 2
37 40 2
37 66 1
37 39 3
37 67 2
38 65 1
38 39 5
38 67 5
38 57 1
38 66 1
38 49 1
38 46 1
38 53 2
38 52 1
38 51 1
38 43 1
38 63 1
38 68 1
38 38 6
38 61 2
38 54 1
38 59 1
38 60 1
39 58 2
39 39 6
39 77 1
39 60 3
39 61 1
39 45 1
39 40 9
39 54 1
39 67 2
39 66 3
39 69 1
39 73 3
39 57 1
39 74 3
39 55 1
39 89 1
39 86 1
39 41 4
39 65 1
40 40 29
40 67 3
40 89 1
40 70 1
40 90 1
40 74 3
40 73 6
40 88 2
40 77 2
40 57 4
40 55 2
40 41 4
41 41 7
41 65 5
41 56 2
41 47 4
41 42 2
41 83 1
41 58 1
41 67 1
41 44 5
41 70 1
42 56 3
42 42 8
42 65 1
42 47 1
42 64 1
42 48 2
42 58 1
42 43 8
42 46 2
42 44 1
42 88 1
42 75 4
42 69 1
42 50 1
42 89 1
42 74 2
42 49 1
42 51 1
43 68 2
43 43 10
43 65 1
43 64 5
43 63 2
43 50 4
43 57 1
43 58 1
43 79 1
43 44 2
43 75 3
43 51 1
43 49 1
43 74 1
43 88 1
44 44 14
44 50 2
44 49 2
44 64 1
44 65 1
44 87 1
44 83 2
44 82 1
44 58 3
44 75 1
44 45 5
44 79 2
44 46 3
44 88 1
44 67 1
44 55 1
44 57 3
44 69 1
44 47 1
44 66 1
45 47 3
45 45 10
45 54 3
45 69 2
45 46 4
45 55 1
45 68 4
45 63 1
45 48 2
45 61 2
45 82 1
45 49 1
46 80 1
46 64 1
46 68 1
46 46 11
46 48 1
46 67 1
46 74 1
46 66 1
46 90 2
46 65 1
46 73 5
46 47 2
46 52 1
46 95 1
47 73 7
47 47 12
47 75 1
47 56 5
47 89 1
47 84 1
47 101 1
47 49 2
47 100 1
47 72 1
47 48 5
47 71 1
47 86 1
47 50 4
47 51 1
48 54 1
48 51 3
48 50 1
48 48 10
48 105 1
48 49 1
49 72 3
49 71 1
49 49 7
49 50 2
49 73 2
49 101 2
49 66 6
49 57 1
49 52 1
49 90 4
49 89 1
49 76 1
49 94 1
49 56 1
50 66 1
50 50 14
50 54 3
50 72 1
50 71 2
50 51 4
50 105 1
50 53 1
51 51 25
51 53 1
51 100 1
51 103 1
51 69 4
51 101 1
51 52 6
51 70 4
51 86 1
52 63 2
52 70 3
52 52 15
52 55 5
52 91 1
52 64 3
52 78 2
52 86 1
52 105 7
52 80 1
52 103 3
52 102 1
52 73 2
52 56 4
52 53 1
53 73 11
53 102 3
53 53 18
53 56 3
53 71 9
53 55 1
53 54 5
53 77 2
53 74 2
53 105 3
53 91 8
53 110 1
53 93 1
53 92 1
54 91 2
54 54 24
54 73 3
54 77 1
54 72 2
54 69 5
54 65 1
54 55 4
54 58 4
54 67 1
54 66 1
54 75 1
54 78 1
54 71 1
54 102 2
54 83 1
54 70 1
54 108 2
54 104 1
54 87 1
54 86 2
54 76 1
55 105 4
55 55 25
55 76 1
55 108 2
55 103 1
55 84 3
55 61 1
55 111 1
55 73 3
55 74 1
55 104 1
55 77 4
55 75 1
55 60 1
55 56 1
56 56 17
56 99 1
56 101 1
56 109 1
56 103 1
56 62 1
56 73 4
56 105 1
56 63 1
56 104 1
56 57 4
56 68 1
56 61 1
57 91 1
57 57 17
57 73 5
57 69 2
57 93 1
57 74 2
57 77 2
57 68 1
57 64 4
57 58 2
57 79 2
57 81 1
57 82 1
57 80 1
57 67 1
58 58 22
58 64 4
58 67 3
58 75 1
58 61 2
58 78 1
58 77 4
58 102 1
58 83 3
58 82 3
58 80 4
58 73 1
58 81 1
59 89 1
59 75 4
59 59 17
59 102 2
59 79 4
59 69 1
59 62 1
59 60 4
59 63 1
59 82 2
60 76 5
60 60 10
60 78 8
60 102 4
60 63 3
60 70 1
60 103 1
60 61 2
60 79 1
60 62 1
61 75 2
61 102 3
61 61 6
61 100 1
61 78 2
61 64 3
61 82 2
61 62 5
61 63 3
61 79 2
62 64 2
62 62 7
62 63 6
62 68 2
62 82 2
62 83 2
62 86 2
62 91 1
62 89 3
63 63 6
63 88 7
63 82 6
63 75 1
63 102 1
63 91 1
63 89 2
63 69 1
63 64 5
63 66 1
63 78 1
64 64 22
64 88 1
64 69 2
64 68 1
64 78 2
64 81 2
64 89 1
64 70 3
64 83 4
64 76 1
64 71 1
64 65 1
65 69 1
65 70 5
65 94 7
65 65 11
65 110 1
66 75 2
66 88 1
66 66 12
66 68 1
66 69 1
66 74 1
66 89 1
67 67 4
67 106 1
67 72 1
67 77 3
67 68 1
68 68 20
68 110 1
68 69 4
68 89 1
68 75 3
68 95 2
68 72 3
68 113 1
69 89 1
69 69 24
69 95 1
69 70 8
69 94 1
69 100 1
69 83 1
69 107 1
69 86 3
69 108 1
69 85 4
69 106 3
69 103 6
69 76 1
70 85 3
70 70 34
70 86 9
70 82 6
70 83 11
70 78 1
70 71 1
71 110 2
71 71 24
71 106 1
71 103 1
71 73 10
71 72 3
71 93 1
71 74 4
71 92 1
71 77 1
71 75 1
71 78 1
71 102 1
72 72 36
72 91 6
72 73 4
72 74 1
72 78 1
72 113 3
72 92 1
72 95 2
72 75 1
72 110 1
73 73 19
73 84 1
73 114 1
73 75 1
73 98 1
73 101 2
73 74 4
73 110 1
73 105 2
74 74 11
74 75 6
74 100 2
74 105 3
74 88 2
74 89 4
74 110 2
74 92 2
75 75 28
75 89 2
75 88 4
75 100 2
75 77 1
75 78 1
75 102 1
75 91 3
75 82 4
75 112 1
75 83 1
75 95 1
75 81 2
75 76 1
76 76 63
76 80 5
76 81 5
76 79 1
76 86 2
76 99 5
76 103 2
76 101 2
76 104 1
76 77 4
76 102 1
77 77 24
77 99 12
77 104 1
77 102 2
77 95 1
77 114 1
77 93 1
77 94 1
77 100 4
77 78 5
77 91 1
78 91 1
78 102 8
78 89 1
78 99 4
78 78 21
78 96 2
78 97 1
78 80 1
78 79 7
78 83 1
78 81 2
79 79 19
79 86 2
79 81 3
79 101 4
79 99 9
79 103 1
79 100 8
79 80 15
79 98 3
79 85 1
79 84 1
79 109 1
80 80 48
80 109 1
80 99 7
80 98 2
80 100 7
80 82 11
80 81 7
80 111 1
80 110 1
80 83 6
80 103 3
80 86 1
81 81 28
81 103 5
81 83 5
81 110 4
81 106 4
81 107 3
81 99 5
81 88 1
81 101 1
81 82 7
82 111 4
82 82 22
82 110 1
82 85 2
82 83 14
82 86 2
82 103 2
83 83 40
83 100 3
83 102 2
83 103 1
83 110 4
83 104 2
83 86 2
83 106 1
83 87 1
83 84 5
83 90 1
83 88 1
84 84 47
84 85 7
84 110 1
84 112 1
85 85 45
85 86 3
85 107 2
85 108 1
86 108 2
86 86 29
86 107 7
86 88 2
86 106 9
86 104 8
86 110 1
86 101 1
86 87 4
87 87 21
87 103 2
87 104 7
87 98 3
87 101 2
87 109 2
87 110 1
87 108 6
87 91 1
87 105 5
87 106 3
87 107 2
87 89 1
87 90 1
87 88 1
87 93 1
88 88 18
88 106 4
88 107 8
88 115 3
88 89 10
88 116 1
88 91 4
88 93 2
88 105 4
88 90 2
89 89 15
89 105 2
89 90 4
89 91 1
89 108 1
89 119 1
89 109 1
90 105 5
90 108 2
90 109 4
90 118 2
90 90 21
90 101 2
90 116 4
90 91 10
90 110 1
90 115 1
90 107 1
90 92 2
90 117 1
90 100 1
91 91 23
91 99 1
91 116 1
91 106 3
91 112 2
91 110 1
91 118 2
91 107 5
91 98 2
91 100 1
91 92 1
92 92 12
92 98 1
92 100 5
92 105 1
92 107 3
92 112 1
92 115 1
92 93 4
92 106 2
92 97 3
92 113 2
92 116 4
92 117 2
92 95 1
93 93 15
93 116 1
93 94 6
93 100 1
93 99 1
93 105 1
93 95 3
93 110 1
93 101 1
94 94 10
94 95 2
94 119 1
94 97 1
95 95 17
95 100 1
95 113 4
95 117 4
95 96 3
95 115 1
95 104 1
95 97 4
95 109 1
96 97 8
96 119 1
96 113 4
96 99 2
96 96 3
96 112 2
96 98 2
97 97 19
97 112 1
97 119 1
97 99 8
97 113 7
97 114 4
97 98 2
98 98 24
98 109 7
98 106 2
98 114 1
98 110 5
98 104 5
98 108 2
98 100 1
98 99 10
98 101 3
99 101 1
99 99 28
99 104 2
99 103 4
99 111 1
99 100 6
99 102 1
100 102 1
100 100 27
100 117 3
100 116 3
100 110 3
100 103 2
100 101 1
101 101 18
101 104 16
101 110 1
101 103 7
101 102 2
101 119 1
101 109 2
101 114 1
102 102 35
102 114 4
102 119 6
102 105 4
102 104 3
102 110 3
102 109 4
102 103 7
103 103 20
103 105 8
103 104 13
103 106 1
103 107 1
104 104 54
104 106 7
104 109 2
104 105 6
104 108 2
105 105 46
105 109 1
105 116 3
105 108 2
106 106 28
106 113 1
106 109 5
106 118 1
106 107 24
106 110 2
106 108 6
106 116 3
106 115 2
106 117 1
107 108 7
107 107 27
107 109 2
107 117 11
107 115 1
107 116 3
107 110 1
108 108 48
108 110 8
108 116 3
108 109 16
108 118 2
108 117 1
109 109 27
109 117 6
109 116 8
109 110 17
109 118 1
110 110 34
110 118 1
110 119 1
110 111 21
110 112 5
111 111 63
111 112 9
111 114 2
111 119 1
112 112 48
112 114 3
112 119 7
112 113 4
113 118 6
113 113 24
113 114 8
113 119 2
113 115 2
114 114 18
114 115 2
114 118 4
114 119 2
114 117 1
115 115 8
115 119 1
115 116 3
115 117 4
116 116 22
116 117 15
117 117 27
117 118 4
118 118 30
118 119 6
119 119 13
