3 3 7
3 20 1
3 5 4
3 4 2
3 23 1
4 4 35
4 18 1
4 33 1
4 5 6
4 8 6
4 15 2
4 7 6
4 24 2
4 28 3
4 25 2
4 6 10
4 35 2
4 40 1
4 20 3
4 22 3
4 26 2
4 30 2
4 29 2
4 19 1
4 9 1
4 12 1
5 26 4
5 5 44
5 25 1
5 20 8
5 41 1
5 34 1
5 14 1
5 6 4
5 15 2
5 16 1
5 28 1
5 7 4
5 19 1
5 8 1
6 8 4
6 6 39
6 26 9
6 14 1
6 19 7
6 7 6
6 21 10
6 28 1
6 41 1
6 20 8
6 9 2
6 22 4
7 7 37
7 23 1
7 25 3
7 34 3
7 8 12
7 20 1
7 10 2
7 22 1
7 11 2
8 11 1
8 8 39
8 10 3
8 19 2
8 34 3
8 25 1
8 24 1
8 12 5
8 17 1
8 9 11
8 13 1
8 22 1
9 9 51
9 12 21
9 25 2
9 20 2
9 10 4
9 34 2
9 18 1
10 12 1
10 10 36
10 42 5
10 24 3
10 11 11
10 34 6
10 18 8
10 20 1
10 21 12
10 22 2
10 13 2
10 17 3
11 15 2
11 11 37
11 17 2
11 18 1
11 33 1
11 13 9
11 25 1
11 22 3
11 34 1
11 14 1
11 40 1
11 41 3
11 23 1
12 24 3
12 12 22
12 25 2
12 14 7
12 13 8
12 19 1
12 15 6
12 42 1
12 34 1
13 14 14
13 13 30
13 17 1
13 15 9
13 42 2
13 41 1
13 33 2
13 21 1
13 28 1
14 14 26
14 15 12
14 34 2
14 43 1
14 33 2
14 20 1
15 15 22
15 28 9
15 24 1
15 29 4
15 18 1
15 30 2
15 34 2
15 17 2
15 55 1
15 16 6
15 42 1
15 31 2
16 34 2
16 16 29
16 54 1
16 29 3
16 53 2
16 30 1
16 52 1
16 27 2
16 32 2
16 37 2
16 33 1
16 45 3
16 17 2
16 38 4
17 17 56
17 37 2
17 50 1
17 46 3
17 38 4
17 36 6
17 39 2
17 45 3
17 18 7
17 47 2
17 20 1
17 32 2
17 35 3
18 35 4
18 18 39
18 34 4
18 36 3
18 20 1
18 21 2
18 42 1
18 80 1
18 43 2
18 19 1
18 44 1
19 19 17
19 21 4
19 36 1
19 34 2
19 35 2
19 43 1
19 20 2
20 20 31
20 23 1
20 26 1
20 22 5
20 21 11
20 42 3
20 44 3
20 34 1
20 35 1
21 21 32
21 35 12
21 43 1
21 44 1
21 77 1
21 22 3
21 42 4
21 55 1
21 36 1
21 33 1
21 26 1
21 30 1
22 22 33
22 35 5
22 27 1
22 80 2
22 81 1
22 25 4
22 53 5
22 26 4
22 39 1
22 52 2
22 29 4
22 51 5
22 28 3
22 40 1
22 23 3
22 33 2
22 82 1
22 34 5
23 24 14
23 23 29
23 25 21
23 35 1
23 29 5
23 40 1
23 28 4
23 80 1
23 26 3
23 46 2
23 90 1
23 37 1
24 24 27
24 29 3
24 46 3
24 55 2
24 30 3
24 35 2
24 45 1
24 49 1
24 25 9
24 50 4
24 28 2
24 81 1
24 34 1
25 25 21
25 39 6
25 51 1
25 34 4
25 28 12
25 52 1
25 29 7
25 50 2
25 81 1
25 45 2
25 68 1
25 46 2
25 27 1
25 40 1
25 26 1
26 28 2
26 26 14
26 46 1
26 47 2
26 41 1
26 31 1
26 48 1
26 38 2
26 37 6
26 73 1
26 71 1
26 36 1
26 27 1
27 54 2
27 27 11
27 46 2
27 30 3
27 28 5
27 45 1
27 48 2
27 57 1
27 42 1
28 28 13
28 80 1
28 30 2
28 29 7
28 44 1
28 46 2
28 41 1
28 34 2
28 51 1
29 29 26
29 51 2
29 50 1
29 30 13
29 46 3
29 39 3
29 31 1
29 70 1
29 40 1
29 41 1
29 33 2
29 35 2
30 30 52
30 38 2
30 35 2
30 71 1
30 32 4
30 31 13
30 55 1
30 33 2
30 52 3
30 51 1
31 31 33
31 34 4
31 33 4
31 52 5
31 32 1
31 66 1
31 53 1
32 32 48
32 33 8
32 36 1
33 33 45
33 45 1
33 64 1
33 77 1
33 57 1
33 42 7
33 37 1
33 55 1
33 41 3
33 53 1
33 34 3
34 34 29
34 52 4
34 42 8
34 93 1
34 54 2
34 43 1
34 81 1
34 44 3
35 81 1
35 79 3
35 67 4
35 35 25
35 83 2
35 39 1
35 55 5
35 45 5
35 38 8
35 54 1
35 37 1
35 85 1
35 66 5
35 65 1
35 57 1
35 36 6
35 87 1
35 49 1
35 88 1
35 63 2
35 82 1
36 91 6
36 36 32
36 85 3
36 63 1
36 70 1
36 83 1
36 39 1
36 46 1
36 37 1
37 37 35
37 72 1
37 39 3
37 47 5
37 38 11
37 63 1
37 50 6
37 49 7
37 75 1
37 54 1
37 94 3
37 69 1
37 55 1
37 68 2
37 45 1
37 52 1
37 40 1
37 44 1
37 57 1
38 38 22
38 91 4
38 39 4
38 94 2
38 46 5
38 43 1
38 66 1
38 90 2
38 50 1
38 87 2
38 55 4
38 44 1
38 47 1
39 52 1
39 39 7
39 87 2
39 46 8
39 45 11
39 50 4
39 47 2
39 49 3
39 44 1
39 81 1
39 68 2
39 41 2
39 40 2
39 69 2
40 49 3
40 41 13
40 40 8
40 46 1
40 48 2
40 68 1
40 53 1
40 86 2
40 50 3
40 65 1
40 44 1
40 74 1
40 64 6
40 62 1
40 45 1
40 66 1
40 69 3
40 85 2
40 57 1
40 76 1
41 43 3
41 66 1
41 41 16
41 51 3
41 69 1
41 50 3
41 81 1
41 82 1
41 68 1
41 48 2
41 75 2
41 95 1
41 42 2
41 57 1
42 42 15
42 48 3
42 47 1
42 49 1
42 43 5
42 50 2
42 77 4
42 45 4
42 44 4
42 55 1
42 52 1
42 81 1
43 43 26
43 50 3
43 94 4
43 57 1
43 44 9
43 76 1
43 49 2
43 87 1
43 74 1
43 75 4
43 91 8
43 65 1
43 95 2
44 44 11
44 47 1
44 94 2
44 76 1
44 50 1
44 74 1
44 75 2
44 72 1
44 90 1
44 93 5
44 78 4
44 80 2
44 69 2
44 62 9
44 49 3
44 81 2
44 45 1
44 71 1
44 68 2
44 52 1
45 45 23
45 78 1
45 49 3
45 88 1
45 48 2
45 50 4
45 53 1
45 65 2
45 54 1
45 89 1
45 46 2
45 58 1
46 49 1
46 50 4
46 81 1
46 46 6
46 47 5
46 54 2
46 48 1
46 72 2
46 73 2
46 69 2
46 68 1
47 47 7
47 72 2
47 79 2
47 78 1
47 54 1
47 68 1
47 63 7
47 48 5
47 86 1
47 89 1
47 49 1
47 95 1
48 88 2
48 81 2
48 48 9
48 85 2
48 65 2
48 61 1
48 54 2
48 57 1
48 87 2
48 89 3
48 84 1
48 55 1
48 58 1
48 50 2
48 69 1
48 76 1
48 75 1
48 49 1
48 68 1
48 86 1
49 49 12
49 66 1
49 55 2
49 79 3
49 83 2
49 78 2
49 85 1
49 84 1
49 68 1
49 71 1
49 50 3
49 57 1
49 76 1
49 94 2
49 51 1
49 69 1
50 92 1
50 93 1
50 66 1
50 50 14
50 88 1
50 89 1
50 68 1
50 52 2
50 80 1
50 51 5
50 57 3
50 75 2
51 51 15
51 76 2
51 67 1
51 55 14
51 82 1
51 57 4
51 53 1
51 54 1
51 52 7
51 80 1
52 52 10
52 55 1
52 54 1
52 53 2
52 82 5
53 53 8
53 80 2
53 81 3
53 54 4
53 82 1
53 78 1
54 54 10
54 68 1
54 84 1
54 64 2
55 76 4
55 81 2
55 86 2
55 55 21
55 63 1
55 65 2
55 67 1
55 90 1
55 77 1
55 89 1
55 82 1
55 57 3
55 62 1
55 56 4
55 75 1
55 58 1
55 94 1
55 87 1
55 84 1
55 92 1
55 93 1
56 56 14
56 91 2
56 87 4
56 73 1
56 61 2
56 76 1
56 90 1
56 58 4
56 60 2
56 75 2
56 74 1
56 57 3
56 69 1
56 84 1
56 86 5
56 66 1
56 62 1
56 67 2
56 94 1
56 64 1
57 65 6
57 57 13
57 76 1
57 75 2
57 64 2
57 66 2
57 87 2
57 85 4
57 69 3
57 63 1
57 77 1
57 67 2
57 89 2
57 68 3
57 83 1
57 88 2
57 81 1
57 58 8
58 83 2
58 65 2
58 76 1
58 58 6
58 87 2
58 96 1
58 62 3
58 85 1
58 88 2
58 84 5
58 75 4
58 80 2
58 79 2
58 92 2
58 61 3
58 82 1
58 93 1
58 94 2
58 95 4
58 78 1
58 74 1
58 60 1
58 66 1
59 93 4
59 66 5
59 74 6
59 97 10
59 59 16
59 94 4
59 67 2
59 71 1
59 78 4
59 70 4
59 96 1
59 92 2
59 75 1
59 65 2
59 68 2
59 60 1
60 73 1
60 60 6
60 85 2
60 92 3
60 84 8
60 90 2
60 86 6
60 67 1
60 88 5
60 93 1
60 96 2
60 66 1
60 71 4
60 79 2
60 70 1
60 89 2
60 61 3
60 65 3
60 78 1
61 88 4
61 74 3
61 67 1
61 61 9
61 89 1
61 84 1
61 63 5
61 96 1
61 62 3
61 94 2
61 80 2
61 92 3
61 75 3
61 66 1
61 64 1
61 81 1
62 62 17
62 75 2
62 80 2
62 69 1
62 85 1
62 66 1
62 86 3
62 81 1
62 76 7
62 63 2
62 64 1
62 77 1
62 93 1
62 79 2
63 80 2
63 63 10
63 83 1
63 89 3
63 85 5
63 86 3
63 81 4
63 65 3
63 64 3
63 77 1
63 73 1
63 72 1
63 88 1
63 75 1
64 72 1
64 64 9
64 88 1
64 86 2
64 71 1
64 65 6
64 69 2
64 91 1
64 85 1
64 68 1
64 73 3
64 78 1
64 97 1
64 94 1
64 95 2
64 96 1
65 89 5
65 85 3
65 73 1
65 96 2
65 65 8
65 77 4
65 87 5
65 97 1
65 80 1
65 91 1
65 66 3
65 84 1
66 83 1
66 74 1
66 66 4
66 95 1
66 75 2
66 76 1
66 85 4
66 94 1
66 92 5
66 78 1
66 67 6
66 86 1
66 93 3
66 70 1
66 73 1
67 91 3
67 87 1
67 67 8
67 69 1
67 70 1
67 97 1
67 92 9
67 89 3
67 68 2
67 96 2
67 86 1
68 83 2
68 94 1
68 68 7
68 69 5
68 79 4
68 82 1
69 82 2
69 75 4
69 94 1
69 69 5
69 78 1
69 88 1
69 93 1
69 89 3
69 85 1
69 71 2
70 72 2
70 71 6
70 88 3
70 70 14
70 78 1
70 93 1
70 97 1
70 77 1
70 84 1
71 71 9
71 84 1
71 97 1
71 88 2
71 92 1
71 73 1
71 86 2
71 91 2
71 72 4
71 89 1
72 72 19
72 78 1
72 93 1
72 88 8
72 95 7
72 85 1
72 81 1
72 74 2
72 87 2
72 73 6
72 89 1
72 91 1
72 97 1
72 82 1
73 73 11
73 87 5
73 74 6
73 90 1
73 85 1
73 96 4
73 91 3
73 88 1
73 95 3
73 97 1
73 78 1
74 95 6
74 88 4
74 97 2
74 74 5
74 87 2
74 76 3
74 94 8
74 86 1
74 75 4
74 92 1
74 78 1
75 75 13
75 94 2
75 92 4
75 78 1
75 76 5
75 79 2
75 93 3
75 90 1
75 80 1
76 79 3
76 76 16
76 92 2
76 93 1
76 78 4
76 87 1
76 86 3
76 91 1
76 77 3
77 77 19
77 78 3
77 85 2
77 86 1
77 81 1
77 79 1
77 89 1
77 93 1
77 80 1
77 92 6
78 78 16
78 83 3
78 92 10
78 90 1
78 97 5
78 80 1
78 93 8
78 89 1
78 94 7
78 96 2
78 91 1
79 79 5
79 93 1
79 80 7
79 84 2
79 82 1
79 88 1
80 80 11
80 85 3
80 82 1
80 89 2
80 81 1
81 81 16
81 89 1
81 82 3
81 88 1
82 82 6
82 85 2
82 83 1
82 84 1
82 89 1
82 96 1
82 97 1
83 83 14
83 96 1
83 90 1
83 84 3
83 89 2
83 87 1
84 87 1
84 89 7
84 88 1
84 84 20
84 86 2
84 90 3
84 85 1
84 96 1
85 90 4
85 85 22
85 89 5
85 91 2
85 86 3
85 88 1
86 94 2
86 86 9
86 89 1
86 88 2
86 87 2
86 90 2
87 87 23
87 97 1
87 93 1
87 90 3
87 88 3
87 95 3
88 88 8
88 90 1
88 95 2
88 94 1
88 97 1
88 89 2
89 89 22
89 90 4
90 90 22
90 92 1
90 96 8
90 97 5
90 93 3
90 91 1
90 95 5
91 91 42
91 94 1
91 93 1
91 97 2
91 96 3
91 92 3
92 96 2
92 92 41
92 95 1
92 97 7
92 93 10
93 93 38
93 97 4
93 94 14
94 94 36
94 95 7
94 96 1
95 95 34
95 97 8
95 96 5
95 98 2
96 96 43
96 97 16
96 98 4
97 97 35
98 98 2
