3 3 25
3 20 8
3 11 1
3 4 18
3 17 7
3 16 2
3 38 1
3 34 3
3 9 1
3 23 1
3 6 1
3 31 1
3 7 2
3 35 1
4 7 5
4 4 26
4 6 1
4 20 1
4 36 1
4 32 1
4 5 12
4 21 3
4 31 1
4 12 1
4 39 1
4 22 1
5 5 18
5 30 1
5 21 7
5 22 3
5 7 2
5 32 1
5 6 3
5 10 1
5 9 1
6 7 3
6 6 16
6 9 3
6 20 2
6 23 2
6 10 1
6 22 1
7 20 3
7 11 4
7 7 21
7 21 3
7 12 4
7 67 1
7 35 1
7 55 1
7 32 3
7 22 1
7 29 1
7 30 2
7 61 4
7 8 5
7 31 2
7 13 2
7 28 1
7 34 2
7 18 1
7 40 2
7 14 1
8 8 24
8 61 13
8 56 1
8 36 1
8 35 2
8 32 3
8 29 1
8 34 8
8 15 1
8 31 4
8 18 4
8 47 1
8 28 3
8 13 15
8 54 2
8 48 2
8 9 4
8 46 3
8 65 1
8 40 3
8 11 1
8 58 2
8 19 4
8 27 1
9 10 10
9 19 2
9 9 22
9 59 3
9 13 1
9 34 1
9 44 1
9 33 1
9 18 4
9 52 1
9 31 3
9 11 4
9 37 2
9 16 2
9 28 1
9 17 4
9 27 2
9 56 1
9 40 1
9 58 2
9 67 1
10 10 24
10 30 1
10 38 1
10 28 1
10 11 7
10 55 2
10 27 1
10 40 1
10 16 2
11 11 7
11 37 9
11 17 1
11 38 5
11 12 7
11 21 1
11 40 2
11 19 2
11 20 1
11 36 1
11 16 1
11 55 1
11 56 1
11 15 1
11 50 1
12 12 31
12 13 1
12 37 8
12 34 2
12 16 4
12 36 4
12 40 1
12 18 5
12 48 1
13 30 13
13 40 4
13 13 18
13 61 2
13 41 9
13 14 8
13 21 1
13 15 1
13 44 1
13 22 1
13 34 1
13 18 1
13 31 1
13 20 1
13 17 2
13 16 1
14 14 16
14 32 1
14 30 6
14 33 2
14 20 1
14 16 2
14 35 4
14 44 1
14 19 5
14 40 3
14 15 4
14 23 2
14 22 1
15 15 8
15 24 4
15 16 1
15 22 2
15 23 3
15 33 1
15 32 1
15 46 1
15 31 1
16 34 6
16 55 1
16 16 11
16 40 2
16 46 1
16 33 1
16 27 2
16 37 5
16 44 3
16 39 1
16 38 2
16 30 1
16 22 1
16 19 1
16 17 6
17 17 14
17 19 3
17 58 1
17 59 3
17 27 1
17 47 1
17 31 4
17 61 1
17 30 2
17 26 1
17 18 1
17 36 1
18 18 27
18 27 3
18 36 5
18 35 5
18 20 2
18 28 2
18 39 1
18 37 3
18 48 1
18 26 2
18 49 1
18 50 1
18 42 1
18 46 2
18 56 2
18 21 6
18 62 2
18 19 2
18 34 4
18 52 1
18 22 1
18 57 4
18 24 1
18 25 1
18 44 3
18 31 2
18 55 1
18 53 1
18 40 3
18 61 3
18 38 1
18 33 1
18 79 2
19 79 6
19 36 4
19 20 6
19 34 3
19 58 4
19 19 16
19 21 1
19 35 2
19 39 3
19 29 1
19 53 1
19 27 4
19 24 1
19 61 2
19 40 1
19 41 2
19 44 4
19 22 1
20 20 35
20 59 1
20 41 3
20 36 1
20 27 1
20 22 9
20 48 1
20 21 4
20 30 2
20 44 3
20 23 2
21 26 9
21 25 2
21 24 3
21 21 22
21 23 3
21 43 1
21 30 1
21 41 3
21 40 2
21 57 2
21 44 4
21 29 3
21 22 2
21 81 1
21 62 1
22 22 13
22 26 2
22 39 3
22 24 1
22 32 1
22 41 3
22 44 4
22 23 6
22 36 1
23 23 22
23 44 1
23 42 4
23 43 6
23 41 4
23 29 1
23 24 4
23 33 1
23 25 2
23 35 1
23 62 2
23 58 1
23 26 2
24 25 13
24 24 22
24 40 2
24 41 1
24 26 5
24 43 1
24 44 1
24 55 1
24 28 1
24 46 1
24 38 1
24 57 2
25 25 31
25 40 1
25 54 1
25 42 2
25 26 4
25 41 1
26 26 14
26 62 1
26 58 1
26 39 3
26 43 2
26 41 1
26 38 1
26 40 3
26 57 1
26 59 1
27 39 8
27 37 3
27 27 13
27 57 1
27 55 4
27 44 1
27 59 1
27 28 8
27 38 2
28 28 16
28 40 3
28 43 1
28 47 1
28 29 1
28 46 1
28 31 3
28 75 1
28 52 4
28 54 2
28 45 2
29 29 13
29 52 3
29 44 1
29 54 5
29 32 4
29 53 4
29 30 3
29 31 3
30 40 1
30 32 6
30 33 5
30 31 4
30 30 19
30 61 1
31 31 20
31 34 3
31 47 2
31 55 1
31 35 2
31 40 4
31 32 1
31 43 1
31 33 2
32 32 10
32 40 1
32 36 3
32 61 3
32 47 2
32 34 2
32 53 4
32 35 1
32 33 3
33 61 3
33 57 1
33 33 12
33 55 2
33 34 9
33 36 5
33 35 1
34 34 16
34 36 6
34 61 1
34 55 2
34 37 3
34 35 3
35 55 2
35 40 1
35 35 15
35 79 3
35 46 1
35 36 3
35 37 1
35 53 1
35 41 1
35 56 1
36 36 19
36 37 2
36 55 1
36 44 2
36 58 1
37 40 1
37 37 11
37 47 4
37 73 1
37 46 3
37 68 1
37 45 1
37 67 4
37 39 2
37 75 1
37 76 3
37 57 1
37 38 2
38 67 4
38 79 1
38 47 2
38 66 3
38 38 8
38 40 3
38 39 9
38 46 4
38 43 5
38 55 3
38 56 2
38 44 2
38 62 1
38 54 1
39 55 5
39 39 24
39 54 1
39 43 3
39 46 1
39 47 3
39 40 2
39 48 1
39 44 2
39 67 1
39 66 1
39 63 1
39 56 1
40 40 27
40 43 1
40 55 3
40 79 2
40 62 4
40 52 1
40 54 1
40 41 2
41 59 6
41 41 30
41 44 2
41 58 1
41 66 1
41 43 3
41 42 14
42 42 38
42 43 9
42 60 2
42 44 1
43 43 37
43 60 3
43 59 3
43 61 1
43 79 1
43 58 1
43 44 1
43 57 2
44 53 1
44 44 19
44 56 6
44 57 1
44 47 2
44 46 1
44 62 1
44 54 1
44 71 2
44 45 3
44 70 1
44 73 2
45 45 27
45 56 2
45 74 1
45 62 2
45 72 6
45 70 5
45 47 2
45 52 2
45 71 1
45 76 1
45 55 1
45 66 2
45 48 1
45 75 2
45 67 1
46 76 3
46 67 2
46 54 6
46 47 7
46 50 2
46 48 3
46 83 2
46 46 7
46 79 2
46 77 1
46 52 2
46 72 1
46 55 1
46 57 1
47 79 1
47 57 3
47 54 3
47 47 7
47 56 3
47 67 1
47 66 8
47 73 2
47 72 3
47 64 1
47 87 1
47 74 2
48 70 1
48 71 1
48 72 1
48 73 2
48 65 1
48 52 1
48 64 2
48 56 1
48 49 3
48 48 5
48 51 4
48 86 3
48 50 2
48 54 2
48 80 1
48 68 1
48 79 1
48 98 1
49 51 4
49 86 1
49 49 13
49 50 6
49 66 1
49 79 1
49 100 1
49 104 2
49 102 2
49 80 1
49 92 1
50 96 1
50 98 1
50 93 1
50 87 2
50 51 7
50 88 3
50 84 5
50 69 1
50 65 3
50 50 6
50 52 1
51 51 10
51 79 1
51 69 2
51 83 1
51 89 3
51 90 3
51 87 4
51 84 1
51 88 2
51 53 7
51 68 1
51 91 1
51 52 2
51 54 1
51 66 1
52 52 19
52 54 2
52 53 12
52 73 3
52 72 2
52 79 1
52 76 1
52 56 1
52 71 1
53 53 18
53 54 7
53 61 4
53 57 1
54 54 11
54 56 1
54 71 2
54 79 3
54 64 1
55 57 1
55 56 6
55 55 14
55 75 7
56 56 14
56 57 5
56 61 1
56 71 3
56 64 2
57 57 17
57 64 4
57 62 3
57 78 3
57 84 2
57 85 2
57 63 1
57 58 5
57 61 2
57 76 2
57 79 3
58 67 2
58 61 2
58 58 10
58 64 3
58 79 2
58 66 1
58 62 5
58 74 1
58 78 1
58 59 5
58 60 4
59 59 28
59 60 6
59 62 1
60 60 57
60 77 7
60 61 14
60 78 1
60 66 1
61 61 45
61 68 1
61 75 1
61 70 1
61 79 1
61 82 3
61 77 1
61 62 6
62 62 24
62 82 4
62 83 10
62 88 5
62 76 9
62 69 2
62 77 2
62 80 4
62 71 2
62 68 1
62 78 1
62 89 1
62 75 8
62 63 1
62 74 1
62 79 1
62 90 1
62 65 1
62 66 1
62 84 1
62 70 1
63 83 2
63 90 2
63 76 3
63 78 10
63 85 3
63 88 1
63 68 4
63 63 24
63 71 2
63 67 2
63 64 1
63 65 1
63 92 2
63 91 1
63 84 3
63 79 3
63 74 1
64 64 17
64 66 2
64 68 1
64 79 5
64 92 2
64 75 1
64 90 2
64 88 1
64 67 1
64 65 1
64 87 1
64 85 1
65 75 1
65 65 8
65 85 4
65 73 2
65 74 4
65 66 4
65 67 2
65 92 1
65 91 2
65 68 3
65 86 4
65 81 1
65 94 1
65 93 2
65 69 2
66 68 7
66 66 25
66 69 3
66 93 5
66 86 3
66 79 4
66 74 4
66 72 7
66 67 6
66 76 1
66 92 1
66 80 2
67 67 31
67 93 5
67 69 11
67 76 11
67 77 3
67 68 5
67 74 1
67 71 1
67 75 1
67 79 1
67 86 1
67 83 1
67 78 1
68 68 29
68 89 1
68 91 9
68 88 10
68 92 5
68 69 6
68 93 2
68 86 2
68 70 1
68 98 1
68 90 1
68 87 1
69 87 10
69 69 25
69 91 3
69 88 9
69 86 2
69 89 10
69 70 6
69 90 6
69 92 1
69 83 3
69 82 4
70 70 26
70 87 2
70 90 5
70 89 3
70 88 3
70 75 4
70 92 1
70 83 2
70 86 1
70 71 6
70 73 5
70 77 1
70 72 2
71 71 25
71 73 2
71 74 1
71 88 2
71 72 8
71 77 5
71 85 4
71 84 1
72 84 2
72 72 6
72 73 4
72 90 3
72 77 3
72 83 1
72 88 3
72 78 1
72 79 4
72 74 4
72 75 1
72 76 2
72 87 3
73 74 5
73 76 5
73 73 13
73 86 2
73 103 5
73 104 2
73 87 5
73 90 1
73 88 1
74 74 20
74 88 7
74 87 8
74 77 1
74 91 6
74 93 1
74 78 1
74 90 1
74 76 2
74 75 1
75 77 5
75 90 6
75 76 9
75 80 2
75 75 32
75 89 2
75 88 1
75 79 1
75 92 1
76 76 32
76 93 1
76 78 6
76 89 1
76 90 7
76 94 2
76 105 1
76 91 1
76 79 1
76 77 2
76 87 5
76 86 2
76 101 1
77 87 7
77 90 6
77 77 40
77 91 3
77 94 1
77 86 1
77 98 1
77 88 1
77 120 2
77 78 2
78 78 31
78 85 3
78 79 5
78 92 4
78 84 1
79 79 29
79 92 2
79 81 2
79 80 2
79 94 1
79 87 1
80 80 51
80 114 1
80 86 1
80 120 5
80 81 6
80 93 1
80 94 4
80 97 1
80 92 1
81 81 26
81 86 1
81 120 3
81 97 1
81 127 1
81 95 1
81 118 1
81 85 1
81 82 1
82 101 3
82 82 24
82 102 3
82 93 1
82 98 1
82 85 4
82 86 1
82 83 11
82 84 6
82 103 1
82 120 4
82 88 1
82 89 1
83 83 27
83 102 4
83 84 10
83 99 1
83 100 1
83 88 3
83 89 3
83 85 2
83 90 1
84 84 20
84 85 3
84 120 1
84 92 1
84 90 1
85 85 32
85 117 3
85 86 9
85 94 3
85 96 1
85 97 2
85 98 3
85 87 1
85 104 1
86 86 31
86 94 3
86 96 1
86 97 2
86 121 1
86 98 10
86 102 2
86 118 1
86 90 3
86 89 5
86 88 2
86 87 6
86 103 2
87 101 1
87 98 1
87 90 6
87 87 18
87 102 1
87 103 4
87 91 7
87 92 4
87 88 4
88 88 24
88 89 8
88 90 7
88 91 3
88 95 1
88 96 1
88 103 1
89 89 28
89 91 1
89 92 1
89 90 8
90 90 17
90 103 2
90 92 2
91 91 24
91 93 8
91 105 2
91 106 1
91 108 6
91 104 2
91 107 2
91 97 2
91 92 14
91 121 4
91 101 1
91 113 2
91 124 3
91 119 3
91 118 2
91 125 1
91 94 1
91 100 1
92 120 7
92 94 4
92 92 14
92 118 1
92 117 1
92 125 7
92 124 1
92 121 2
92 119 2
92 108 1
92 113 2
92 93 6
92 97 3
92 96 3
92 128 1
92 127 2
93 126 1
93 93 26
93 119 1
93 128 1
93 96 1
93 121 9
93 125 8
93 117 2
93 118 2
93 115 1
93 94 4
94 94 40
94 109 2
94 129 1
94 118 5
94 97 1
94 127 1
94 120 5
94 121 8
94 103 1
94 117 3
94 99 3
94 95 4
94 122 1
94 111 2
94 98 1
94 107 2
94 102 2
94 106 2
94 100 1
94 101 1
95 95 39
95 120 3
95 123 1
95 125 1
95 117 4
95 119 4
95 115 1
95 108 7
95 98 1
95 121 7
95 126 4
95 111 3
95 97 1
95 96 9
95 112 2
95 109 1
96 106 2
96 97 9
96 121 2
96 126 6
96 125 4
96 111 5
96 96 15
96 127 5
96 117 8
96 120 4
96 130 1
96 98 2
96 104 1
96 112 1
97 98 3
97 97 10
97 104 1
97 112 5
97 125 2
97 126 2
97 127 3
97 117 2
97 101 1
97 114 1
97 99 1
97 119 1
97 115 2
97 113 2
97 100 1
97 108 1
97 118 1
97 121 1
98 99 7
98 98 19
98 117 4
98 116 1
98 102 1
98 112 1
98 101 2
98 118 3
98 121 1
98 100 2
98 104 1
98 103 3
99 99 27
99 100 10
99 119 2
99 118 2
99 114 2
99 105 5
99 101 3
99 102 4
99 104 2
100 101 3
100 100 9
100 113 1
100 105 3
100 119 3
100 117 1
100 118 4
100 102 1
101 115 1
101 101 8
101 125 1
101 113 1
101 102 10
101 121 1
101 104 3
101 108 1
101 118 1
101 103 1
101 128 1
102 102 13
102 105 1
102 103 2
102 108 2
102 109 1
102 104 1
103 108 6
103 103 11
103 104 2
103 117 1
103 126 1
103 106 2
103 116 1
103 109 1
103 120 1
104 104 9
104 106 2
104 119 1
104 121 1
104 107 1
104 105 2
104 108 1
104 109 1
104 114 1
105 114 5
105 105 27
105 106 7
105 116 2
105 130 3
105 119 2
105 108 1
105 113 1
105 112 1
105 123 1
105 120 1
105 126 1
106 119 1
106 106 8
106 125 1
106 126 1
106 112 4
106 130 3
106 129 1
106 107 8
106 124 1
106 121 3
106 111 3
106 122 1
106 108 1
106 120 1
106 109 1
107 109 20
107 107 24
107 119 4
107 108 4
107 125 1
107 118 1
107 111 5
107 124 3
108 109 8
108 108 20
108 118 1
108 125 1
108 119 1
108 128 1
108 117 1
108 121 6
108 111 3
108 120 4
108 110 2
108 122 3
109 122 3
109 109 15
109 124 3
109 128 1
109 113 2
109 110 5
109 118 2
109 119 3
109 111 4
109 121 1
109 123 2
110 124 3
110 123 4
110 116 1
110 129 5
110 122 8
110 128 2
110 110 11
110 126 4
110 125 4
110 111 2
111 111 31
111 127 3
111 128 5
111 122 4
111 125 2
111 126 3
111 124 1
111 121 1
112 126 2
112 121 1
112 113 9
112 112 12
112 122 1
112 117 2
112 114 1
112 118 1
113 115 4
113 113 13
113 118 7
113 126 2
113 125 1
113 119 6
113 124 1
113 114 3
113 116 2
114 119 2
114 114 12
114 116 9
114 115 5
114 124 1
114 118 4
114 123 1
115 115 22
115 116 9
115 117 2
115 119 2
115 128 1
115 120 1
115 125 2
115 126 1
115 124 2
116 116 37
116 124 1
116 120 1
116 119 8
116 123 1
116 121 1
117 121 3
117 117 33
117 126 2
117 127 1
117 128 1
117 118 2
117 119 3
117 120 1
118 120 2
118 118 28
118 119 10
118 124 4
118 125 3
119 125 2
119 119 14
119 129 1
119 130 2
119 120 5
119 121 2
120 120 32
120 123 1
120 126 4
120 125 1
120 121 4
120 128 1
120 122 2
121 121 29
121 125 3
121 124 2
121 128 2
121 122 5
121 129 1
122 122 24
122 124 1
122 125 2
122 123 1
123 123 28
123 127 2
123 126 2
123 125 4
123 124 8
124 124 18
124 129 2
124 127 2
124 126 3
124 125 1
125 125 21
125 129 3
125 126 15
125 127 2
126 126 24
126 129 6
126 127 15
126 130 1
126 128 1
127 128 5
127 127 43
127 129 3
128 128 63
128 129 3
129 130 3
129 129 3
130 130 11
