3 23 1
3 3 40
3 10 2
3 9 5
3 8 3
3 4 1
3 11 2
4 4 54
4 7 1
4 46 1
4 41 3
4 14 3
4 15 1
4 23 1
4 38 1
4 6 3
4 25 1
4 5 7
4 11 1
4 27 1
5 15 1
5 5 66
5 6 8
5 44 1
6 6 31
6 28 1
6 12 5
6 45 19
6 36 1
6 21 1
6 29 1
6 44 5
6 14 1
6 51 1
6 38 1
6 7 2
6 24 1
6 11 1
7 7 28
7 26 2
7 24 2
7 11 1
7 46 7
7 10 3
7 25 3
7 23 3
7 16 3
7 21 1
7 27 2
7 45 1
7 8 2
8 8 22
8 11 3
8 24 1
8 26 1
8 10 1
8 9 2
9 9 29
9 38 4
9 10 3
9 11 5
10 10 46
10 12 5
10 24 6
10 25 4
10 22 1
10 28 3
10 42 5
10 49 1
10 11 9
10 23 3
10 52 1
10 36 1
10 46 1
10 41 3
10 15 1
10 27 1
10 35 1
10 57 1
10 47 1
10 37 1
11 27 4
11 11 24
11 33 1
11 38 2
11 41 4
11 53 1
11 12 2
11 24 3
11 42 2
12 27 6
12 46 1
12 12 22
12 44 2
12 20 2
12 45 4
12 15 6
12 14 6
12 21 5
12 36 2
12 51 1
12 52 1
12 40 1
12 61 1
12 24 1
12 28 1
12 23 1
12 13 3
12 18 1
13 13 15
13 23 3
13 17 7
13 14 3
13 18 2
13 44 4
13 45 1
13 19 6
13 21 1
13 35 1
13 22 1
13 33 1
13 32 1
13 29 2
13 52 1
13 27 1
13 53 1
13 47 3
13 36 1
13 34 1
13 26 1
14 61 4
14 14 18
14 31 4
14 60 2
14 48 1
14 30 4
14 27 7
14 33 1
14 50 1
14 22 3
14 34 3
14 15 2
14 52 3
14 51 1
14 57 1
14 56 1
14 23 2
14 19 2
14 36 2
14 17 1
14 24 2
14 35 2
15 21 3
15 15 19
15 27 6
15 52 1
15 20 1
15 16 6
15 28 6
15 51 2
15 17 4
15 33 1
15 43 1
15 18 2
15 39 1
15 26 4
15 40 2
15 41 6
15 25 1
15 23 1
16 16 25
16 41 3
16 46 1
16 17 12
16 45 1
16 25 4
16 24 1
16 28 3
16 23 5
16 18 2
16 33 1
16 32 6
16 43 1
16 50 1
16 22 1
16 34 1
16 20 3
17 19 2
17 17 37
17 21 2
17 28 6
17 32 2
17 51 2
17 18 12
17 23 3
17 30 8
17 36 2
17 22 1
17 29 2
17 27 1
17 50 2
17 34 1
17 35 1
17 49 1
17 48 1
17 43 1
17 42 1
18 30 3
18 18 12
18 23 4
18 43 6
18 35 1
18 42 4
18 44 2
18 22 1
18 19 3
18 36 2
18 45 1
19 20 6
19 21 1
19 28 1
19 19 8
19 35 4
19 33 1
19 31 2
19 29 2
19 50 3
19 60 2
20 36 9
20 29 7
20 28 5
20 20 14
20 21 4
20 38 1
20 44 1
20 30 1
21 21 20
21 28 3
21 47 3
21 29 3
21 36 3
21 40 1
21 53 1
21 60 2
21 22 7
21 48 1
22 22 14
22 52 1
22 32 5
22 30 6
22 33 5
22 24 3
22 35 4
22 48 4
22 31 7
22 34 2
22 61 1
22 23 1
23 24 6
23 23 43
23 31 2
23 45 1
23 44 9
23 34 1
23 27 4
23 41 2
23 51 1
23 40 1
23 43 9
23 42 2
23 28 1
23 26 1
24 24 18
24 43 3
24 51 1
24 42 2
24 44 1
24 26 9
24 53 4
24 41 1
24 37 2
24 39 1
24 27 3
24 31 5
24 25 4
24 34 2
24 54 1
24 58 1
24 52 1
24 32 1
25 25 47
25 27 3
25 46 1
25 42 2
25 26 9
25 28 3
25 29 1
25 39 4
25 51 1
26 39 2
26 26 24
26 34 1
26 52 2
26 53 9
26 27 3
26 51 1
26 31 1
26 33 2
26 42 1
27 27 25
27 53 3
27 56 1
27 51 2
27 29 2
27 40 4
27 52 4
27 28 7
28 53 1
28 28 33
28 56 8
28 58 8
28 50 2
28 52 2
28 42 5
28 54 1
28 29 3
29 29 40
29 40 4
29 53 5
29 36 7
29 42 3
29 35 3
29 30 3
29 51 1
29 44 5
29 59 1
29 45 1
29 48 2
29 50 1
30 30 20
30 32 3
30 34 9
30 50 4
30 31 9
30 60 1
30 48 3
30 61 1
30 35 1
31 32 5
31 31 19
31 33 5
31 45 1
31 35 6
31 50 1
31 61 2
31 39 1
31 34 7
31 52 1
32 33 5
32 34 7
32 32 25
32 48 4
32 50 1
32 49 1
32 35 1
33 33 8
33 34 4
33 61 1
33 39 2
33 48 3
33 53 1
33 41 1
33 54 1
34 52 1
34 34 18
34 40 4
34 53 2
34 36 4
34 48 4
34 35 4
34 51 1
34 61 1
34 50 3
34 49 1
34 56 1
34 47 1
35 61 2
35 50 8
35 60 3
35 35 10
35 52 1
35 51 5
35 53 3
35 39 1
35 40 2
35 36 4
35 55 1
36 40 1
36 36 21
36 50 5
36 59 2
36 45 2
36 44 5
36 48 4
36 47 5
36 38 2
36 46 1
37 38 11
37 37 31
37 40 10
37 45 2
37 47 1
37 46 4
37 55 1
37 44 5
37 41 4
38 38 19
38 40 2
38 55 1
38 46 1
38 47 1
38 56 1
39 40 5
39 39 6
39 56 2
39 58 3
39 52 1
39 55 1
39 47 1
40 40 30
40 58 2
40 53 14
40 56 3
40 47 5
40 57 1
40 51 4
40 52 5
40 46 3
40 44 1
40 41 2
41 53 3
41 41 42
41 44 6
41 46 6
41 42 5
42 53 1
42 52 1
42 42 28
42 60 2
42 56 1
42 48 1
42 58 7
42 57 11
42 44 2
42 43 8
42 54 2
43 43 18
43 57 1
43 44 2
43 45 1
44 55 1
44 44 51
44 45 13
44 59 2
44 60 1
44 56 1
45 45 34
45 47 8
45 59 3
45 48 2
45 58 1
45 50 1
45 46 2
46 46 48
46 47 8
46 56 1
47 47 28
47 57 2
47 53 1
47 48 2
47 59 2
47 50 1
48 48 26
48 59 5
48 56 3
48 55 1
48 49 5
48 51 1
48 50 6
48 58 1
49 49 18
49 54 1
49 50 10
49 52 1
49 51 1
50 50 19
50 57 2
50 51 2
50 60 1
50 59 1
50 54 1
51 51 10
51 53 2
51 60 3
51 52 9
51 59 2
51 61 1
52 52 30
52 60 6
52 59 4
52 55 1
52 53 4
53 53 46
53 60 3
53 56 1
53 59 5
54 60 10
54 61 3
54 54 38
54 55 18
54 57 5
54 56 1
54 59 1
54 58 1
55 55 52
55 56 4
55 58 5
55 59 2
55 60 5
56 56 30
56 60 12
56 59 19
56 58 6
56 57 9
56 61 4
57 57 34
57 60 2
57 58 21
57 61 2
57 59 3
58 58 33
58 59 11
58 60 1
59 59 26
59 60 20
60 60 28
60 61 2
61 61 5
