3 3 16
3 27 4
3 40 1
3 26 3
3 32 1
3 13 6
3 20 2
3 18 2
3 16 1
3 4 1
3 51 1
3 19 1
3 28 1
3 25 1
4 18 7
4 16 1
4 4 13
4 13 1
4 25 1
4 28 1
4 17 2
4 19 3
4 5 1
4 21 1
4 39 1
4 88 1
4 51 1
4 14 5
4 15 2
4 32 1
4 11 1
4 48 2
4 6 2
5 51 4
5 5 29
5 36 1
5 14 1
5 23 2
5 6 5
5 50 1
5 21 1
5 31 1
5 7 1
5 30 2
5 8 2
5 47 1
6 8 2
6 17 4
6 6 11
6 39 3
6 9 2
6 11 1
6 47 3
6 48 2
6 30 1
6 33 3
6 31 1
6 25 2
6 45 1
6 24 2
6 55 1
6 27 2
6 26 3
6 13 1
6 7 6
6 35 1
6 19 1
6 18 1
6 32 1
7 15 1
7 13 3
7 7 14
7 31 1
7 11 1
7 9 3
7 35 1
7 8 9
7 34 2
7 39 1
7 47 1
7 33 1
7 30 1
8 8 12
8 13 1
8 11 2
8 34 1
8 19 2
8 35 8
8 88 1
8 32 1
8 33 2
8 30 3
8 16 1
8 49 1
9 12 9
9 11 2
9 28 2
9 22 1
9 13 5
9 9 25
9 15 3
9 17 1
9 19 2
9 31 1
9 10 3
9 37 6
9 35 1
9 26 1
9 32 2
9 36 3
9 57 1
9 33 2
9 23 1
10 10 18
10 33 7
10 32 1
10 54 1
10 58 1
10 11 2
10 31 1
11 12 4
11 11 22
11 31 9
11 29 1
11 30 2
11 56 2
12 36 2
12 12 30
12 31 1
12 22 1
12 39 2
12 35 1
12 30 1
12 24 3
12 37 9
12 21 2
12 19 1
12 13 5
13 13 32
13 30 2
13 17 3
13 39 1
13 16 5
13 31 1
13 38 3
13 15 6
13 26 1
13 55 1
13 88 2
13 14 18
14 14 29
14 15 13
14 16 4
14 88 2
14 38 1
15 15 18
15 16 2
15 88 4
15 24 1
15 58 1
16 16 31
16 19 4
16 20 2
16 27 2
16 26 1
16 18 3
16 17 3
16 88 1
17 17 9
17 19 1
17 18 3
17 48 2
17 47 1
17 55 1
17 39 1
17 22 2
17 26 2
17 27 1
17 20 1
18 18 12
18 55 3
18 38 1
18 20 6
18 88 1
18 54 1
18 51 1
18 47 1
19 48 2
19 19 14
19 38 3
19 31 1
19 30 2
19 27 1
19 24 2
19 32 1
19 44 1
20 20 26
20 57 3
20 36 1
20 24 4
20 59 2
20 58 1
20 27 1
20 56 2
20 40 7
20 48 1
20 47 1
20 88 1
20 23 2
20 39 1
20 21 2
20 51 1
20 37 2
21 39 5
21 21 28
21 40 3
21 41 1
21 56 2
21 37 5
21 47 2
21 51 5
21 22 6
21 38 5
21 82 1
21 43 1
21 50 5
21 27 1
21 55 1
21 83 2
21 23 3
21 42 4
21 44 1
21 54 1
22 22 14
22 46 3
22 42 2
22 82 2
22 52 1
22 30 1
22 49 1
22 50 2
22 33 1
22 31 1
22 38 4
22 83 3
22 23 3
22 39 1
22 27 1
22 43 1
22 47 1
23 23 28
23 46 2
23 48 1
23 83 3
23 50 1
23 43 2
23 51 2
23 38 11
23 52 1
23 37 3
23 25 2
23 47 1
23 24 1
24 25 10
24 24 17
24 59 5
24 36 1
24 26 5
24 58 1
24 57 2
24 32 6
24 37 3
24 35 1
24 27 2
24 31 1
24 33 1
24 28 1
25 28 3
25 25 17
25 58 1
25 48 1
25 37 3
25 47 3
25 55 2
25 26 1
26 26 16
26 38 2
26 27 2
26 28 1
26 35 1
26 32 2
26 30 1
27 27 11
27 38 3
27 55 3
27 31 1
27 29 1
27 28 3
27 32 1
27 56 1
28 28 13
28 48 1
28 29 4
28 31 1
28 30 1
29 29 15
29 30 4
29 31 1
30 30 11
30 35 1
30 31 1
30 39 3
30 33 1
31 31 15
31 33 5
31 66 2
31 37 1
31 67 4
32 32 13
32 45 3
32 33 4
32 35 1
32 43 1
32 67 2
32 50 2
32 64 1
32 65 1
33 35 4
33 33 36
33 45 2
33 44 1
33 75 1
33 34 5
33 66 1
33 67 2
33 55 2
33 54 1
34 44 1
34 34 21
34 73 1
34 70 3
34 82 4
34 53 2
34 52 6
34 83 2
34 48 8
34 84 1
34 76 1
34 47 1
34 35 2
35 35 37
35 47 4
35 83 5
35 70 1
35 48 1
35 82 1
35 84 7
35 62 4
35 78 4
35 85 1
35 63 2
35 93 3
35 75 4
35 92 6
35 86 1
35 36 3
35 74 2
35 46 1
36 43 1
36 36 40
36 93 3
36 91 1
36 59 1
36 92 1
36 74 2
36 87 1
36 37 12
36 80 1
36 64 3
36 39 3
36 96 1
36 46 1
36 40 1
36 76 1
37 37 26
37 39 2
37 41 1
37 38 8
37 67 1
37 51 2
37 55 1
38 38 26
38 39 19
38 45 1
38 43 1
38 84 1
38 50 2
38 51 6
38 48 3
38 55 2
38 46 1
38 47 2
38 60 1
38 93 1
38 110 1
38 40 1
39 39 46
39 50 1
39 43 1
39 48 1
39 91 1
39 57 1
39 98 1
39 58 1
39 54 6
39 46 1
39 67 2
39 66 2
39 44 3
39 72 2
39 53 1
39 40 8
39 78 6
39 51 1
39 73 1
39 106 1
40 54 6
40 112 1
40 40 32
40 73 1
40 42 1
40 41 7
40 43 2
40 78 1
40 61 7
40 62 13
40 56 5
40 57 2
40 51 8
40 50 5
40 48 1
40 55 1
41 41 39
41 63 2
41 55 6
41 42 12
41 51 4
41 57 2
41 50 2
41 81 1
41 56 2
41 76 1
41 72 1
42 51 3
42 42 27
42 50 4
42 78 4
42 43 8
42 55 1
42 67 1
42 46 7
42 45 1
42 52 1
42 56 1
42 79 2
42 49 2
42 57 5
42 81 4
42 58 1
42 63 1
43 81 1
43 43 33
43 50 2
43 44 2
43 56 2
43 46 4
43 78 2
43 47 1
43 74 8
43 52 4
43 76 4
43 51 1
43 82 1
43 83 1
43 61 2
43 65 4
43 77 1
43 45 2
43 66 1
43 67 1
43 54 1
44 65 5
44 44 19
44 72 3
44 78 1
44 68 1
44 45 9
44 70 1
44 67 3
44 69 2
44 54 2
44 66 3
44 76 1
44 83 1
45 45 16
45 76 3
45 57 1
45 83 1
45 70 1
45 78 5
45 54 3
45 53 1
45 75 5
45 66 5
45 55 3
45 67 1
45 61 1
45 46 1
46 77 4
46 46 19
46 84 2
46 52 6
46 76 1
46 61 2
46 75 1
46 62 5
46 53 3
46 74 2
46 56 1
46 63 3
46 49 2
46 64 1
46 54 1
47 76 1
47 47 12
47 84 7
47 50 1
47 48 3
47 51 2
47 62 1
47 83 5
47 61 1
48 48 11
48 65 1
48 70 4
48 51 3
48 50 2
48 68 3
48 83 1
48 52 1
48 69 2
48 57 1
49 49 20
49 56 1
49 70 4
49 52 3
49 50 2
49 53 3
49 73 1
50 53 3
50 50 12
50 54 2
50 51 6
50 66 1
50 82 1
50 55 1
50 76 1
50 85 1
51 51 32
51 56 2
51 52 5
51 74 3
51 76 2
51 72 1
51 71 2
51 82 7
51 53 1
52 53 8
52 52 21
52 82 7
52 54 2
52 62 1
52 55 1
52 74 2
52 56 6
52 83 6
52 68 2
52 70 9
52 97 1
52 57 1
52 75 5
52 71 1
52 80 1
53 70 6
53 53 20
53 68 2
53 75 4
53 76 3
53 71 9
53 74 4
53 82 1
53 57 2
53 58 1
53 92 3
53 55 1
53 86 1
53 73 2
53 61 1
53 54 1
54 54 37
54 76 1
54 82 2
54 70 4
54 73 1
54 78 6
54 72 2
54 66 6
54 63 2
54 62 3
54 61 2
54 68 1
54 57 1
54 88 1
54 55 4
55 55 29
55 66 3
55 62 1
55 63 2
55 67 1
55 86 1
55 56 3
55 60 1
55 73 1
56 56 22
56 61 2
56 75 1
56 97 1
56 81 1
56 57 3
57 57 30
57 82 3
57 76 4
57 72 1
57 69 2
57 81 2
57 79 2
57 71 3
57 58 14
57 66 1
57 68 1
57 59 2
57 64 1
58 58 31
58 78 5
58 68 3
58 81 1
58 65 1
58 59 9
58 97 3
58 86 1
59 59 23
59 88 2
59 83 1
59 69 5
59 65 3
59 74 2
59 82 1
59 79 1
59 93 1
59 84 1
59 70 2
59 78 2
59 72 1
59 67 1
59 60 1
60 86 6
60 70 1
60 60 24
60 63 6
60 72 3
60 101 2
60 84 1
60 61 3
60 111 2
60 94 1
60 110 2
60 77 7
60 73 1
60 62 1
60 78 2
61 111 2
61 63 2
61 77 12
61 72 1
61 70 1
61 69 3
61 67 2
61 76 6
61 61 30
61 83 3
61 84 1
61 156 1
61 97 1
61 191 1
61 62 1
62 84 9
62 191 1
62 63 4
62 83 3
62 62 18
62 92 6
62 67 1
62 89 1
62 75 4
62 77 1
62 76 2
62 78 1
62 74 1
62 109 1
62 93 1
63 93 2
63 63 15
63 94 3
63 85 3
63 97 1
63 66 3
63 87 1
63 72 3
63 69 4
63 105 1
63 103 1
63 86 1
63 82 1
63 81 1
63 96 1
63 101 1
63 84 6
63 68 1
63 88 1
63 102 1
63 71 2
63 77 2
63 64 6
64 64 30
64 84 3
64 66 1
64 65 6
64 86 1
64 111 2
64 102 1
64 155 2
64 96 1
65 65 11
65 67 5
65 68 4
65 83 2
65 66 3
65 101 1
65 79 1
65 69 1
65 84 1
65 112 2
66 112 2
66 97 1
66 66 12
66 84 2
66 83 1
66 71 4
66 74 1
66 73 1
66 72 6
66 67 6
66 96 1
66 80 1
66 78 2
67 88 1
67 67 16
67 76 6
67 82 4
67 71 8
67 72 1
67 77 6
67 79 3
67 191 4
67 98 2
67 69 6
67 70 4
67 68 5
67 78 1
67 74 1
67 73 3
67 156 1
68 71 4
68 69 3
68 73 4
68 68 10
68 70 5
68 79 1
68 101 1
69 69 14
69 70 1
69 73 1
69 71 5
69 81 2
69 79 3
69 78 3
69 87 1
69 82 1
69 93 1
69 77 1
70 70 15
70 191 1
70 99 1
70 94 1
70 83 7
70 72 2
70 90 1
70 97 1
70 71 2
70 81 1
70 78 1
70 73 6
70 77 1
70 79 2
70 76 1
71 73 9
71 71 25
71 72 20
71 74 3
71 93 4
71 82 3
71 81 1
71 79 1
71 100 2
71 95 1
72 78 6
72 73 7
72 72 24
72 77 1
72 74 11
72 130 1
72 131 1
72 82 4
72 79 4
72 81 2
73 73 32
73 82 5
73 79 6
73 74 6
74 74 40
74 82 2
74 75 13
74 76 1
74 90 2
74 78 1
74 77 1
74 93 3
74 92 3
74 91 2
74 131 1
74 99 3
74 130 1
75 75 37
75 99 2
75 131 1
75 91 6
75 130 1
75 151 1
75 88 1
75 104 1
75 90 1
75 93 1
75 92 5
75 102 1
75 84 2
75 80 1
75 76 2
75 77 2
76 76 22
76 92 1
76 78 2
76 77 8
76 153 1
76 155 1
76 82 1
76 84 1
77 77 19
77 84 6
77 150 2
77 92 1
77 88 1
77 78 8
78 78 20
78 154 1
78 81 4
78 93 4
78 80 1
78 79 4
79 79 16
79 80 2
79 81 9
79 86 1
79 82 1
79 87 2
79 88 1
80 80 26
80 133 3
80 81 8
80 83 1
80 86 3
80 87 1
81 81 16
81 83 4
81 91 1
81 93 1
81 86 2
81 82 9
81 88 1
81 87 1
82 82 29
82 83 6
82 123 1
82 88 1
82 86 1
83 83 16
83 84 5
84 84 19
84 112 3
84 110 3
84 93 2
84 91 1
84 120 1
84 103 2
84 86 1
84 102 3
85 119 3
85 85 9
85 89 3
85 105 3
85 108 1
85 86 5
85 100 1
85 95 1
85 110 1
86 86 35
86 119 2
86 88 2
86 105 2
86 92 3
86 91 1
86 94 2
86 87 6
86 133 1
86 95 1
86 90 1
87 133 5
87 134 1
87 87 25
87 132 1
87 90 3
87 131 1
87 127 1
87 105 3
87 88 3
87 123 2
87 122 1
87 100 1
87 94 1
87 89 1
87 184 1
88 94 4
88 88 42
88 95 2
88 122 2
88 96 4
88 184 1
88 90 2
88 91 11
88 93 5
88 105 3
88 132 2
88 119 9
88 118 6
88 106 1
88 97 2
88 98 2
88 108 3
88 120 11
88 110 1
88 181 1
88 121 2
88 128 3
88 113 1
88 127 2
88 117 2
88 126 7
88 136 1
88 125 1
88 131 1
88 89 1
89 95 3
89 131 2
89 126 7
89 91 3
89 89 32
89 150 1
89 106 1
89 125 1
89 94 5
89 92 6
89 136 1
89 120 7
89 96 1
89 119 6
89 97 1
89 127 1
89 154 1
89 152 1
89 113 1
89 90 11
89 124 2
89 104 1
90 90 36
90 124 5
90 92 6
90 95 5
90 99 2
90 94 2
90 120 5
90 117 1
90 125 9
90 126 1
90 104 3
90 91 2
90 114 4
90 133 1
90 100 1
90 129 1
90 182 1
90 103 1
90 106 3
90 105 4
90 109 1
91 91 36
91 93 3
91 131 3
91 183 1
91 125 2
91 114 1
91 113 1
91 137 1
91 100 1
91 108 1
91 105 2
91 92 5
91 151 3
91 173 5
91 119 2
91 172 1
91 94 1
91 97 1
91 107 1
91 98 1
91 120 2
92 174 2
92 92 32
92 120 2
92 151 5
92 129 1
92 93 11
92 157 1
92 124 2
92 131 1
92 125 7
92 126 1
92 105 2
92 135 1
92 114 1
92 112 2
92 113 5
92 104 1
93 93 28
93 125 1
93 119 1
93 118 2
93 139 1
93 116 3
93 151 1
93 107 1
93 97 3
93 182 1
93 96 1
93 129 3
93 106 2
93 178 1
93 115 2
93 124 1
93 105 1
93 117 1
93 131 1
93 110 3
93 184 1
93 121 1
93 156 1
93 153 1
93 134 1
93 135 1
93 122 1
93 171 1
93 108 1
93 95 1
94 94 9
94 120 7
94 95 8
94 98 6
94 107 4
94 172 1
94 119 8
94 105 2
94 113 1
94 96 3
94 126 1
94 131 2
94 116 2
94 118 1
94 117 1
95 99 2
95 100 3
95 95 15
95 151 1
95 119 1
95 113 4
95 126 2
95 120 1
95 101 4
95 172 1
95 114 1
95 97 1
95 111 1
95 116 1
95 96 2
95 112 1
96 113 2
96 101 2
96 100 2
96 96 9
96 119 4
96 124 1
96 120 1
96 118 5
96 109 2
96 121 1
96 108 2
96 102 1
96 98 2
96 123 1
96 126 2
96 132 3
96 129 1
96 125 1
96 97 1
96 99 1
97 97 16
97 100 2
97 99 1
97 140 2
97 113 2
97 106 1
97 127 4
97 143 1
97 112 2
97 98 1
97 141 3
97 120 2
97 107 2
97 128 2
97 118 5
97 122 1
97 119 2
97 117 2
97 121 1
97 110 1
97 109 1
98 120 6
98 98 6
98 119 5
98 112 3
98 107 2
98 106 2
98 121 4
98 118 1
98 100 3
98 129 3
98 99 5
98 113 2
98 125 2
98 127 1
98 124 1
98 131 2
98 130 1
98 116 1
99 99 12
99 100 7
99 101 4
99 113 1
99 125 3
99 106 2
99 130 3
99 124 2
99 121 2
99 131 1
99 107 1
100 130 6
100 124 1
100 100 14
100 101 4
100 131 1
100 112 2
100 113 1
100 126 3
100 102 1
100 108 1
100 121 2
100 120 2
100 106 1
100 125 1
100 104 1
100 103 1
100 134 1
101 101 20
101 107 1
101 104 2
101 126 2
101 125 2
101 102 3
101 103 1
101 109 2
101 105 1
101 118 1
102 102 15
102 108 2
102 126 1
102 103 9
102 122 2
102 105 1
102 110 4
102 123 1
102 104 1
102 112 1
102 109 1
103 110 2
103 103 11
103 109 1
103 104 4
103 124 2
103 106 2
103 125 1
104 104 18
104 116 1
104 123 1
104 122 2
104 120 2
104 112 1
104 107 1
104 133 1
105 105 13
105 134 1
105 122 4
105 132 5
105 136 3
105 106 2
105 135 1
105 108 1
105 123 1
105 110 1
105 120 1
105 125 1
105 118 4
105 129 1
105 126 1
106 106 21
106 118 2
106 124 3
106 130 1
106 129 3
106 115 4
106 108 4
106 119 4
106 138 1
106 126 1
106 107 2
106 116 5
106 171 1
106 121 1
106 125 1
106 142 1
106 143 1
107 117 6
107 116 4
107 107 14
107 123 4
107 118 4
107 126 4
107 129 3
107 171 1
107 141 1
107 125 1
107 111 1
107 119 2
107 120 1
107 108 4
108 123 5
108 120 1
108 126 1
108 108 14
108 117 1
108 125 5
108 121 1
108 109 1
108 124 2
108 132 1
109 109 8
109 122 1
109 123 2
109 112 1
109 132 1
109 131 3
109 119 4
109 124 5
109 118 4
109 117 2
109 111 2
109 135 1
109 133 1
109 125 1
110 129 2
110 111 5
110 110 8
110 118 1
110 116 1
110 124 1
110 117 5
110 119 1
110 120 3
110 136 1
111 117 1
111 119 6
111 111 11
111 114 2
111 170 1
111 118 2
111 113 1
111 112 1
112 112 11
112 130 2
112 136 1
112 143 1
112 124 2
112 122 1
112 126 2
112 133 1
112 142 2
112 127 4
112 129 1
113 113 11
113 127 6
113 129 1
113 142 2
113 130 1
113 151 1
113 123 1
113 114 1
113 121 3
113 116 1
113 139 1
113 125 1
113 141 1
113 115 2
113 144 4
113 150 1
113 159 1
113 162 3
113 172 1
113 174 1
113 145 1
113 176 1
113 163 1
113 168 1
113 170 1
114 144 1
114 169 1
114 159 1
114 165 1
114 143 1
114 125 2
114 114 11
114 137 5
114 138 2
114 170 2
114 145 3
114 116 1
114 115 2
114 121 1
114 127 1
114 124 1
114 126 2
114 163 4
114 119 1
115 144 1
115 178 5
115 145 2
115 160 1
115 115 14
115 127 1
115 146 4
115 130 2
115 170 1
115 143 4
115 169 1
115 149 2
115 124 2
115 129 4
115 134 1
115 175 1
115 116 1
115 137 1
115 117 2
115 140 1
116 130 1
116 129 5
116 137 5
116 116 11
116 150 1
116 126 2
116 133 1
116 138 1
116 127 2
116 123 3
116 119 3
116 118 1
116 149 1
116 117 2
116 145 1
116 124 2
116 141 1
117 143 3
117 131 1
117 119 4
117 117 12
117 124 1
117 118 4
117 122 1
117 123 4
117 139 3
117 141 2
117 140 1
118 122 3
118 118 43
118 141 1
118 123 2
118 136 4
118 126 2
118 119 10
118 124 1
118 170 1
118 137 1
118 121 1
118 120 1
118 139 1
118 129 1
119 119 33
119 124 2
119 121 7
119 129 1
119 155 1
119 120 9
119 126 2
119 128 1
119 167 1
119 169 1
119 171 1
120 120 37
120 135 2
120 153 4
120 132 4
120 172 6
120 170 2
120 127 1
120 123 1
120 121 12
120 129 5
120 128 3
120 133 2
120 169 2
120 126 1
120 171 1
121 121 29
121 153 2
121 171 3
121 132 1
121 172 2
121 128 1
121 142 1
121 127 2
121 141 3
121 140 3
121 138 1
121 137 1
121 136 1
121 122 1
121 124 1
121 152 1
121 134 1
122 127 2
122 122 24
122 124 3
122 126 1
122 143 3
122 139 1
122 171 2
122 148 1
122 140 2
123 123 18
123 127 8
123 169 1
123 134 1
123 142 1
123 139 1
123 124 1
124 127 2
124 124 17
124 130 2
124 129 2
124 169 1
124 128 1
124 131 1
124 125 6
124 126 2
125 125 20
125 126 8
125 130 6
125 131 4
125 127 2
125 129 2
125 172 1
125 148 1
126 130 2
126 134 2
126 126 17
126 135 2
126 129 3
126 166 1
126 128 4
126 131 7
126 136 6
126 127 2
126 142 1
126 133 1
126 141 3
126 138 1
126 143 1
126 139 1
127 127 44
127 142 4
127 128 13
127 140 3
127 159 3
127 157 2
127 138 6
127 158 1
127 168 1
127 136 4
127 167 1
127 141 1
127 131 1
127 151 2
127 135 1
128 136 3
128 128 24
128 151 1
128 140 5
128 167 1
128 141 4
128 130 2
128 149 2
128 131 2
128 169 1
129 129 13
129 143 1
129 130 3
129 149 5
129 141 2
129 142 2
129 131 1
129 157 1
129 159 1
129 147 1
130 130 20
130 157 2
130 146 1
130 131 11
130 174 1
130 155 1
131 174 2
131 131 34
131 172 2
131 154 2
131 133 1
131 142 3
131 170 2
131 138 4
131 137 5
131 141 5
131 155 3
131 149 1
131 148 1
131 143 3
131 169 1
131 168 1
131 132 2
131 175 1
131 134 1
132 132 48
132 136 6
132 134 1
132 133 1
132 135 4
132 160 1
132 151 1
132 159 1
133 133 49
133 172 1
133 170 2
133 169 1
133 134 30
133 171 1
133 135 11
133 138 2
134 134 50
134 135 10
134 164 1
134 173 1
134 136 2
134 153 5
135 135 52
135 165 3
135 136 14
135 154 1
135 153 5
135 180 1
135 168 1
136 136 28
136 165 4
136 153 2
136 150 4
136 151 6
136 162 2
136 155 1
136 138 8
136 152 2
136 172 1
136 171 1
136 137 10
136 158 1
136 141 4
136 145 1
137 169 1
137 158 1
137 137 18
137 141 8
137 149 1
137 142 2
137 143 2
137 159 2
137 138 5
137 151 2
137 145 1
137 140 4
137 170 1
137 157 1
138 139 3
138 138 14
138 141 2
138 150 5
138 149 4
138 169 1
138 143 1
138 158 2
138 144 1
138 140 2
138 179 2
138 157 2
138 159 1
138 151 2
138 155 1
138 154 2
138 162 1
139 154 1
139 179 3
139 139 7
139 158 1
139 142 3
139 168 5
139 167 1
139 166 1
139 148 2
139 150 1
139 144 1
139 176 1
139 141 2
139 140 2
139 159 2
140 145 1
140 159 1
140 141 3
140 168 1
140 140 7
140 143 2
140 189 1
140 157 1
140 144 2
141 159 1
141 144 1
141 171 1
141 149 3
141 141 4
141 143 1
141 142 2
142 142 7
142 143 7
142 148 2
142 150 1
142 155 1
142 163 1
142 190 4
142 169 2
142 160 1
142 170 1
142 189 1
143 179 4
143 157 4
143 143 8
143 174 3
143 156 1
143 155 5
143 159 2
144 145 4
144 144 10
144 149 3
144 159 5
144 178 1
144 169 1
144 157 1
144 163 3
144 150 1
144 160 1
144 170 1
144 167 1
144 168 2
144 189 1
144 177 2
144 190 1
145 145 8
145 169 1
145 189 2
145 177 1
145 168 1
145 162 1
145 163 4
145 159 6
145 149 1
145 150 1
145 178 2
145 160 3
145 146 3
146 147 3
146 146 10
146 159 5
146 163 2
146 157 2
146 178 3
146 179 1
146 164 1
146 152 1
147 147 10
147 163 3
147 159 1
147 164 2
147 170 2
147 189 1
147 148 2
147 169 1
148 175 3
148 148 9
148 176 2
148 157 1
148 170 1
148 174 1
149 149 12
149 178 2
149 161 1
149 150 11
149 158 3
149 176 2
149 168 2
149 152 3
149 159 1
149 156 1
150 150 11
150 157 10
150 176 3
150 179 2
150 155 2
150 151 6
150 188 1
150 154 1
150 152 5
150 168 1
150 175 9
150 190 1
150 159 2
150 174 1
151 151 37
151 156 5
151 161 1
151 174 5
151 155 4
151 172 12
151 158 1
151 157 3
151 173 4
151 179 1
151 180 1
151 152 6
151 193 1
152 171 8
152 161 1
152 152 29
152 160 2
152 172 4
152 167 1
152 153 5
152 154 3
152 164 1
152 170 1
152 157 1
152 191 1
152 179 1
152 169 1
153 172 3
153 153 46
153 191 4
153 165 1
153 154 5
153 186 2
153 177 1
153 189 7
153 155 7
153 188 1
153 179 2
153 170 2
153 171 3
153 178 1
153 159 1
153 184 5
153 168 2
153 180 1
154 154 25
154 164 7
154 165 2
154 167 10
154 166 3
154 175 3
154 160 3
154 186 1
154 191 1
154 179 3
154 176 6
154 190 4
154 188 5
154 185 2
154 194 2
154 183 3
154 161 1
154 178 1
154 189 1
154 163 1
154 162 1
154 184 1
155 179 2
155 155 24
155 168 1
155 167 1
155 176 3
155 165 1
155 175 1
155 174 2
155 172 4
155 180 1
155 156 3
156 180 2
156 156 30
156 168 1
156 177 4
156 157 15
156 173 2
156 158 1
156 169 1
157 157 23
157 171 1
157 158 10
157 177 3
157 159 3
157 180 3
157 179 2
157 187 1
157 175 4
157 176 1
157 167 1
157 169 1
158 158 30
158 159 2
158 161 1
158 169 3
158 168 1
159 159 22
159 161 2
159 175 1
159 165 2
159 179 5
159 162 2
159 169 4
159 160 4
159 170 2
159 168 1
159 178 3
159 190 1
159 183 1
159 189 1
160 190 1
160 189 7
160 160 7
160 179 20
160 165 5
160 169 3
160 187 1
160 188 4
160 162 3
160 161 6
160 164 5
160 178 7
160 166 1
160 167 1
160 170 1
160 163 3
160 192 2
160 193 2
160 194 1
160 180 1
161 161 22
161 179 2
161 191 2
161 174 2
161 180 3
161 193 5
161 178 3
161 194 2
161 169 3
161 163 1
161 162 9
161 185 4
161 188 1
161 187 2
161 172 2
161 181 3
161 184 2
161 190 1
161 165 1
161 192 1
162 164 4
162 162 17
162 190 2
162 192 9
162 186 1
162 165 2
162 172 2
162 173 2
162 163 6
162 178 3
162 191 4
162 185 2
162 184 2
162 193 2
162 169 1
162 179 4
162 170 1
162 188 1
162 183 1
162 168 1
162 167 1
162 194 1
163 194 4
163 176 3
163 163 29
163 175 1
163 166 10
163 167 1
163 178 3
163 170 1
163 193 3
163 195 1
163 165 2
163 187 3
163 192 1
163 164 3
163 188 3
164 190 3
164 188 4
164 164 23
164 193 5
164 178 1
164 192 2
164 170 1
164 165 7
164 185 1
164 183 1
164 189 1
164 167 1
165 165 26
165 170 9
165 189 3
165 183 6
165 178 3
165 184 5
165 179 7
165 187 2
165 186 3
165 185 1
165 190 6
165 176 3
165 175 3
165 173 2
165 172 1
165 169 1
166 189 6
166 187 12
166 166 15
166 195 1
166 190 3
166 175 5
166 186 2
166 184 5
166 194 4
166 173 1
166 176 1
166 188 3
166 179 1
166 178 1
166 167 4
166 185 2
166 183 3
167 194 2
167 185 6
167 167 27
167 187 2
167 173 2
167 183 2
167 168 5
167 190 5
167 179 2
167 189 8
167 169 4
167 170 1
167 184 1
167 175 2
168 168 15
168 169 1
168 190 2
168 171 1
168 170 1
168 181 2
168 179 1
168 175 5
168 176 4
168 184 2
168 187 3
169 169 23
169 179 3
169 190 10
169 173 2
169 189 7
169 181 1
169 178 4
169 176 1
169 170 7
169 172 3
169 191 1
170 179 1
170 170 29
170 187 5
170 186 1
170 178 6
170 173 1
170 188 2
170 189 1
170 171 3
170 184 2
170 194 2
170 172 1
171 171 43
171 183 1
171 172 8
171 193 1
171 192 1
171 180 1
171 177 1
172 172 39
172 179 1
172 190 2
172 174 2
172 191 4
172 176 5
172 186 2
172 188 3
172 173 2
173 173 22
173 175 3
173 188 1
173 174 5
173 184 5
173 189 1
173 186 1
173 185 1
174 186 5
174 174 15
174 183 1
174 193 5
174 195 1
174 184 3
174 177 1
174 188 2
174 194 1
174 175 8
174 179 4
174 176 1
175 175 19
175 176 10
175 177 2
175 179 2
175 188 3
175 184 2
175 183 1
175 186 4
175 187 3
175 190 1
176 179 5
176 184 1
176 176 16
176 190 1
176 191 1
176 194 2
176 186 1
176 188 1
176 187 1
176 180 1
176 177 1
177 180 4
177 177 29
177 190 2
177 187 3
177 178 5
177 188 5
177 186 1
178 178 22
178 179 6
178 193 6
178 195 2
178 194 2
178 190 3
178 188 1
178 183 1
178 185 1
178 187 1
179 179 24
179 194 2
179 190 3
179 180 4
179 181 1
180 180 41
180 191 7
180 182 1
180 190 3
180 188 1
180 189 1
180 184 3
180 181 2
180 194 1
181 181 34
181 191 3
181 182 10
181 185 1
182 182 29
182 183 11
182 195 1
182 187 1
182 192 14
182 189 1
182 186 4
182 191 3
182 185 5
182 184 3
183 183 28
183 186 3
183 192 1
183 185 1
183 191 2
183 184 5
183 187 2
183 188 2
183 193 1
183 189 1
184 188 2
184 186 9
184 184 29
184 191 8
184 190 2
184 185 3
184 192 1
185 185 27
185 191 10
185 187 7
185 186 6
185 192 4
185 193 3
185 195 1
186 192 3
186 186 25
186 187 10
186 189 5
186 188 1
186 190 4
187 190 9
187 195 1
187 188 12
187 187 15
187 193 5
187 189 6
187 192 2
188 188 20
188 193 2
188 194 1
188 189 4
188 190 9
188 191 1
189 189 50
189 191 3
189 190 11
190 190 24
190 193 5
190 194 1
190 192 1
191 192 6
191 191 45
191 193 1
192 192 36
192 194 4
192 193 11
192 195 1
193 193 24
193 194 13
193 195 6
194 194 26
194 195 6
195 195 5
