3 9 5
3 8 6
3 3 31
3 18 4
3 23 6
3 12 2
3 26 2
3 21 2
3 24 2
3 5 2
3 31 3
3 4 9
3 30 7
3 14 4
3 11 2
4 4 33
4 30 4
4 5 19
4 16 3
4 12 6
4 8 3
4 31 2
4 17 2
4 14 1
4 15 2
4 36 1
5 5 30
5 30 2
5 15 1
5 31 1
5 12 3
5 35 2
5 16 1
5 23 1
5 9 4
5 14 4
5 17 2
5 22 3
5 8 6
5 11 2
5 27 6
5 18 1
5 19 1
5 26 3
5 6 3
5 10 3
5 13 1
6 6 14
6 10 5
6 14 3
6 27 3
6 13 2
6 26 2
6 7 4
6 22 3
6 8 1
7 8 4
7 27 2
7 35 1
7 7 17
7 9 1
7 14 1
7 13 1
7 33 5
7 11 4
7 16 2
7 19 1
8 8 21
8 33 4
8 10 1
8 15 1
8 22 1
8 14 3
8 23 1
8 13 4
8 11 5
8 9 5
8 27 1
8 19 1
8 12 2
9 9 28
9 11 9
9 22 11
9 13 7
9 14 9
9 23 1
9 10 7
9 19 1
9 25 1
9 33 1
9 12 1
10 10 36
10 25 1
10 14 3
10 21 1
10 11 7
10 15 2
10 12 1
10 24 1
10 33 1
11 11 20
11 13 1
11 16 1
11 14 15
11 21 4
11 27 3
11 12 2
11 15 2
11 19 2
12 12 50
12 21 5
12 15 1
12 27 4
12 13 5
12 25 1
12 26 4
12 20 9
12 18 7
12 17 3
12 24 1
13 13 21
13 35 1
13 20 1
13 27 4
13 22 1
13 21 4
14 21 1
14 15 6
14 14 32
14 16 2
14 38 2
14 36 1
14 29 1
14 27 2
14 20 1
14 17 2
14 33 1
15 15 35
15 19 1
15 17 1
15 22 2
15 16 4
15 30 1
15 33 2
16 17 2
16 16 15
16 20 2
16 22 1
16 33 1
16 27 1
17 22 1
17 17 15
17 26 2
17 19 3
17 18 4
17 20 2
18 18 21
18 19 2
18 20 3
18 22 1
19 19 20
19 20 3
20 20 16
20 21 4
20 39 1
20 43 1
20 22 1
21 21 13
21 24 3
21 23 2
21 26 5
21 22 2
22 47 1
22 22 16
22 28 1
22 23 4
23 23 24
23 32 1
23 38 1
23 27 4
23 24 6
23 28 1
23 33 2
23 48 1
23 42 5
23 56 2
23 41 1
24 24 40
24 42 1
24 41 1
24 26 2
24 25 9
24 36 1
24 37 2
24 38 2
25 25 55
25 37 6
25 36 3
25 33 3
25 46 1
25 32 7
25 27 1
25 38 1
25 26 17
25 49 1
26 26 41
26 47 2
26 27 12
26 37 1
26 32 2
26 38 4
26 36 4
27 33 10
27 27 46
27 32 6
27 36 5
27 56 1
27 38 1
27 30 1
27 31 6
27 28 7
27 34 1
28 29 10
28 28 39
28 31 6
28 80 2
28 79 1
28 34 4
28 43 2
28 30 7
28 53 1
28 33 1
29 33 1
29 29 55
29 34 1
29 80 8
29 31 3
29 56 1
29 30 11
29 47 1
29 53 1
29 37 1
29 51 1
29 85 1
29 43 1
30 43 2
30 30 49
30 46 1
30 56 9
30 31 7
30 37 1
30 53 2
30 39 1
30 34 3
30 65 1
30 35 1
31 56 9
31 80 1
31 31 52
31 32 5
32 32 30
32 82 1
32 36 5
32 33 6
32 41 3
33 33 30
33 41 1
33 36 6
33 37 4
33 38 3
33 52 1
33 83 1
33 35 1
33 34 1
33 43 1
34 35 5
34 34 41
34 36 1
34 80 2
34 38 1
34 87 1
34 85 1
35 35 65
35 65 8
35 78 1
35 45 1
35 42 1
35 58 1
35 83 3
35 53 1
35 51 1
35 87 6
35 36 3
35 66 1
35 90 1
36 87 1
36 36 22
36 86 8
36 66 1
36 45 3
36 63 2
36 55 1
36 83 2
36 53 5
36 50 1
36 38 2
36 37 5
36 82 1
36 48 2
36 43 1
36 42 1
36 39 1
37 43 4
37 40 5
37 44 3
37 52 2
37 37 15
37 50 2
37 42 4
37 51 1
37 53 1
37 54 1
37 38 7
37 58 1
37 62 2
37 57 1
37 69 1
37 72 1
38 62 5
38 75 3
38 38 10
38 41 4
38 72 3
38 60 4
38 50 4
38 48 2
38 43 1
38 51 2
38 39 3
38 82 1
38 55 1
39 52 3
39 54 3
39 49 4
39 50 6
39 45 1
39 39 9
39 58 2
39 74 1
39 59 1
39 41 3
39 47 1
39 42 1
39 40 2
39 72 1
39 75 2
39 57 2
40 40 11
40 69 1
40 54 2
40 44 3
40 51 3
40 58 1
40 50 1
40 52 5
40 60 1
40 43 1
40 49 1
40 55 9
40 46 3
40 42 4
40 41 2
40 56 2
40 70 1
41 42 3
41 51 1
41 57 4
41 68 1
41 54 4
41 41 9
41 72 3
41 73 2
41 60 1
41 58 1
41 75 1
41 62 1
41 55 1
42 52 4
42 42 20
42 55 5
42 49 1
42 59 1
42 53 4
42 54 1
42 57 2
42 69 4
42 70 3
42 51 3
42 43 6
42 86 2
42 84 1
42 85 1
42 44 3
42 56 1
43 43 29
43 84 2
43 44 17
43 86 3
43 69 4
43 83 2
43 50 5
43 80 1
43 45 3
43 52 4
43 65 1
43 82 1
43 81 1
43 48 2
43 74 1
43 53 3
43 70 1
43 49 4
43 71 1
43 47 1
43 51 1
44 45 5
44 44 34
44 53 4
44 46 4
44 83 1
44 52 3
44 50 5
44 77 1
44 49 9
44 72 2
44 47 2
44 51 1
45 72 2
45 50 6
45 45 42
45 71 3
45 52 1
45 78 1
45 55 2
45 48 1
45 86 8
45 63 4
45 46 9
45 76 1
46 46 50
46 56 7
46 47 7
46 54 3
46 82 1
46 67 2
46 55 2
46 71 2
47 47 54
47 70 1
47 72 2
47 71 1
47 78 1
47 48 3
47 75 1
48 48 22
48 59 1
48 64 6
48 62 2
48 74 5
48 73 5
48 57 1
48 75 3
48 83 1
48 86 9
48 66 2
48 71 2
48 65 2
48 76 1
48 58 1
48 50 4
48 52 1
48 69 3
48 70 1
48 84 1
48 49 8
48 72 2
48 51 2
49 49 28
49 59 2
49 82 3
49 50 15
49 73 2
49 70 1
49 52 1
49 72 7
49 51 3
49 71 4
49 81 1
49 84 4
49 83 4
49 63 3
49 58 2
49 54 1
49 55 1
50 58 1
50 82 1
50 50 17
50 84 1
50 51 9
50 63 6
50 79 2
50 83 1
50 78 1
50 81 1
50 69 5
50 72 1
50 77 1
50 52 2
50 70 6
50 53 1
51 70 1
51 51 16
51 53 2
51 65 3
51 69 6
51 52 1
51 83 1
52 52 8
52 53 11
52 70 5
52 69 1
52 62 2
52 57 2
52 71 1
52 73 7
52 72 2
52 54 1
52 66 1
52 86 1
52 65 1
53 86 1
53 53 23
53 70 4
53 54 2
53 72 3
53 58 1
53 57 1
53 69 1
53 73 3
53 71 2
54 55 10
54 54 9
54 71 4
54 57 1
54 60 1
54 72 3
54 69 1
54 73 1
54 64 2
54 66 1
54 93 2
54 67 3
54 68 4
54 75 1
55 60 1
55 55 10
55 71 1
55 75 3
55 83 6
55 59 1
55 61 2
55 67 2
55 94 1
55 64 2
55 82 1
55 65 1
55 63 2
55 58 1
55 78 1
55 86 3
55 66 1
55 85 1
55 56 1
56 56 48
56 57 4
57 57 16
57 65 3
57 90 2
57 89 1
57 75 5
57 68 1
57 78 1
57 70 3
57 69 3
57 86 2
57 73 3
57 72 7
57 58 5
57 61 1
57 71 1
57 62 2
57 59 1
57 82 1
57 60 2
57 85 1
58 72 3
58 78 2
58 58 14
58 82 2
58 71 1
58 83 3
58 75 4
58 68 4
58 64 2
58 60 2
58 62 6
58 63 4
58 85 1
58 94 1
58 61 5
58 79 1
58 59 1
58 88 1
58 90 1
59 64 3
59 62 4
59 65 1
59 78 4
59 60 5
59 61 3
59 85 1
59 90 1
59 75 1
59 59 6
59 77 1
59 74 1
59 89 1
60 60 5
60 61 4
60 76 3
60 93 1
60 91 4
60 77 2
60 67 1
60 90 3
60 75 1
60 89 1
60 62 1
60 82 2
60 63 2
60 78 1
61 78 1
61 64 1
61 61 13
61 69 2
61 85 2
61 65 2
61 77 1
61 62 8
61 89 2
61 63 2
61 72 1
62 62 8
62 66 2
62 63 14
62 74 2
62 64 3
62 73 2
62 72 2
62 90 1
62 68 2
62 71 1
62 89 2
62 65 2
63 74 7
63 77 2
63 88 3
63 63 17
63 89 3
63 82 3
63 81 2
63 83 6
63 90 1
63 78 1
63 64 5
63 92 1
63 93 3
63 68 1
63 66 3
63 76 1
63 75 1
64 77 2
64 76 1
64 73 4
64 83 4
64 64 10
64 78 2
64 94 1
64 91 3
64 69 3
64 82 1
64 75 6
64 67 2
64 66 5
64 74 2
64 65 10
64 68 1
64 86 1
65 72 1
65 65 30
65 75 1
65 67 1
65 69 5
65 84 1
65 86 10
65 87 1
65 88 1
65 83 1
65 66 1
65 73 1
66 86 9
66 83 3
66 66 22
66 84 2
66 67 6
66 94 2
66 77 3
66 93 6
66 90 2
66 92 3
66 85 1
66 68 9
66 89 1
66 69 2
66 71 1
67 68 7
67 67 32
67 89 2
67 93 6
67 94 10
67 91 5
67 92 6
67 74 5
67 88 5
67 87 1
67 83 1
67 75 3
68 72 3
68 89 3
68 68 13
68 93 2
68 71 5
68 92 3
68 75 2
68 94 3
68 91 2
68 85 5
68 69 7
68 77 3
69 69 11
69 75 1
69 93 3
69 71 3
69 73 7
69 82 1
69 72 1
69 86 2
69 79 1
69 89 2
69 74 1
69 70 6
70 70 18
70 72 2
70 74 1
70 73 7
70 71 1
71 71 19
71 73 7
71 72 3
71 84 1
71 74 3
71 94 1
72 73 8
72 72 28
72 75 4
73 73 50
73 87 1
73 86 5
73 75 1
73 74 3
74 74 31
74 93 1
74 87 4
74 88 1
74 83 2
74 75 1
75 94 3
75 83 6
75 78 3
75 75 12
75 82 3
75 85 1
75 89 2
76 83 3
76 94 1
76 91 1
76 90 2
76 76 5
76 78 3
76 81 1
76 88 2
76 77 6
76 89 1
76 86 1
76 93 1
76 92 1
77 77 18
77 79 2
77 93 3
77 78 8
77 85 1
77 90 2
77 91 1
78 78 32
78 90 2
78 82 2
78 79 4
78 81 3
78 80 1
79 80 6
79 81 10
79 79 31
79 82 2
80 83 1
80 81 18
80 82 7
80 80 37
81 81 15
81 82 12
81 90 1
82 82 10
82 83 8
83 83 41
83 85 5
83 86 12
83 87 4
83 84 12
84 84 38
84 85 14
84 86 5
85 85 26
85 86 2
85 94 4
86 86 40
86 87 3
86 93 1
87 87 59
87 93 1
87 94 2
87 89 1
88 88 23
88 91 5
88 89 21
88 93 6
88 90 3
89 89 16
89 90 5
89 93 2
90 93 1
90 90 8
90 94 6
90 91 4
90 92 2
91 92 3
91 94 1
91 91 16
92 94 6
92 93 6
92 92 1
93 93 16
93 94 2
94 94 10
