3 3 26
3 17 5
3 18 2
3 10 5
3 15 3
3 21 1
3 14 1
3 28 1
3 5 2
3 4 5
3 6 5
3 8 3
3 9 1
4 4 18
4 7 3
4 42 2
4 27 1
4 14 2
4 43 1
4 5 3
5 5 22
5 6 8
5 14 1
5 10 3
5 9 1
5 22 3
5 11 2
6 6 26
6 7 1
6 22 2
6 10 1
6 9 3
6 23 3
6 8 7
7 7 21
7 8 9
7 9 1
7 21 1
7 12 2
7 10 1
7 23 1
7 18 2
7 17 1
8 8 22
8 42 1
8 12 2
8 9 6
9 9 27
9 12 2
9 23 5
9 14 1
9 40 1
9 71 1
9 43 1
9 17 3
9 28 2
9 11 12
9 16 5
9 22 4
9 64 1
9 21 6
9 19 5
9 70 5
9 10 4
9 27 1
9 18 1
9 41 3
9 42 1
10 10 18
10 42 2
10 17 1
10 41 4
10 40 1
10 27 2
10 22 3
10 28 1
10 11 9
10 16 1
11 11 39
11 12 4
11 22 2
11 19 1
11 16 9
11 28 2
11 14 1
11 43 2
11 35 1
11 20 3
11 21 1
12 12 29
12 15 1
12 21 3
12 20 3
12 14 3
12 13 5
12 38 5
12 42 11
12 37 7
12 43 2
12 34 2
12 41 1
12 40 3
12 36 2
13 33 1
13 13 19
13 43 7
13 42 2
13 14 6
13 44 4
13 37 1
13 21 1
14 43 4
14 14 10
14 15 15
14 39 1
14 29 2
14 42 1
14 28 1
14 36 2
14 20 1
14 27 1
14 19 1
14 21 2
15 24 1
15 15 19
15 19 4
15 29 1
15 34 1
15 43 1
15 17 1
15 21 5
15 45 1
15 20 2
15 16 5
16 16 22
16 20 5
16 21 3
16 19 2
16 22 1
17 17 16
17 18 3
17 23 1
17 26 1
17 27 1
17 20 3
17 28 1
17 25 3
18 25 3
18 18 21
18 24 2
18 19 6
18 21 1
19 19 30
19 25 2
19 24 2
19 43 1
19 21 5
19 20 16
19 27 1
20 25 6
20 20 23
20 27 2
20 26 1
20 21 10
20 29 1
20 23 1
20 37 1
21 21 30
21 29 1
21 35 1
21 27 3
21 42 1
21 22 2
21 23 1
21 44 1
21 24 1
21 43 1
22 23 2
22 27 3
22 29 1
22 22 11
22 28 2
22 30 1
22 39 1
22 34 2
22 32 1
23 23 36
23 40 4
23 34 3
23 39 2
23 32 1
23 42 1
23 43 2
23 28 2
23 29 1
23 24 5
23 25 1
23 27 2
24 24 46
24 28 3
24 43 3
24 25 2
24 44 3
24 32 1
24 27 1
25 25 13
25 26 2
25 27 3
25 29 1
26 26 14
26 27 7
26 29 4
26 28 1
26 35 1
26 31 1
27 27 13
27 29 3
27 28 8
27 35 1
27 42 1
27 43 1
28 28 23
28 42 7
28 52 1
28 29 7
28 41 1
28 30 1
29 29 26
29 47 6
29 48 5
29 30 5
29 43 1
29 46 1
29 33 3
29 35 1
29 49 1
30 30 35
30 32 11
30 34 1
30 58 1
30 33 2
30 47 5
30 31 13
30 56 4
30 55 1
31 31 37
31 56 6
31 46 3
31 32 13
31 55 7
31 35 5
31 34 4
31 45 2
31 57 1
31 48 1
32 32 25
32 47 4
32 48 2
32 56 1
32 44 4
32 34 4
32 35 5
32 46 1
32 33 5
32 41 1
33 40 4
33 58 1
33 33 15
33 37 1
33 36 3
33 39 1
33 41 2
33 34 1
33 47 2
33 35 1
34 37 2
34 34 26
34 40 8
34 35 5
34 43 1
34 36 5
34 39 4
34 41 11
34 46 2
34 49 6
34 62 1
34 54 1
34 38 2
34 60 1
35 42 1
35 46 5
35 35 29
35 54 3
35 60 3
35 37 3
35 50 4
35 53 7
35 59 2
35 51 2
35 44 2
35 47 1
35 57 2
35 52 1
35 48 1
35 64 1
35 43 2
35 45 2
35 36 1
36 57 2
36 59 6
36 43 1
36 48 3
36 46 10
36 45 2
36 36 19
36 47 1
36 49 2
36 54 4
36 58 1
36 60 1
36 41 1
36 37 3
36 39 2
36 44 1
37 45 1
37 46 3
37 49 5
37 51 1
37 58 1
37 57 1
37 37 43
37 59 9
37 40 3
37 60 2
37 41 4
37 54 2
37 42 4
37 43 1
37 48 3
37 39 3
37 47 1
37 38 2
38 38 56
38 48 7
38 47 4
38 42 8
38 45 2
38 46 4
38 74 1
38 70 1
38 39 2
38 44 1
38 65 1
38 66 1
39 41 5
39 39 25
39 48 6
39 51 1
39 58 1
39 44 1
39 40 8
39 55 1
39 70 1
40 40 30
40 48 1
40 41 9
40 49 1
40 67 1
40 60 1
40 43 2
40 59 1
41 41 39
41 42 12
42 42 30
42 50 1
42 43 2
42 52 1
43 49 2
43 43 35
43 96 1
43 46 1
43 44 9
43 45 1
43 48 1
44 44 53
44 48 8
44 58 1
44 94 1
44 46 1
44 55 1
44 49 7
44 51 1
44 95 1
45 49 1
45 45 31
45 95 3
45 67 7
45 74 5
45 65 1
45 77 1
45 46 6
45 57 9
45 60 7
45 48 9
45 47 3
45 56 1
46 46 29
46 47 7
46 57 2
46 60 10
46 61 2
46 48 10
46 49 4
46 59 1
47 47 37
47 56 2
47 57 3
47 74 1
47 48 5
48 48 31
48 56 2
48 54 1
48 67 3
48 57 3
48 66 2
48 49 3
49 95 1
49 49 29
49 96 1
49 58 3
49 57 3
49 97 2
49 51 6
49 50 3
49 60 1
49 73 5
49 67 1
49 59 2
49 68 1
49 61 1
49 72 1
50 75 2
50 50 12
50 86 1
50 59 2
50 71 3
50 89 1
50 53 1
50 63 4
50 58 2
50 61 1
50 57 2
50 96 1
50 56 4
50 64 1
50 62 1
50 74 1
50 51 7
50 52 1
51 52 13
51 51 48
51 56 9
51 63 1
51 58 11
51 75 1
51 71 1
51 69 1
51 54 1
51 88 1
51 57 3
51 98 1
51 53 1
51 97 1
52 52 38
52 97 6
52 56 10
52 98 12
52 53 14
52 58 5
52 57 5
52 95 15
52 54 2
52 73 2
52 66 1
52 75 2
52 70 1
52 74 1
52 76 1
53 65 2
53 69 5
53 53 40
53 70 3
53 73 1
53 56 1
53 54 11
53 97 2
53 57 5
53 63 3
53 60 7
53 59 1
53 99 6
53 71 1
53 92 1
53 91 4
53 93 1
53 64 2
53 75 1
54 54 33
54 92 4
54 63 5
54 64 6
54 62 1
54 65 1
54 72 1
54 61 2
54 90 3
54 91 1
54 99 1
54 69 3
54 55 11
54 59 18
54 60 2
54 93 1
54 58 1
55 59 3
55 55 34
55 90 1
55 97 1
55 56 6
55 75 1
55 57 6
55 71 3
55 69 1
56 56 47
56 58 5
56 89 1
56 63 10
56 57 3
56 59 1
56 74 3
57 58 4
57 64 2
57 57 36
57 71 9
57 70 8
57 74 6
57 66 1
57 95 2
57 69 2
57 75 2
57 90 3
57 59 1
57 97 3
58 71 2
58 58 28
58 98 3
58 73 4
58 63 2
58 64 1
58 80 1
58 68 4
58 81 3
58 77 1
58 66 1
58 59 5
58 72 2
58 90 3
58 89 1
59 63 2
59 59 33
59 82 2
59 71 3
59 81 3
59 89 1
59 72 2
59 61 3
59 90 2
59 100 1
59 75 1
59 85 1
59 62 1
59 66 1
59 60 4
59 73 2
59 67 1
60 67 3
60 84 1
60 60 23
60 61 1
60 85 4
60 62 2
60 63 2
60 89 1
60 87 1
60 72 2
60 88 4
60 92 1
60 83 1
60 80 1
60 90 1
60 71 2
60 70 2
60 112 2
61 71 6
61 64 1
61 72 5
61 112 2
61 61 4
61 88 1
61 91 4
61 85 6
61 84 4
61 90 2
61 89 2
61 87 1
61 73 1
61 70 1
61 83 1
61 63 1
61 62 4
62 62 8
62 85 1
62 105 1
62 86 2
62 71 1
62 63 3
62 111 2
62 72 7
62 112 2
63 72 8
63 63 33
63 74 3
63 64 10
63 111 5
63 77 1
63 76 1
63 69 5
63 73 4
63 85 1
63 71 2
63 66 1
63 65 1
63 103 1
64 64 18
64 69 1
64 73 1
64 72 5
64 71 4
64 78 1
64 70 1
64 65 3
64 111 1
64 99 4
64 92 2
64 97 3
64 89 2
64 90 3
64 93 1
64 84 1
65 93 1
65 96 6
65 69 1
65 65 5
65 91 4
65 77 1
65 66 1
65 70 2
65 112 1
66 70 1
66 66 1
66 112 1
67 112 3
67 67 13
67 81 1
67 113 7
67 89 4
67 118 1
67 69 1
67 80 2
67 90 1
67 73 2
68 72 4
68 68 17
68 69 6
68 89 2
68 112 2
68 76 1
68 82 1
68 80 3
68 75 1
68 73 4
68 86 1
69 69 27
69 73 3
69 72 2
69 89 3
69 83 6
69 113 1
69 80 1
69 79 2
69 82 1
69 102 2
69 98 1
69 71 1
70 70 39
70 111 3
70 90 2
70 71 12
70 81 2
70 92 1
70 91 2
70 75 3
70 95 1
70 112 4
71 112 5
71 71 13
71 86 2
71 74 4
71 75 8
71 72 7
71 100 2
71 92 1
71 73 1
71 84 1
71 97 1
71 90 3
71 85 1
71 87 1
72 89 2
72 72 22
72 85 3
72 84 3
72 83 4
72 112 5
72 73 9
72 82 4
72 81 2
72 76 1
72 90 4
72 105 1
72 94 2
73 86 4
73 81 1
73 102 1
73 105 1
73 89 1
73 82 2
73 73 40
73 90 2
73 83 3
73 84 5
73 98 3
73 76 6
73 112 1
73 95 3
73 110 1
73 99 6
73 94 5
73 75 3
73 74 1
74 76 6
74 95 4
74 75 8
74 74 23
74 77 2
74 107 3
74 92 1
74 98 1
75 75 18
75 107 8
75 76 10
75 94 1
75 100 1
75 89 1
75 95 1
76 107 3
76 95 7
76 76 17
76 80 5
76 105 1
76 81 3
76 91 1
76 102 8
76 83 1
76 99 1
76 77 1
76 106 2
76 100 5
76 79 1
77 77 18
77 107 7
77 105 1
77 82 1
77 81 1
77 79 3
77 104 5
77 102 1
77 78 3
78 107 1
78 78 18
78 102 4
78 103 3
78 95 2
78 96 2
78 104 8
78 109 2
78 80 5
78 79 2
78 105 1
79 103 3
79 80 5
79 109 3
79 81 2
79 88 1
79 89 1
79 79 10
79 111 2
79 108 2
79 92 1
79 101 3
79 102 1
79 106 1
79 91 1
79 105 1
80 104 3
80 80 9
80 109 2
80 86 1
80 83 6
80 107 2
80 106 2
80 102 1
80 81 2
80 92 1
80 108 1
80 105 2
80 88 1
80 98 1
81 91 2
81 103 2
81 81 12
81 102 4
81 83 3
81 105 2
81 87 1
81 106 2
81 90 5
81 82 5
81 86 1
81 89 4
81 88 1
81 104 2
81 101 2
81 98 2
81 100 1
82 82 15
82 102 3
82 89 11
82 105 3
82 90 2
82 83 9
82 85 3
82 86 2
82 87 1
82 84 2
82 112 1
83 83 8
83 86 1
83 87 2
83 84 10
83 105 1
83 112 5
83 89 2
83 85 4
83 91 3
84 84 10
84 85 8
84 88 1
84 90 4
84 89 1
84 110 1
84 112 1
84 91 9
84 108 1
84 86 3
85 86 7
85 85 11
85 91 3
85 101 1
85 92 2
85 89 3
85 111 1
85 87 2
85 112 1
86 86 10
86 89 1
86 112 1
86 87 1
87 101 1
87 90 2
87 87 6
87 89 1
87 88 3
88 88 16
88 110 1
89 89 11
89 90 3
89 101 1
89 113 2
90 105 6
90 90 10
90 91 8
90 104 2
90 106 2
90 112 1
90 100 1
90 98 1
91 91 25
91 105 1
91 101 1
91 92 6
91 98 7
91 97 2
91 96 3
91 100 3
91 111 1
91 99 4
91 102 1
91 116 1
91 93 1
92 99 12
92 92 19
92 111 1
92 105 4
92 97 1
92 108 2
92 100 1
92 101 3
92 117 2
92 110 8
92 96 1
92 109 2
92 93 2
93 99 3
93 97 2
93 93 18
93 94 13
93 112 2
93 95 4
93 110 1
94 109 2
94 94 26
94 95 1
94 110 1
94 103 2
94 99 3
94 120 1
94 119 1
94 98 3
94 111 1
95 98 7
95 95 32
95 97 6
95 112 5
95 114 8
95 113 1
95 116 6
95 103 5
95 96 7
95 118 3
95 117 1
96 118 3
96 96 21
96 116 4
96 117 3
96 103 1
96 98 1
96 97 7
97 97 35
97 98 4
97 99 6
97 103 1
97 104 1
98 99 9
98 98 27
98 102 1
98 107 1
98 100 4
98 106 3
98 104 4
99 99 34
99 103 1
99 116 2
99 100 7
99 106 1
100 100 22
100 106 4
100 104 3
100 101 9
100 102 1
100 103 3
100 105 1
101 101 10
101 103 5
101 105 2
101 108 9
101 102 6
101 111 2
101 104 1
101 106 1
101 109 1
102 102 30
102 109 3
102 110 5
102 108 2
102 103 1
102 104 1
103 103 28
103 106 1
103 104 12
103 109 1
103 105 3
103 107 3
103 108 3
104 105 4
104 104 20
104 108 1
104 107 7
105 105 14
105 108 3
105 106 3
106 106 22
106 110 2
106 116 1
106 107 1
107 119 3
107 118 3
107 107 37
107 110 6
107 109 3
108 108 28
108 109 9
109 109 18
109 111 1
109 116 1
109 117 5
109 119 1
109 110 5
110 115 3
110 110 31
110 117 1
110 111 6
110 119 2
111 111 21
111 112 9
111 116 2
111 120 2
112 112 34
112 119 1
112 116 4
112 114 5
112 113 3
113 113 29
113 116 3
113 114 9
113 118 3
114 114 22
114 118 6
114 116 12
114 115 2
114 117 1
115 115 24
115 118 5
115 116 6
115 119 2
115 117 1
116 116 13
116 117 2
116 118 1
117 117 21
117 118 10
118 118 15
118 119 3
119 119 10
