3 18 5
3 15 6
3 25 4
3 23 2
3 3 21
3 16 4
3 14 3
3 4 12
3 9 1
3 13 4
3 12 3
3 5 6
3 10 1
3 6 1
4 18 1
4 21 5
4 4 48
4 5 18
4 22 5
4 10 7
4 25 1
4 16 3
4 15 1
5 22 1
5 23 3
5 5 40
5 7 1
5 15 2
5 10 1
5 27 2
5 14 3
5 25 2
5 16 1
5 20 3
5 18 1
5 17 1
5 29 1
5 6 3
6 6 32
6 16 2
6 17 4
6 29 1
6 20 1
6 25 3
6 38 3
6 22 1
6 37 1
6 8 2
6 36 1
6 21 1
6 15 2
6 13 3
6 10 1
6 7 3
6 12 1
7 12 1
7 7 19
7 19 3
7 18 1
7 21 2
7 20 1
7 8 5
7 38 1
7 10 5
7 9 2
7 23 1
7 11 2
8 8 21
8 19 1
8 11 3
8 24 3
8 9 6
8 20 1
8 10 1
8 33 1
8 26 2
8 22 1
8 12 1
9 11 8
9 9 42
9 12 7
9 16 2
9 13 5
9 10 8
10 10 38
10 11 6
10 12 4
10 17 1
10 13 3
10 22 2
10 24 2
10 15 2
11 11 36
11 12 12
11 18 1
11 13 2
12 12 21
12 13 10
12 15 1
13 13 22
13 22 3
13 15 7
13 16 5
13 21 2
13 17 3
13 14 5
14 15 6
14 14 20
14 22 2
14 17 1
14 16 3
14 34 1
14 21 2
14 19 2
14 23 3
15 21 2
15 24 5
15 23 2
15 19 3
15 15 9
15 28 1
15 20 2
15 22 7
15 17 2
15 16 6
15 18 2
16 16 10
16 21 5
16 23 4
16 24 3
16 20 5
16 19 3
16 22 4
16 17 5
17 17 23
17 20 3
17 22 6
17 24 9
17 33 9
17 19 1
17 18 6
17 23 1
18 18 22
18 22 5
18 33 4
18 19 12
18 29 3
18 28 3
18 23 6
18 24 3
18 20 7
18 36 1
19 23 4
19 24 10
19 21 4
19 20 7
19 19 34
19 27 1
19 29 5
19 33 1
20 20 46
20 33 2
20 24 9
20 23 2
20 29 6
20 22 1
20 28 9
20 38 2
20 27 4
20 25 1
20 36 1
20 21 2
21 56 1
21 55 2
21 21 16
21 36 2
21 61 1
21 22 5
21 24 1
22 22 8
22 23 4
22 33 1
23 28 2
23 23 11
23 25 1
23 55 1
23 24 2
24 24 30
24 28 5
24 29 2
24 34 2
24 33 5
24 27 3
24 25 1
25 30 1
25 25 64
25 35 13
25 71 3
25 32 3
25 34 1
25 31 1
25 26 1
26 26 42
26 28 3
26 103 2
26 34 2
26 30 1
26 38 2
26 27 6
27 27 60
27 28 17
27 29 2
27 30 3
27 33 12
27 34 3
27 32 3
27 57 1
28 28 39
28 34 8
28 33 3
28 105 1
28 103 2
28 30 3
28 29 13
28 167 1
29 167 5
29 29 58
29 120 1
29 119 1
29 104 1
29 118 1
29 31 1
29 32 4
29 122 3
29 30 4
30 30 56
30 31 11
30 104 1
30 103 1
30 32 1
30 98 1
31 31 48
31 104 1
31 34 8
31 69 1
31 35 10
31 32 10
31 37 1
32 32 66
32 35 12
32 34 3
32 105 1
32 71 6
32 74 1
32 58 1
32 70 2
32 33 3
32 39 4
32 59 1
33 33 45
33 59 13
33 34 2
33 60 6
33 69 2
33 70 4
33 72 6
33 41 1
33 64 2
33 58 3
33 47 2
33 39 2
33 57 4
33 66 1
33 167 1
33 71 1
34 34 28
34 69 2
34 40 3
34 39 3
34 56 1
34 35 8
34 51 1
34 66 2
34 57 1
35 35 48
35 75 2
35 73 9
35 59 1
35 70 4
35 65 2
35 45 1
35 36 4
35 71 2
35 52 1
35 57 4
36 65 4
36 36 25
36 57 1
36 44 2
36 73 1
36 70 4
36 40 6
36 55 4
36 56 2
36 45 1
36 63 3
36 41 2
36 42 3
36 37 3
36 39 1
36 48 1
36 68 1
37 39 2
37 68 3
37 37 17
37 41 1
37 48 1
37 66 3
37 56 1
37 40 1
37 91 1
37 69 1
37 38 2
37 93 1
37 90 3
37 54 1
37 92 4
37 52 1
37 45 2
37 53 1
38 54 1
38 53 6
38 38 28
38 68 2
38 61 1
38 52 1
38 96 1
38 45 3
38 90 4
38 51 3
38 92 2
38 89 1
38 39 1
38 69 1
39 69 5
39 39 14
39 68 4
39 66 3
39 58 5
39 65 1
39 42 2
39 56 2
39 41 3
39 48 5
39 52 1
39 57 2
39 55 2
39 40 1
39 89 2
40 40 8
40 56 6
40 55 1
40 66 1
40 67 1
40 69 1
40 41 2
41 42 3
41 41 10
41 56 2
41 53 2
41 48 1
41 63 4
41 58 1
41 68 3
41 57 1
41 43 1
41 44 1
41 66 1
41 69 1
41 67 2
42 53 7
42 43 10
42 68 1
42 42 10
42 52 2
42 66 2
42 64 3
42 46 2
42 58 1
42 57 1
42 70 1
42 65 2
42 47 1
42 67 1
42 63 2
42 44 2
43 43 17
43 44 3
43 46 2
43 65 2
43 73 7
43 67 4
43 68 3
43 57 1
43 66 2
43 72 1
43 47 1
43 64 2
44 67 1
44 64 2
44 44 17
44 73 3
44 46 2
44 65 1
44 45 7
44 71 1
44 63 4
44 55 1
44 60 2
44 54 1
45 60 2
45 45 25
45 65 1
45 63 2
45 69 1
45 51 1
45 83 2
45 47 2
45 46 5
45 48 2
45 122 1
45 50 1
45 92 1
45 89 1
46 46 6
46 92 2
46 89 1
46 82 3
46 48 4
46 87 1
46 83 1
46 49 5
46 47 5
46 65 2
46 93 1
46 67 1
46 58 1
46 52 1
46 50 2
47 50 1
47 47 6
47 65 3
47 58 1
47 80 1
47 49 1
47 72 1
47 69 1
47 82 1
47 68 1
47 51 1
47 48 1
48 57 3
48 58 3
48 48 18
48 69 2
48 93 5
48 82 2
48 68 1
48 92 2
48 81 1
48 70 1
48 118 1
48 90 1
48 51 1
49 93 4
49 92 5
49 71 1
49 51 3
49 107 1
49 50 14
49 49 25
49 126 2
49 82 1
49 85 1
49 77 2
49 118 1
49 62 1
49 119 1
49 81 2
49 78 5
49 105 1
49 79 1
49 104 3
49 103 2
49 67 1
50 50 17
50 79 1
50 74 1
50 103 6
50 104 1
50 122 3
50 107 7
50 112 1
50 54 1
50 68 4
50 100 1
50 61 1
50 51 5
50 75 1
50 95 1
50 53 1
51 51 23
51 103 3
51 68 1
51 52 16
51 119 2
51 69 2
51 67 2
52 62 1
52 52 30
52 121 1
52 53 8
52 69 3
52 68 5
52 70 7
52 67 3
52 65 1
52 66 1
52 54 1
52 55 1
53 54 5
53 77 1
53 70 7
53 53 11
53 119 1
53 65 2
53 68 2
53 63 2
53 56 1
54 54 17
54 59 1
54 57 2
54 60 2
54 77 5
54 76 4
54 56 5
54 75 1
54 58 1
55 55 7
55 56 3
55 77 2
55 60 2
55 75 1
55 62 1
55 58 1
55 67 1
56 56 10
56 75 1
56 57 2
56 74 1
56 58 4
56 76 2
56 77 1
56 69 2
56 68 1
56 63 1
57 57 10
57 58 11
57 68 7
57 60 1
57 71 2
57 76 1
57 69 4
57 74 5
57 70 6
57 66 2
57 59 2
58 58 23
58 62 1
58 65 3
58 60 1
58 75 4
58 59 3
58 69 6
58 77 1
58 70 3
58 74 1
59 70 2
59 75 7
59 65 6
59 59 30
59 74 1
59 68 1
59 81 1
59 76 8
59 60 5
59 77 1
59 64 1
59 72 3
60 60 22
60 72 1
60 63 1
60 61 8
60 62 14
60 107 3
60 90 6
60 74 4
60 115 1
60 114 2
61 83 1
61 113 1
61 90 3
61 74 8
61 61 19
61 107 8
61 89 1
61 114 1
61 68 1
61 62 2
61 115 1
61 102 2
61 73 1
62 62 17
62 102 5
62 74 5
62 63 9
62 77 1
62 78 1
62 96 2
62 98 4
62 75 2
62 89 1
62 64 2
62 103 1
62 84 2
62 76 1
62 101 1
62 83 1
63 81 4
63 97 5
63 63 10
63 84 2
63 96 4
63 64 5
63 113 1
63 80 1
63 79 2
63 78 1
63 74 1
63 77 1
63 116 3
63 95 1
63 105 1
63 101 1
64 102 1
64 64 16
64 99 2
64 79 2
64 98 2
64 100 1
64 73 3
64 74 4
64 82 3
64 83 2
64 76 2
64 75 2
64 101 1
64 112 2
64 72 1
64 65 1
65 73 6
65 65 18
65 72 4
65 69 3
65 70 4
65 91 1
65 67 1
65 66 1
66 66 10
66 70 6
66 72 1
66 71 1
66 69 4
66 68 3
66 89 1
67 70 4
67 69 1
67 67 15
67 68 7
68 72 1
68 89 1
68 69 14
68 68 19
68 70 3
68 107 1
69 69 20
69 70 5
69 121 1
69 72 1
70 72 7
70 70 27
70 121 1
70 71 10
70 73 2
71 71 35
71 72 13
71 73 3
71 83 1
71 121 1
71 91 1
72 72 32
72 84 1
72 121 2
72 73 4
72 79 2
72 91 1
72 81 1
72 80 2
72 99 1
72 117 1
72 98 5
73 73 23
73 121 1
73 82 2
73 83 3
73 81 1
73 74 2
74 74 18
74 101 3
74 76 2
74 79 1
74 82 1
74 83 1
74 102 6
74 107 3
74 75 4
75 77 2
75 102 1
75 76 9
75 75 27
75 82 3
75 98 1
75 172 1
76 77 7
76 76 28
76 101 3
76 154 1
76 91 7
76 80 5
76 83 1
76 99 2
76 93 1
76 81 3
76 113 3
76 115 3
76 90 1
76 116 1
76 85 1
76 87 1
76 108 2
76 117 2
76 102 1
76 97 1
77 105 6
77 116 3
77 99 3
77 98 1
77 101 1
77 77 25
77 102 1
77 84 4
77 104 1
77 112 1
77 79 1
77 83 1
78 83 1
78 99 1
78 97 3
78 79 10
78 78 11
78 84 4
78 104 10
78 94 2
78 100 1
78 102 1
78 123 1
78 117 1
78 85 2
78 122 2
78 116 1
78 81 1
78 118 1
78 92 1
78 82 5
78 114 1
78 98 2
78 96 1
78 105 1
78 86 1
78 128 1
79 79 16
79 123 1
79 99 4
79 104 2
79 97 1
79 95 2
79 154 1
79 84 3
79 122 3
79 105 1
79 116 1
79 125 1
79 168 2
79 155 1
79 82 1
79 108 4
79 103 3
79 107 3
79 80 4
79 173 2
79 106 3
79 161 2
79 162 7
79 164 1
79 98 1
79 117 1
80 161 2
80 83 2
80 165 1
80 164 1
80 99 4
80 80 18
80 95 2
80 173 3
80 107 1
80 113 2
80 112 1
80 117 3
80 98 2
80 162 2
80 96 1
80 106 1
80 163 1
80 116 1
80 105 3
80 124 5
80 91 1
80 82 5
80 153 2
80 100 1
80 159 1
80 97 1
80 114 1
80 81 2
80 152 1
81 93 1
81 81 11
81 115 3
81 84 3
81 88 2
81 82 5
81 118 1
81 104 3
81 101 1
81 112 1
81 91 1
81 85 1
81 83 1
82 114 2
82 82 12
82 98 5
82 92 1
82 84 1
82 103 1
82 83 10
82 87 1
82 91 1
83 87 6
83 83 9
83 84 2
83 92 1
83 109 6
83 89 1
83 99 2
83 168 1
83 110 2
84 168 1
84 109 2
84 84 22
84 97 2
84 101 1
84 102 8
84 112 5
84 98 1
84 99 2
84 89 1
84 103 1
84 108 1
84 127 1
84 110 1
84 165 2
84 143 1
84 85 5
84 104 4
84 135 1
84 105 1
84 87 1
85 112 9
85 105 3
85 85 12
85 96 6
85 127 2
85 104 2
85 98 3
85 117 5
85 87 2
85 106 1
85 114 1
85 86 6
85 108 4
85 118 3
85 101 1
85 107 2
85 116 1
85 109 1
85 121 1
85 138 1
85 155 1
85 139 1
85 89 1
85 137 1
85 110 1
85 111 1
86 111 1
86 86 15
86 117 4
86 89 1
86 137 3
86 108 4
86 112 2
86 88 2
86 140 2
86 110 1
86 93 2
86 118 7
86 87 2
87 117 3
87 109 1
87 87 14
87 126 3
87 108 1
87 112 2
87 106 1
87 88 1
87 122 1
87 116 3
87 113 1
87 100 1
87 99 1
88 107 1
88 88 12
88 100 1
88 112 2
88 91 1
88 110 1
88 114 1
88 118 1
88 94 1
88 141 1
88 92 1
88 109 1
89 89 8
89 154 1
89 118 1
89 109 1
89 117 3
89 91 1
89 112 2
89 125 1
89 100 2
89 115 2
89 93 2
89 95 1
89 113 1
89 114 1
89 90 2
89 107 1
90 90 14
90 115 4
90 92 1
90 114 3
90 91 4
91 91 47
91 113 2
91 108 1
91 115 1
91 136 1
91 121 4
91 109 1
91 93 6
91 92 2
91 94 1
91 112 2
91 155 2
91 146 1
92 121 3
92 130 3
92 110 2
92 122 1
92 105 1
92 93 13
92 92 26
92 155 1
92 94 2
92 146 3
92 125 7
92 113 1
92 141 1
92 134 4
92 119 1
92 95 1
92 138 2
92 126 1
92 123 2
92 124 4
92 133 5
92 109 2
92 120 1
92 118 1
92 112 2
92 140 1
93 109 3
93 93 41
93 140 1
93 104 3
93 145 1
93 154 2
93 138 1
93 94 3
93 118 4
93 117 1
93 124 2
93 112 2
93 123 2
93 130 1
94 122 7
94 105 1
94 118 12
94 94 19
94 104 5
94 146 3
94 124 2
94 112 5
94 153 1
94 110 9
94 125 4
94 120 1
94 117 3
94 141 1
94 97 5
94 123 5
94 119 1
94 121 2
94 98 1
94 154 2
94 130 1
94 95 1
95 125 3
95 123 4
95 97 5
95 130 1
95 114 4
95 126 1
95 95 12
95 103 1
95 122 5
95 134 1
95 133 4
95 96 3
95 127 3
95 106 1
95 128 1
95 111 1
95 113 1
95 110 1
95 100 2
95 104 1
95 99 2
96 148 3
96 113 3
96 96 9
96 97 3
96 98 1
96 127 3
96 104 1
96 105 2
96 114 6
96 126 1
96 116 5
96 112 1
96 99 1
96 149 2
97 99 1
97 97 10
97 113 1
97 127 2
97 116 3
97 149 2
97 98 4
97 114 2
97 110 1
97 117 1
97 111 1
97 138 2
98 98 7
98 103 2
98 116 1
98 109 1
98 113 1
98 126 1
98 108 1
98 101 1
99 129 1
99 99 9
99 101 2
99 109 2
99 113 3
99 115 2
99 126 1
99 107 1
99 125 1
99 110 1
99 127 1
99 100 1
99 123 2
99 137 1
99 112 1
99 116 3
99 117 1
99 134 1
99 103 1
100 122 3
100 104 1
100 100 8
100 110 2
100 102 4
100 117 2
100 101 1
100 112 1
101 102 7
101 115 4
101 117 1
101 111 1
101 101 19
101 116 4
101 103 1
102 102 26
102 105 3
102 103 8
102 152 1
102 117 1
102 122 2
102 123 1
103 103 33
103 114 1
103 123 2
103 104 4
103 122 1
103 154 1
103 127 3
103 120 1
104 104 25
104 153 1
104 127 12
104 154 2
104 105 8
104 128 10
104 122 4
104 130 1
104 125 1
104 118 2
104 119 1
104 121 1
104 120 4
104 112 1
105 105 24
105 117 4
105 116 1
105 112 1
105 172 1
105 125 4
105 118 1
105 140 1
105 111 1
105 124 1
105 106 2
105 126 1
105 110 1
105 160 1
105 135 1
105 137 1
106 106 17
106 151 1
106 117 3
106 112 1
106 125 3
106 172 3
106 162 7
106 129 2
106 124 1
106 166 1
106 163 1
106 107 2
106 153 1
106 111 3
106 161 3
106 128 1
106 164 1
106 130 2
106 155 1
106 121 1
106 173 1
107 139 2
107 107 18
107 173 1
107 170 2
107 172 3
107 171 4
107 168 1
107 113 1
108 108 15
108 112 1
108 155 1
108 118 2
108 140 2
108 116 1
108 117 1
108 115 1
108 109 2
108 126 1
109 131 1
109 117 2
109 118 1
109 111 1
109 109 10
109 123 4
109 124 3
109 112 2
109 139 1
109 133 3
109 110 3
110 112 11
110 130 9
110 110 13
110 119 1
110 118 2
110 131 1
110 114 1
110 121 1
110 127 4
110 122 4
110 165 1
110 145 1
110 148 1
110 155 1
110 153 1
110 124 1
110 111 5
110 135 2
110 113 1
110 163 1
110 126 1
110 117 2
111 112 8
111 118 1
111 124 1
111 111 2
111 141 1
111 133 3
111 127 6
111 113 2
111 149 3
111 163 1
111 147 1
111 148 1
111 140 1
112 140 1
112 126 2
112 130 3
112 112 17
112 114 3
112 164 1
112 122 1
112 127 1
112 124 1
112 115 1
112 117 2
112 135 1
112 116 1
112 125 2
112 118 1
112 113 1
112 137 1
113 113 13
113 116 5
113 151 2
113 133 5
113 148 2
113 127 11
113 149 3
113 136 1
113 126 1
113 117 1
113 124 1
113 115 2
113 114 3
113 152 2
113 135 1
114 115 3
114 127 4
114 114 22
114 118 3
114 117 2
114 125 2
114 126 3
114 130 1
114 141 1
114 123 3
114 133 1
114 122 1
115 115 19
115 117 4
115 116 5
115 136 2
115 143 2
115 137 3
115 152 3
115 135 1
115 151 1
115 141 2
115 134 2
115 154 3
115 123 1
115 133 1
116 116 16
116 143 3
116 152 1
116 141 1
116 118 2
116 134 4
116 133 1
116 156 1
116 136 2
116 117 5
117 123 4
117 117 14
117 128 1
117 118 10
117 124 3
117 153 2
117 154 2
117 144 1
117 152 1
117 137 1
118 118 23
118 123 1
118 153 4
118 137 3
118 151 1
118 154 3
118 125 7
118 149 1
118 124 13
118 146 1
118 119 3
118 121 1
119 124 3
119 146 1
119 123 1
119 119 30
119 122 1
119 121 8
119 168 4
119 120 6
119 152 7
119 148 1
119 169 5
119 135 1
119 147 3
119 126 1
119 153 2
120 131 4
120 152 2
120 120 36
120 121 6
120 146 3
120 151 9
120 126 3
120 125 3
120 154 2
120 139 1
120 134 2
120 137 1
120 122 1
120 135 2
120 142 1
121 121 35
121 142 1
121 134 2
121 151 1
121 145 4
121 166 1
121 122 1
121 129 1
121 144 1
121 146 2
121 127 1
121 130 3
121 143 1
122 122 28
122 148 2
122 131 5
122 154 5
122 130 3
122 123 2
122 147 1
122 127 1
122 163 1
122 125 5
122 138 1
122 124 1
123 169 1
123 125 1
123 123 10
123 141 2
123 140 3
123 154 5
123 138 1
123 137 2
123 153 1
123 133 1
123 124 1
124 140 1
124 133 2
124 124 17
124 125 5
124 130 7
124 129 5
124 153 1
124 152 3
124 151 4
124 137 3
124 150 2
124 162 1
124 128 1
124 171 1
125 138 6
125 125 20
125 152 3
125 128 1
125 160 1
125 162 2
125 153 10
125 141 2
125 146 1
125 150 1
125 130 1
125 134 4
125 126 1
125 165 1
126 151 3
126 126 18
126 148 2
126 150 1
126 134 1
126 146 3
126 167 1
126 149 2
126 158 1
126 147 4
126 132 2
126 152 1
126 170 1
126 154 1
126 169 2
126 127 3
126 166 1
126 165 2
127 127 25
127 142 1
127 155 2
127 130 11
127 144 1
127 128 10
127 163 4
127 129 6
127 153 1
127 141 1
127 145 2
127 169 1
128 128 33
128 163 11
128 162 6
128 130 7
128 129 5
128 141 2
128 136 1
128 164 1
128 167 2
128 142 1
129 162 1
129 163 2
129 129 25
129 150 1
129 143 2
129 155 1
129 166 1
129 147 4
129 142 1
129 148 2
129 145 11
129 135 1
129 134 2
129 130 2
129 151 2
129 152 1
130 141 2
130 130 38
130 137 1
130 152 3
130 151 2
130 162 1
130 163 2
130 135 1
130 147 3
130 131 2
130 157 1
130 155 1
130 171 1
130 154 2
130 144 4
131 131 45
131 144 7
131 151 6
131 147 6
131 152 3
131 146 4
131 148 7
131 132 3
131 154 1
131 153 3
131 160 1
131 142 1
131 145 1
132 144 2
132 154 2
132 132 43
132 135 3
132 152 2
132 142 6
132 168 1
132 136 6
132 151 1
132 170 1
132 143 3
132 171 1
132 145 1
132 133 1
132 137 1
132 148 2
133 133 11
133 134 7
133 142 2
133 137 11
133 136 2
133 143 2
133 149 1
133 150 2
133 138 1
133 140 2
133 135 1
133 141 4
133 148 1
133 151 2
134 149 2
134 136 2
134 137 1
134 141 3
134 134 15
134 138 2
134 135 8
134 151 3
134 143 8
134 142 2
134 152 2
134 154 3
134 144 2
135 154 5
135 146 3
135 135 25
135 136 8
135 141 2
135 152 6
135 151 2
135 142 1
135 167 1
135 143 1
135 140 1
135 174 1
135 171 1
135 170 2
136 136 26
136 143 3
136 137 2
137 137 12
137 151 3
137 152 1
137 148 1
137 149 8
137 141 3
137 147 1
137 140 4
137 167 3
137 150 2
137 166 5
137 139 2
137 155 3
137 156 1
138 155 14
138 138 12
138 168 3
138 152 1
138 169 4
138 150 1
138 171 1
138 140 2
138 170 2
138 141 1
138 139 1
139 141 1
139 168 2
139 139 27
139 156 2
139 140 8
139 173 2
139 170 1
139 155 1
139 171 1
140 141 6
140 167 5
140 174 1
140 166 1
140 140 15
140 163 2
140 150 1
140 173 1
140 147 1
140 168 2
140 155 1
141 166 2
141 141 20
141 167 4
141 147 1
141 148 2
141 151 1
141 142 1
141 145 7
141 153 1
141 152 1
141 144 1
142 145 8
142 160 8
142 142 21
142 155 2
142 143 9
142 146 2
142 152 1
142 154 1
143 143 37
143 147 1
143 145 2
143 144 4
143 159 1
143 152 1
144 144 33
144 152 2
144 172 3
144 145 10
144 155 5
144 156 1
145 172 1
145 145 28
145 146 9
145 160 15
145 159 1
145 147 1
145 158 1
146 146 9
146 172 3
146 159 6
146 151 2
146 158 4
146 147 3
146 150 3
146 148 2
146 154 3
147 147 20
147 148 13
147 151 3
147 154 11
147 169 7
147 150 6
147 153 4
147 152 2
147 158 1
147 168 1
147 165 1
147 157 1
147 167 1
147 163 1
148 148 16
148 150 8
148 152 2
148 153 1
148 160 1
148 154 1
148 151 2
148 149 7
149 149 13
149 150 11
149 151 4
150 150 25
150 151 4
150 158 5
150 159 2
151 151 21
151 154 1
151 153 7
151 152 9
152 152 37
152 153 9
152 154 2
152 169 9
152 168 3
152 167 4
152 160 3
152 174 1
152 166 1
152 157 1
153 153 43
153 168 2
153 165 2
153 164 2
153 157 2
153 154 3
154 154 15
154 155 5
154 170 3
154 166 1
154 169 1
154 156 1
154 180 2
154 181 1
155 181 1
155 180 1
155 155 35
155 168 5
155 166 1
155 167 1
155 169 2
155 156 3
156 156 40
156 168 1
156 170 3
156 158 4
156 160 1
156 173 1
156 180 2
156 179 7
156 178 4
156 159 5
156 157 3
156 172 1
156 164 1
157 157 47
157 158 9
157 160 1
157 178 2
157 172 6
157 161 7
157 173 6
157 164 8
157 179 2
157 159 2
157 174 5
157 162 2
157 171 1
157 163 1
158 173 11
158 161 3
158 174 5
158 158 45
158 179 13
158 178 11
158 159 11
158 172 1
158 180 1
158 160 2
158 164 5
159 159 28
159 165 9
159 179 5
159 178 14
159 162 3
159 160 9
159 163 5
159 161 1
159 164 1
159 168 1
160 160 28
160 162 5
160 179 3
160 178 8
160 165 8
160 161 7
160 163 1
160 180 1
160 172 1
160 173 4
161 161 24
161 173 5
161 179 18
161 162 9
161 178 5
161 172 7
161 171 1
161 165 1
161 180 1
161 164 1
161 163 1
162 162 36
162 173 3
162 163 4
162 165 5
162 178 7
162 172 1
162 174 1
162 179 5
162 180 1
162 164 1
162 167 1
162 166 2
163 163 35
163 165 4
163 172 1
163 164 4
163 181 2
164 164 28
164 179 2
164 165 20
164 178 1
164 168 3
164 180 3
164 181 7
164 170 2
165 165 35
165 171 1
165 174 2
165 167 7
165 181 3
165 180 2
165 166 5
165 168 4
166 172 2
166 167 6
166 166 58
166 168 3
166 169 6
166 170 3
166 174 3
167 174 7
167 167 47
167 170 2
167 168 13
168 168 61
168 180 5
168 181 1
168 169 9
168 170 2
169 169 54
169 170 8
169 174 6
169 173 2
170 170 49
170 173 1
170 174 11
170 171 5
171 171 36
171 173 2
171 174 13
171 172 14
171 177 3
171 179 1
172 172 40
172 174 6
172 177 1
172 173 13
172 178 2
173 173 38
173 174 9
173 179 3
173 180 1
173 178 3
174 174 29
174 178 5
174 181 1
174 180 1
174 175 1
175 177 1
177 178 3
177 177 4
178 178 33
178 179 32
179 179 46
179 180 3
180 180 37
180 181 33
180 182 1
181 181 32
