3 28 8
3 3 17
3 24 2
3 29 6
3 5 3
3 25 5
3 30 2
3 4 2
3 20 4
3 14 1
3 13 1
3 11 1
3 7 1
3 6 1
3 37 1
4 4 8
4 5 7
4 23 1
4 25 1
4 28 1
4 22 4
4 31 3
4 34 1
4 11 2
4 10 5
4 24 2
4 18 1
4 29 1
4 27 1
4 21 1
4 19 1
5 5 10
5 28 4
5 6 4
5 31 3
5 18 1
5 16 3
5 30 1
5 11 1
5 10 1
5 7 2
5 14 2
5 19 2
5 15 1
5 17 1
5 37 2
5 33 2
5 20 1
5 34 1
6 9 1
6 19 3
6 6 10
6 7 4
6 14 3
6 15 3
6 32 1
6 8 1
6 12 1
7 28 1
7 15 1
7 7 13
7 14 3
7 17 2
7 11 2
7 57 1
7 8 6
7 19 3
7 34 1
7 20 1
8 19 1
8 8 21
8 11 2
8 34 3
8 26 1
8 25 1
8 27 1
8 17 1
8 35 1
8 20 3
8 12 1
8 18 4
8 55 6
8 9 2
8 38 1
8 40 2
8 24 1
8 41 1
8 14 1
9 22 2
9 9 29
9 41 1
9 14 3
9 27 4
9 18 2
9 35 1
9 10 10
9 12 1
9 21 1
9 39 1
9 26 1
10 10 21
10 11 6
10 28 1
11 11 9
11 22 1
11 27 5
11 28 3
11 34 1
11 12 1
11 26 1
12 15 3
12 12 10
12 18 2
12 67 2
12 34 1
12 63 4
12 17 4
12 37 1
12 36 1
12 14 1
12 32 3
12 19 1
12 13 1
13 55 1
13 20 1
13 38 7
13 53 1
13 39 1
13 13 6
13 19 3
13 27 2
13 51 4
13 26 4
13 69 1
13 21 1
13 37 1
13 14 3
14 14 15
14 26 2
14 25 1
14 28 6
14 17 1
14 27 2
14 38 1
14 30 3
14 20 1
14 19 4
14 16 1
14 37 1
14 31 1
14 15 6
15 28 5
15 15 14
15 16 1
15 33 1
15 35 1
16 16 14
16 37 3
16 31 1
16 44 1
16 55 1
16 46 4
16 36 4
16 32 6
16 33 3
16 34 2
16 43 1
16 91 1
16 65 1
16 17 1
16 68 2
17 17 8
17 36 3
17 32 5
17 68 4
17 33 3
17 91 1
17 37 1
17 46 2
17 19 1
17 20 1
18 65 2
18 18 12
18 24 2
18 20 2
18 26 1
18 35 1
18 38 2
18 46 1
18 61 2
18 70 1
18 22 8
18 31 2
18 39 2
18 62 1
18 57 1
18 40 1
18 41 1
18 21 2
18 19 1
19 21 3
19 19 17
19 39 7
19 20 5
19 22 1
19 23 5
19 37 4
19 69 1
19 38 1
19 54 1
19 24 1
19 28 1
19 26 2
19 34 1
19 90 1
20 30 1
20 34 1
20 24 6
20 20 10
20 35 1
20 36 1
20 37 1
20 29 2
20 21 1
20 25 3
20 40 1
20 55 2
20 53 3
20 48 1
20 66 2
20 22 2
21 23 1
21 24 1
21 25 3
21 21 17
21 31 3
21 48 1
21 66 1
21 51 1
21 56 1
21 29 1
21 40 4
21 57 2
21 38 8
21 39 3
21 41 2
21 33 1
21 63 1
21 45 2
21 27 1
21 22 1
22 22 14
22 27 2
22 90 1
22 40 3
22 23 10
22 32 1
22 24 2
22 31 2
22 61 1
22 41 1
22 29 1
23 23 15
23 25 4
23 24 6
23 55 1
23 90 2
23 26 2
23 40 1
24 29 1
24 24 12
24 48 1
24 90 2
24 52 1
24 27 3
24 25 11
24 26 2
24 49 1
24 55 1
25 25 12
25 48 1
25 31 2
25 38 1
25 29 4
25 28 1
25 27 4
25 26 4
25 30 1
26 26 26
26 30 3
26 28 5
26 35 1
26 51 1
26 27 10
26 29 3
26 40 1
27 30 1
27 27 31
27 37 1
27 29 7
27 28 4
28 28 24
28 31 5
28 30 4
28 29 4
29 29 17
29 42 1
29 48 1
29 53 2
29 66 1
29 54 2
29 67 1
29 40 3
29 55 1
29 38 3
29 34 1
29 41 1
29 39 2
29 56 3
29 57 1
29 58 1
29 30 6
30 30 16
30 42 1
30 38 2
30 51 1
30 39 1
30 52 7
30 35 2
30 36 2
30 57 1
30 31 3
30 32 1
31 31 13
31 33 3
31 32 10
31 63 3
31 44 1
31 34 1
32 32 22
32 33 10
32 44 1
32 65 6
32 66 1
32 68 4
32 37 1
32 35 1
32 63 3
32 62 1
32 34 3
32 36 5
32 60 1
33 33 12
33 44 1
33 36 8
33 68 4
33 35 1
33 34 4
33 67 3
33 53 1
33 62 1
33 64 1
33 63 2
33 66 1
33 37 1
34 34 30
34 36 4
34 63 4
34 35 15
35 35 10
35 66 6
35 53 4
35 67 5
35 68 1
35 36 4
35 43 1
35 62 1
35 37 1
36 36 19
36 64 2
36 66 2
36 37 3
36 67 2
36 63 3
36 62 2
36 44 3
36 65 2
37 61 2
37 44 1
37 65 2
37 37 26
37 40 2
37 62 4
37 64 1
37 43 1
37 66 3
37 47 1
37 63 1
37 38 6
37 39 2
37 52 1
38 38 23
38 45 1
38 75 1
38 51 1
38 68 1
38 52 1
38 39 7
38 55 2
38 54 1
38 40 2
38 56 2
38 41 1
38 91 1
39 39 17
39 51 5
39 57 2
39 45 4
39 70 4
39 40 5
39 61 2
39 71 1
39 47 1
39 44 3
39 43 1
39 60 1
39 42 1
39 64 1
39 41 2
40 40 14
40 41 11
40 57 1
40 43 1
40 42 1
40 71 1
40 55 5
40 61 1
40 72 1
40 45 2
40 56 1
40 92 1
40 90 1
41 41 26
41 70 2
41 69 2
41 55 9
41 61 1
41 57 2
41 58 1
41 65 1
41 42 4
41 47 2
41 54 1
41 88 1
41 45 1
41 44 2
42 56 5
42 47 3
42 77 1
42 55 6
42 42 10
42 60 2
42 51 2
42 65 2
42 78 1
42 70 6
42 46 1
42 44 2
42 64 1
42 75 2
42 45 2
42 59 1
42 61 5
42 43 4
43 70 2
43 43 11
43 47 1
43 60 1
43 45 1
43 44 1
44 44 7
44 60 5
44 62 4
44 68 5
44 65 5
44 45 2
44 55 1
44 61 3
44 59 3
44 71 3
44 70 1
45 62 2
45 64 1
45 45 7
45 68 2
45 59 2
45 70 2
45 49 1
45 53 1
45 46 1
46 91 2
46 46 5
46 65 4
46 61 2
46 50 4
46 63 2
46 67 1
46 70 1
46 68 1
46 51 1
46 73 2
46 69 1
46 47 4
46 78 1
46 71 1
46 72 1
46 75 4
46 80 3
46 76 1
47 47 4
47 81 1
47 82 3
47 105 1
47 79 1
47 75 3
47 87 1
47 77 2
47 71 1
47 78 1
47 86 1
47 103 1
47 74 4
47 53 2
47 72 3
47 57 1
47 90 2
47 76 1
47 73 1
47 54 2
47 67 1
47 56 1
47 91 1
48 57 1
48 73 1
48 76 2
48 77 4
48 66 3
48 78 1
48 48 9
48 53 2
48 54 1
48 71 5
48 93 4
48 94 1
48 75 1
49 71 1
49 75 1
49 76 1
49 53 3
49 104 4
49 92 1
49 90 2
49 49 11
49 56 2
49 77 1
49 69 2
49 70 3
49 74 2
49 52 2
49 50 2
49 88 1
49 89 2
49 57 1
50 52 6
50 50 16
50 69 6
50 56 3
50 90 3
50 70 6
50 77 4
50 68 1
50 53 2
50 73 1
50 57 2
50 74 1
50 51 4
51 51 28
51 68 2
51 78 1
51 69 2
51 77 2
51 57 3
51 73 1
51 52 10
51 58 1
51 65 1
51 88 4
51 66 1
51 59 1
51 60 1
52 72 7
52 88 2
52 70 2
52 52 26
52 87 4
52 104 1
52 73 1
52 60 1
52 65 2
52 83 1
52 84 1
52 90 1
52 56 4
52 57 2
52 71 1
52 53 2
53 69 10
53 53 18
53 78 1
53 73 1
53 75 1
53 57 2
53 55 5
53 54 5
53 77 2
53 71 1
53 66 4
53 67 1
53 76 1
54 55 14
54 78 3
54 54 18
54 56 5
54 57 5
54 73 1
54 58 1
54 72 1
54 75 2
54 87 4
54 71 1
54 76 2
54 86 4
54 74 2
54 67 2
55 55 30
55 71 1
55 56 4
55 72 3
55 66 1
55 70 1
55 69 4
55 100 1
55 83 1
56 70 2
56 56 13
56 65 1
56 71 3
56 69 3
56 77 4
56 90 1
56 74 4
56 57 8
56 67 1
56 73 1
56 88 2
56 91 1
56 92 1
56 66 1
57 57 19
57 67 5
57 104 1
57 89 2
57 69 5
57 68 1
57 58 2
57 78 1
57 73 2
57 76 1
58 74 4
58 88 1
58 58 23
58 73 1
58 69 5
58 67 2
58 68 4
58 59 5
59 68 5
59 59 27
59 62 7
59 89 3
59 69 1
59 63 1
59 73 1
59 60 1
59 74 1
59 76 1
60 89 1
60 60 13
60 73 3
60 72 7
60 87 6
60 104 2
60 103 1
60 101 1
60 61 3
60 100 3
60 84 1
60 68 1
61 61 13
61 62 2
61 100 1
61 65 1
62 62 8
62 64 2
62 101 1
62 87 3
62 63 1
62 66 3
63 63 15
63 70 2
63 67 2
63 65 3
63 64 5
63 66 3
63 91 1
63 87 1
63 77 1
63 68 2
63 81 1
64 64 15
64 81 1
64 65 5
64 87 1
64 84 1
64 66 3
65 65 22
65 66 2
65 100 1
65 72 1
65 68 1
66 66 21
66 92 2
66 77 1
66 68 4
66 91 2
66 67 2
66 74 2
66 81 1
66 78 2
67 71 2
67 81 1
67 67 12
67 78 4
67 73 2
67 69 4
67 97 1
67 68 1
67 74 1
67 91 1
67 103 1
68 74 1
68 69 2
68 68 18
68 76 5
68 92 1
68 91 1
68 77 3
68 101 2
68 83 1
68 72 1
69 89 1
69 69 22
69 90 2
69 76 5
69 77 2
69 104 2
69 73 1
69 81 1
69 72 1
69 74 1
69 88 1
69 78 1
70 74 1
70 70 17
70 89 1
70 75 1
70 77 1
70 71 1
71 71 8
71 73 1
71 75 3
71 103 2
71 79 1
71 87 1
71 105 1
71 76 2
71 72 2
71 96 1
72 79 1
72 72 12
72 75 3
72 86 3
72 82 1
72 73 1
72 104 2
72 74 4
72 98 1
72 91 1
73 73 7
73 74 2
73 104 2
73 106 1
73 111 1
73 86 1
73 77 4
73 89 2
73 78 1
73 103 1
74 74 8
74 78 2
74 76 2
74 86 3
74 75 1
74 88 1
74 77 1
75 75 14
75 78 7
75 77 2
75 76 4
75 96 2
75 86 3
75 82 2
75 80 1
75 81 1
75 79 3
75 87 1
75 91 1
75 94 1
75 98 1
75 92 1
75 95 3
76 76 8
76 92 2
76 87 1
76 95 1
76 93 1
76 101 1
76 77 1
77 77 8
77 78 5
77 104 1
78 86 1
78 78 14
78 104 4
78 79 2
78 80 1
78 105 1
79 105 6
79 107 1
79 104 3
79 79 24
79 87 4
79 81 3
79 93 2
79 101 5
79 94 1
79 86 6
79 80 9
79 83 1
80 81 10
80 80 14
80 105 4
80 101 3
80 86 2
80 87 1
80 83 3
80 82 3
80 103 1
80 102 1
80 85 2
80 99 1
80 148 1
81 82 3
81 106 3
81 104 1
81 81 13
81 88 1
81 105 3
81 85 1
81 86 6
81 118 2
81 83 1
81 90 1
81 84 1
81 116 1
81 101 2
81 87 1
81 107 1
81 157 1
82 82 18
82 103 1
82 105 3
82 130 3
82 111 1
82 90 1
82 85 4
82 86 1
82 97 2
82 117 2
82 116 5
82 101 1
82 91 2
82 112 1
82 83 1
82 109 1
83 130 11
83 100 7
83 109 7
83 99 2
83 96 6
83 108 1
83 83 15
83 117 1
83 91 1
83 90 2
83 131 1
83 93 2
83 116 1
83 127 1
83 110 1
83 97 11
83 102 3
83 86 1
83 101 13
83 98 1
83 103 9
83 85 2
83 157 1
83 158 1
83 84 7
83 87 1
84 96 6
84 84 40
84 116 2
84 85 19
84 100 3
84 157 2
84 104 1
84 103 5
84 130 2
84 121 1
84 131 1
84 101 1
85 130 7
85 103 11
85 157 1
85 85 35
85 116 4
85 100 4
85 101 3
85 97 5
85 96 2
85 102 3
85 86 2
85 98 2
85 104 2
85 134 1
86 86 18
86 102 1
86 104 3
86 88 3
86 98 1
86 116 1
86 87 5
86 106 1
87 87 27
87 88 5
87 103 5
87 91 2
87 120 1
87 116 1
87 104 3
88 88 39
88 104 2
88 94 1
88 95 4
88 89 4
89 89 57
89 96 2
89 122 4
89 92 1
89 90 4
89 102 1
90 90 29
90 122 2
90 104 2
90 116 1
90 102 6
90 108 3
90 109 2
90 94 1
90 107 5
90 118 2
90 119 1
90 111 1
91 117 3
91 91 6
91 104 2
91 127 1
91 93 1
91 97 1
91 110 4
91 111 3
91 103 1
91 109 1
91 116 1
91 108 1
91 118 1
92 92 16
92 109 4
92 93 6
92 137 2
92 119 1
92 95 3
92 125 2
92 108 1
92 118 4
92 117 1
92 105 4
92 112 1
92 111 1
92 106 1
93 93 15
93 123 1
93 129 3
93 95 3
93 105 2
93 108 2
93 96 3
93 97 1
93 94 1
93 109 1
93 107 1
93 125 1
93 106 1
94 94 17
94 97 4
94 105 2
94 106 6
94 98 1
94 107 1
94 108 1
94 96 3
94 95 4
94 130 1
95 95 46
95 96 9
95 129 2
95 151 1
95 135 1
95 117 1
96 96 54
96 121 1
96 100 2
96 101 8
96 133 1
96 156 1
96 97 5
96 123 1
96 98 4
96 130 1
96 116 2
96 103 1
97 114 1
97 97 28
97 130 4
97 131 2
97 116 1
97 103 8
97 157 3
97 100 1
97 98 22
97 129 1
97 99 4
97 102 3
97 154 1
97 137 1
97 110 6
97 119 5
98 98 16
98 119 3
98 145 1
98 110 2
98 111 2
98 130 7
98 127 1
98 102 5
98 104 1
98 117 4
98 131 1
98 109 1
98 112 2
98 129 3
98 154 1
98 99 5
99 153 1
99 151 1
99 102 4
99 158 1
99 137 2
99 129 1
99 116 1
99 119 1
99 113 1
99 112 1
99 99 24
99 120 6
99 115 2
99 131 1
99 100 7
99 132 3
99 117 3
99 114 3
99 130 1
99 101 1
100 114 6
100 100 37
100 116 2
100 135 7
100 131 1
100 117 3
100 130 6
100 138 1
100 102 2
100 123 1
100 113 1
100 101 5
100 103 3
101 101 39
101 151 1
101 107 1
101 115 4
101 109 1
101 147 1
101 103 1
101 157 1
101 134 1
101 113 1
101 114 1
102 102 35
102 155 1
102 146 3
102 103 3
102 129 2
102 122 1
102 153 1
102 116 3
102 144 1
102 145 1
102 123 1
102 154 2
102 119 2
102 130 3
102 127 1
103 103 40
103 112 3
103 127 1
103 119 1
103 147 2
103 157 3
103 115 3
103 135 1
103 116 2
104 138 3
104 129 1
104 104 21
104 154 1
104 116 5
104 111 2
104 106 5
104 105 5
104 110 1
105 111 2
105 116 3
105 105 37
105 123 6
105 117 1
105 106 5
105 140 1
105 108 7
105 109 2
105 119 1
105 107 1
106 106 21
106 107 7
106 143 1
106 111 3
106 108 1
106 110 3
106 127 1
107 107 29
107 129 6
107 128 2
107 122 2
107 121 2
107 108 22
107 142 2
107 144 6
107 114 1
107 143 3
107 117 3
107 116 1
107 131 1
107 109 2
107 130 1
108 108 42
108 138 2
108 150 1
108 109 7
108 144 2
108 145 4
108 113 2
108 117 4
108 143 2
108 126 1
108 127 1
108 147 1
108 116 1
108 112 1
109 109 22
109 127 3
109 112 3
109 116 1
109 111 2
109 110 1
110 111 9
110 128 2
110 118 2
110 112 8
110 110 11
110 123 2
110 117 2
110 113 1
110 129 2
110 145 1
110 124 3
110 119 1
111 112 4
111 127 2
111 111 5
111 128 1
111 129 4
111 124 1
111 119 1
111 117 1
111 123 1
112 112 8
112 127 4
112 139 1
112 123 1
112 129 1
112 119 2
112 125 2
112 113 1
113 119 1
113 120 1
113 146 5
113 126 4
113 113 11
113 145 1
113 127 1
113 132 1
113 148 1
113 143 3
113 117 1
113 147 1
114 145 2
114 119 1
114 120 6
114 117 6
114 114 14
114 132 3
114 134 3
114 144 1
114 131 1
114 135 1
114 130 1
114 143 1
114 115 1
115 115 22
115 132 3
115 131 3
115 135 14
115 133 5
115 134 5
115 119 1
115 136 2
115 137 4
116 131 5
116 157 2
116 137 7
116 116 37
116 134 2
116 153 1
116 133 1
116 117 2
116 138 1
117 117 11
117 130 1
117 119 2
117 118 3
117 147 2
117 128 3
117 143 3
117 145 3
117 131 4
117 127 1
117 132 3
118 128 4
118 143 1
118 145 1
118 148 5
118 118 12
118 146 2
118 147 3
118 154 2
118 141 5
118 151 1
118 149 1
118 159 2
118 152 2
118 142 2
118 120 2
118 119 5
118 135 4
118 136 1
119 119 22
119 135 1
119 146 1
119 120 10
119 139 2
119 140 4
119 152 1
119 136 8
119 131 1
119 142 2
120 120 17
120 153 1
120 141 1
120 134 1
120 135 1
120 121 8
120 152 1
120 130 1
120 151 4
120 154 1
120 139 1
120 131 3
121 150 1
121 121 29
121 151 2
121 132 6
121 138 11
121 122 11
121 131 1
121 159 2
121 152 8
121 137 6
121 136 5
121 139 1
121 129 2
121 156 2
121 154 2
121 157 1
121 155 2
121 135 1
121 148 1
122 122 31
122 138 12
122 135 1
122 137 2
122 129 6
122 139 2
122 155 1
122 148 2
122 126 1
122 127 1
122 157 3
122 150 1
122 123 6
122 124 1
123 129 1
123 123 29
123 138 6
123 151 3
123 148 1
123 124 4
123 128 2
123 140 2
123 139 1
123 142 3
124 149 3
124 129 5
124 124 10
124 156 1
124 125 3
124 151 3
124 128 4
124 127 3
124 152 1
124 150 8
124 159 2
124 138 2
124 154 3
124 139 1
125 125 14
125 146 2
125 128 3
125 148 1
125 140 2
125 157 2
125 142 3
125 141 2
125 143 4
125 127 2
125 139 1
125 144 1
125 126 3
126 126 14
126 142 3
126 141 1
126 146 9
126 144 5
126 150 1
126 149 4
126 140 6
126 127 7
126 129 1
126 128 2
126 145 1
127 127 18
127 151 2
127 129 4
127 148 1
127 147 4
127 128 6
127 145 2
127 158 3
127 146 4
127 157 1
127 130 1
128 128 14
128 129 7
128 130 1
128 145 2
128 151 1
128 137 1
129 129 16
129 145 1
129 148 4
129 151 3
129 144 1
129 154 5
129 146 3
129 135 2
129 136 1
129 150 1
129 152 2
129 153 1
129 159 1
129 156 1
129 155 1
129 147 4
129 138 1
129 158 1
129 130 5
129 134 1
130 148 1
130 130 22
130 147 6
130 131 7
130 134 1
130 156 1
130 133 2
130 158 1
131 157 1
131 133 3
131 134 6
131 131 22
131 135 1
131 144 8
131 132 8
132 132 12
132 144 1
132 159 1
132 133 12
132 137 2
132 156 1
132 141 1
132 153 2
132 157 1
132 158 1
133 133 19
133 135 4
133 158 1
133 150 1
133 153 1
133 154 1
133 134 8
133 141 1
133 152 1
134 134 17
134 159 2
134 157 3
134 137 1
134 155 2
134 135 7
134 153 3
134 156 1
134 141 3
134 142 3
134 158 1
135 135 26
135 159 4
135 153 2
135 137 3
135 157 1
135 155 2
135 158 4
135 142 3
135 148 2
135 136 5
135 150 1
135 151 1
136 136 23
136 152 1
136 142 1
136 158 5
136 137 8
136 159 3
136 155 5
136 148 1
136 140 1
136 154 1
137 137 12
137 156 1
137 157 3
137 144 1
137 147 2
137 155 2
137 152 1
137 143 1
138 138 37
138 154 3
138 153 1
138 143 1
138 155 1
138 148 1
138 151 6
138 139 4
138 149 3
138 144 1
138 152 1
139 139 25
139 150 1
139 153 1
139 142 3
139 151 7
139 140 6
139 152 4
139 159 1
139 141 2
139 157 1
139 144 1
140 151 3
140 140 20
140 145 1
140 152 2
140 144 3
140 146 1
140 142 5
140 150 1
140 141 7
140 149 2
141 141 14
141 151 1
141 143 1
141 142 2
142 142 18
142 149 3
142 153 3
142 144 2
142 159 3
142 152 3
142 146 1
142 143 9
142 156 1
142 151 1
143 143 18
143 156 1
143 155 2
143 153 1
143 159 2
143 152 1
143 154 1
143 149 1
143 147 3
143 148 3
143 145 1
143 144 1
144 144 26
144 154 1
144 146 5
144 145 6
144 155 1
144 147 1
145 145 27
145 146 5
145 147 3
145 148 3
145 151 1
145 149 5
145 157 1
146 146 42
146 154 4
146 150 1
146 151 1
146 157 4
146 148 4
146 153 1
146 156 1
147 148 16
147 147 21
147 156 1
147 159 1
147 155 1
147 149 4
147 154 1
147 157 1
148 149 6
148 148 16
148 155 2
148 156 1
148 154 5
148 159 1
148 158 1
148 157 2
148 153 1
149 149 29
149 151 2
149 158 5
149 157 2
149 154 6
149 150 4
149 155 4
149 152 1
149 156 2
150 150 13
150 156 4
150 151 5
150 158 1
150 159 3
150 152 6
150 153 1
151 151 15
151 153 3
151 152 6
151 156 1
151 154 3
151 159 1
152 152 30
152 156 5
152 153 11
152 154 5
152 158 1
152 159 1
153 153 33
153 159 2
153 156 2
153 154 6
153 158 2
154 154 18
154 156 5
154 155 5
154 159 2
155 155 21
155 158 8
155 157 8
155 159 2
155 156 8
156 156 19
156 158 8
156 159 2
156 157 6
157 157 20
157 158 5
157 159 1
158 158 8
158 159 9
159 159 8
