3 3 17
3 30 1
3 9 4
3 119 4
3 120 3
3 10 1
3 6 3
3 14 1
3 5 3
3 38 1
3 4 4
3 20 1
3 21 3
4 20 1
4 21 2
4 4 15
4 6 6
4 30 4
4 24 2
4 135 1
4 32 1
4 12 1
4 10 3
4 5 5
4 7 5
4 8 1
4 25 2
4 29 1
4 33 1
4 9 2
4 13 4
4 23 1
5 137 1
5 5 26
5 7 1
5 34 1
5 16 1
5 136 11
5 119 1
5 39 2
5 25 1
5 13 5
5 6 8
5 27 1
5 28 1
5 10 3
5 9 1
6 25 3
6 9 2
6 13 3
6 8 1
6 6 18
6 136 2
6 7 4
6 34 4
6 12 2
6 21 1
6 10 1
6 135 1
6 119 1
6 118 1
6 40 1
6 27 2
6 140 1
6 24 3
6 30 1
6 33 4
6 11 1
7 7 9
7 25 2
7 22 1
7 26 5
7 23 4
7 29 2
7 13 1
7 28 1
7 21 1
7 8 1
7 24 4
7 10 2
7 27 1
7 38 1
7 37 1
7 50 1
8 44 6
8 8 30
8 45 3
8 10 4
8 136 4
8 40 1
8 9 8
8 33 5
8 14 1
8 23 1
8 11 2
8 115 1
8 34 2
8 32 2
8 31 1
9 34 3
9 9 31
9 50 2
9 10 4
9 135 3
9 118 3
9 119 1
9 43 2
9 46 1
9 47 1
9 48 1
9 138 1
9 44 1
10 10 19
10 28 1
10 45 4
10 40 1
10 23 1
10 12 3
10 14 1
10 29 2
10 11 1
10 62 3
10 13 1
10 15 3
10 57 1
10 56 3
10 44 1
10 48 1
11 12 6
11 15 7
11 11 26
11 24 2
11 19 1
11 55 1
11 36 1
11 116 1
11 35 1
11 14 7
11 22 3
11 33 2
11 26 1
11 34 1
11 21 1
12 21 2
12 34 1
12 12 13
12 13 4
12 28 2
12 15 4
12 14 9
12 16 1
12 48 3
12 35 3
12 27 2
12 24 2
12 26 1
13 27 1
13 15 10
13 26 2
13 19 1
13 13 14
13 22 3
13 20 1
13 16 3
13 21 1
13 14 3
13 25 1
13 39 1
14 14 12
14 24 3
14 19 1
14 39 1
14 22 4
14 25 1
14 26 2
14 38 1
14 40 2
14 35 1
14 46 1
14 20 1
14 49 2
14 28 1
14 15 3
14 16 1
14 50 1
14 21 2
15 19 3
15 22 9
15 15 15
15 49 5
15 34 1
15 24 1
15 23 2
15 46 2
15 48 1
15 16 5
15 38 2
15 40 1
15 39 2
15 35 1
16 16 13
16 23 2
16 35 4
16 22 5
16 38 2
16 24 1
16 28 1
16 44 2
16 21 1
16 40 1
16 19 1
16 17 1
16 32 1
16 20 1
17 17 12
17 18 5
17 21 1
17 38 1
18 18 10
18 29 1
18 19 6
18 20 4
18 21 1
18 37 1
18 50 1
18 38 1
19 29 1
19 45 1
19 23 2
19 19 18
19 50 5
19 44 1
19 22 3
19 38 1
19 49 2
19 20 2
19 58 1
19 36 2
19 51 4
19 24 1
19 25 1
19 26 1
20 20 19
20 29 1
20 36 2
20 47 1
20 52 1
20 35 3
20 21 5
20 22 1
20 23 2
20 31 1
21 23 3
21 21 12
21 22 10
21 50 1
21 33 1
22 22 12
22 37 1
22 32 1
22 49 3
22 40 2
22 35 3
22 23 3
22 36 1
22 25 2
22 30 1
22 33 3
23 24 4
23 25 2
23 23 14
23 50 1
23 29 3
23 38 1
23 27 1
23 49 1
24 29 2
24 24 14
24 36 1
24 50 4
24 30 1
24 40 3
24 48 1
24 25 5
24 34 3
24 38 1
24 33 1
24 39 1
25 25 9
25 27 1
25 39 1
25 33 2
25 28 1
25 26 3
25 29 1
25 50 1
26 26 22
26 36 1
26 27 2
26 45 1
26 30 1
26 28 1
27 27 9
27 118 1
27 61 1
27 30 1
27 31 1
27 40 1
28 28 10
28 43 6
28 45 1
28 39 2
28 46 2
28 40 1
28 37 1
28 120 1
28 44 1
28 31 1
28 51 1
28 30 2
28 119 1
28 34 2
28 29 1
29 29 11
29 62 7
29 30 9
29 45 1
29 55 1
29 44 2
29 43 1
29 120 1
29 63 1
29 119 1
30 30 12
30 43 1
30 62 4
30 61 3
30 65 2
30 45 1
30 50 1
30 31 2
30 34 1
31 31 22
31 40 4
31 33 4
31 32 4
31 46 1
31 39 1
31 44 1
31 53 1
31 37 1
31 50 1
31 34 1
31 54 1
31 120 1
32 32 40
32 33 21
32 34 2
32 51 1
32 46 1
33 33 18
33 39 2
33 44 1
33 120 1
33 119 1
33 34 15
33 40 2
33 50 2
33 51 1
34 34 19
34 47 1
34 119 1
34 46 1
34 44 2
34 35 2
34 53 1
34 40 1
34 38 1
34 116 1
35 44 3
35 35 23
35 46 2
35 40 2
35 50 1
35 37 1
35 36 5
35 53 2
36 36 15
36 47 3
36 51 1
36 37 2
36 46 2
36 54 1
36 49 1
36 50 2
36 45 2
37 37 9
37 46 2
37 51 3
37 40 1
37 47 2
37 38 6
37 44 1
37 50 1
37 41 3
37 39 1
38 41 1
38 46 8
38 38 10
38 39 3
38 52 5
38 47 1
38 40 1
38 53 1
38 44 1
38 133 1
38 51 1
38 54 5
38 49 1
39 51 1
39 44 5
39 39 20
39 50 2
39 46 5
39 43 1
40 46 7
40 40 39
40 50 3
40 135 3
40 44 3
40 51 1
40 152 1
40 45 5
40 48 3
40 118 6
40 54 1
40 43 2
40 120 1
40 149 2
40 132 6
40 148 2
40 117 1
41 148 2
41 132 3
41 41 39
41 46 4
41 117 3
41 141 1
41 137 1
41 118 1
41 128 1
41 45 3
41 120 3
41 47 3
41 136 1
41 43 2
41 133 3
41 42 1
41 129 1
42 134 2
42 42 3
42 53 2
42 51 1
42 44 1
42 43 1
42 47 2
42 133 1
43 43 50
43 52 6
43 46 3
43 45 1
43 47 2
43 133 1
43 137 1
43 57 1
43 51 1
43 50 1
43 120 2
43 44 5
43 66 1
43 53 1
43 134 1
44 44 22
44 47 3
44 56 1
44 45 9
44 48 2
44 53 1
44 135 1
44 119 3
44 46 12
44 71 1
44 51 2
44 140 1
44 52 2
44 50 2
44 134 3
44 62 1
45 62 3
45 47 5
45 52 3
45 45 41
45 55 1
45 54 2
45 46 16
45 48 3
45 120 4
45 56 1
45 51 2
45 115 1
45 119 1
45 53 1
45 49 2
46 47 4
46 46 34
46 56 1
46 51 2
46 52 6
46 53 6
46 48 2
46 132 1
46 63 1
46 115 1
46 119 2
46 118 1
46 135 1
47 47 30
47 52 2
47 57 2
47 53 2
47 49 5
47 55 3
47 116 1
47 48 9
47 72 4
48 61 1
48 48 26
48 59 4
48 55 6
48 72 4
48 49 12
48 62 3
48 60 1
49 49 14
49 50 2
49 59 2
49 71 1
49 51 2
49 82 1
49 55 4
49 54 1
50 53 1
50 52 1
50 50 13
50 73 1
50 119 1
50 82 3
50 115 1
50 118 1
50 68 1
50 51 2
50 56 1
51 56 1
51 51 4
51 65 1
51 68 2
51 52 1
51 53 6
51 54 1
52 54 2
52 77 6
52 53 2
52 52 15
52 130 1
53 53 25
53 87 1
53 55 1
53 83 2
53 67 2
53 66 1
53 68 3
53 78 1
53 77 1
53 69 1
53 54 4
53 84 1
54 54 21
54 84 4
54 76 1
54 83 4
54 81 1
54 69 1
54 78 1
54 67 2
54 66 6
54 55 9
54 58 2
54 56 1
54 86 2
54 63 3
54 59 1
54 95 1
55 55 32
55 63 5
55 86 4
55 131 1
55 62 7
55 66 4
55 56 3
55 96 2
55 59 1
55 99 5
55 87 2
55 120 1
55 85 2
55 72 2
55 57 3
55 58 2
55 65 2
55 64 1
55 118 1
56 66 6
56 62 6
56 72 1
56 58 6
56 57 9
56 65 4
56 83 4
56 56 27
56 87 1
56 73 1
56 81 14
56 82 1
56 67 3
56 80 2
56 63 4
56 95 1
56 84 1
56 64 1
56 59 1
56 100 1
57 63 2
57 62 4
57 99 1
57 59 4
57 57 43
57 130 1
57 118 4
57 101 5
57 114 1
57 88 1
57 84 1
57 85 1
57 83 1
57 71 1
57 105 1
57 70 3
57 66 3
57 80 2
57 58 9
57 95 2
57 78 5
57 87 1
57 82 2
58 58 20
58 81 3
58 78 1
58 80 2
58 67 1
58 82 3
58 87 2
58 65 3
58 86 1
58 63 4
58 62 1
58 85 2
58 59 4
58 74 1
59 89 1
59 59 29
59 76 1
59 86 1
59 130 1
59 63 1
59 114 1
59 94 1
59 119 1
59 62 5
59 74 1
60 61 2
61 62 1
61 61 1
61 81 1
62 74 1
62 62 22
62 87 2
62 101 5
62 100 2
62 131 2
62 80 1
62 63 7
62 82 2
62 66 2
63 88 1
63 83 1
63 102 1
63 101 5
63 63 29
63 131 4
63 121 2
63 123 1
63 66 5
63 100 7
63 82 14
63 87 3
63 86 3
63 89 2
63 65 2
63 85 1
63 115 4
63 119 1
63 95 9
63 81 9
63 80 1
63 64 3
63 93 1
63 104 1
63 106 1
63 84 1
63 91 1
63 76 1
64 64 16
64 82 2
64 100 2
64 71 3
64 69 3
64 81 3
64 84 2
64 99 2
64 101 1
64 115 2
64 73 1
64 114 7
64 87 3
64 91 3
64 78 1
64 104 3
64 85 4
64 74 1
64 94 1
64 65 10
64 86 2
65 84 7
65 86 2
65 80 1
65 89 1
65 65 16
65 67 5
65 83 1
65 90 2
65 101 2
65 85 3
65 104 3
65 114 3
65 102 1
65 87 1
65 103 1
65 99 1
65 66 4
65 69 2
65 88 1
65 91 1
66 84 5
66 86 3
66 67 7
66 102 1
66 91 1
66 69 2
66 93 2
66 95 2
66 114 2
66 68 2
66 82 2
66 90 2
66 78 3
66 66 9
66 104 2
66 100 1
66 115 2
66 85 2
66 87 1
67 67 8
67 71 4
67 81 3
67 84 2
67 78 4
67 93 2
67 86 1
67 70 1
67 83 4
67 68 2
67 91 1
67 89 2
67 109 1
67 99 1
68 70 1
68 68 14
68 104 1
68 87 1
68 81 1
68 116 1
68 99 1
68 82 1
68 83 4
68 88 1
68 117 1
68 92 1
68 69 5
68 78 1
68 84 1
68 90 1
68 89 1
69 83 5
69 102 1
69 73 1
69 69 12
69 70 4
69 76 2
69 93 1
69 74 2
69 124 2
69 84 2
69 114 1
69 77 2
69 78 3
69 98 3
69 105 5
69 87 2
69 115 1
69 97 2
69 75 1
69 92 1
69 88 1
69 71 2
69 80 1
69 94 1
70 70 13
70 97 5
70 98 6
70 94 4
70 73 1
70 87 2
70 71 1
70 113 1
70 78 2
70 99 4
70 123 1
70 77 1
70 80 4
70 79 1
70 81 1
70 102 3
70 120 2
70 106 1
70 93 1
70 100 3
70 74 1
70 85 1
70 118 1
70 101 1
71 99 3
71 71 13
71 73 5
71 117 1
71 91 3
71 97 2
71 106 1
71 84 2
71 96 1
71 82 1
71 94 3
71 79 2
71 108 1
71 98 2
71 115 1
71 93 1
71 72 2
72 113 3
72 72 15
72 90 1
72 114 1
72 97 2
72 73 4
72 94 1
72 91 2
72 74 1
72 112 1
72 81 1
73 74 7
73 112 2
73 92 2
73 79 3
73 73 3
73 80 2
73 81 2
73 91 3
73 100 4
73 101 1
73 93 1
73 84 1
73 86 2
73 114 2
73 90 2
74 74 14
74 90 1
74 114 2
74 92 2
74 126 1
74 78 1
74 77 1
74 99 2
74 79 1
75 111 1
75 109 1
75 105 1
75 75 8
75 114 1
75 106 3
75 127 4
75 93 1
75 84 1
75 102 4
75 100 2
75 87 1
75 80 1
75 76 1
76 106 2
76 88 3
76 76 20
76 81 1
76 127 1
76 78 2
76 100 3
76 108 4
76 87 1
76 77 3
76 82 1
76 83 2
76 80 1
77 77 10
77 78 1
77 93 1
77 98 1
77 106 1
77 96 1
77 105 1
77 99 1
77 124 2
78 78 10
78 88 2
78 114 1
78 84 1
78 102 1
78 81 3
78 83 3
78 85 1
79 91 1
79 86 2
79 81 1
79 93 1
79 80 3
79 79 9
79 114 4
79 83 1
80 89 2
80 81 1
80 80 10
80 82 1
80 91 1
80 85 1
80 87 1
81 88 2
81 91 3
81 114 1
81 81 12
81 84 2
81 82 6
81 86 1
81 102 2
81 97 1
81 95 2
82 95 7
82 101 3
82 82 19
82 100 3
82 84 2
82 87 1
82 114 2
82 104 2
82 115 1
82 83 1
83 102 1
83 88 11
83 114 1
83 83 13
83 87 1
83 99 5
83 86 3
83 90 1
83 85 1
83 92 1
83 84 4
83 104 2
84 102 2
84 88 3
84 84 18
84 114 3
84 104 1
84 90 2
84 86 1
84 85 2
84 99 1
84 87 1
85 86 6
85 85 14
85 87 8
85 103 1
85 104 2
85 114 3
85 113 2
85 89 2
85 110 1
85 90 4
85 99 2
85 115 6
85 88 2
85 100 1
86 86 21
86 89 2
86 104 2
86 114 6
86 91 3
86 115 4
86 125 1
86 94 3
86 99 3
86 100 1
86 129 1
86 133 1
86 102 2
87 102 2
87 116 1
87 89 4
87 87 14
87 131 5
87 104 1
87 103 2
87 99 3
87 90 5
87 88 5
87 117 3
87 121 1
87 106 1
87 91 1
87 122 1
87 95 1
87 96 1
87 101 1
88 102 4
88 117 2
88 88 20
88 115 4
88 122 2
88 107 2
88 130 1
88 121 1
88 101 1
88 98 1
88 89 4
88 114 2
88 100 4
88 104 1
88 90 1
88 99 2
89 117 1
89 104 3
89 89 9
89 102 1
89 112 1
89 111 1
89 116 1
89 99 2
89 90 7
89 113 2
89 91 1
89 92 1
89 93 1
90 90 5
90 114 3
90 92 7
90 116 1
90 93 1
90 97 1
90 91 1
90 113 1
91 103 3
91 114 3
91 91 8
91 110 1
91 117 2
91 93 4
91 115 2
91 100 2
91 109 2
91 95 2
91 96 5
91 141 1
91 113 1
91 112 1
91 92 2
91 99 1
92 92 7
92 111 4
92 99 1
92 112 2
92 109 2
92 103 2
92 93 3
92 104 1
92 96 2
92 117 1
92 105 1
93 97 8
93 93 5
93 112 1
93 104 3
93 106 2
93 98 2
93 128 1
93 109 4
93 102 1
93 105 2
93 122 1
93 99 4
93 94 5
93 113 2
93 125 1
94 94 13
94 105 1
94 102 3
94 96 1
94 98 2
94 116 4
94 100 4
94 95 4
94 99 1
94 118 3
94 124 2
94 131 1
94 139 1
94 110 1
94 115 1
95 95 33
95 117 4
95 105 1
95 113 2
95 101 1
95 112 2
95 115 3
95 110 2
95 100 2
95 102 1
95 99 1
95 141 5
95 111 3
95 129 1
95 96 1
95 98 1
96 97 10
96 99 6
96 102 8
96 96 9
96 109 2
96 121 1
96 105 4
96 104 2
96 124 1
96 119 1
96 111 4
96 123 1
97 97 20
97 111 6
97 100 1
97 141 2
97 139 1
97 102 1
97 128 2
97 140 3
97 144 2
97 99 2
97 125 1
97 105 2
97 103 1
97 98 12
97 124 2
97 136 1
98 128 2
98 123 3
98 105 4
98 140 6
98 98 25
98 106 10
98 124 6
98 100 4
98 109 8
98 108 2
98 127 1
98 99 4
98 102 1
98 125 1
99 124 3
99 105 8
99 99 13
99 125 5
99 123 2
99 109 1
99 117 1
99 118 2
99 101 3
99 102 1
99 121 1
99 100 8
99 115 1
100 100 23
100 117 2
100 123 1
100 115 7
100 101 10
100 130 1
100 102 3
101 101 33
101 131 7
101 121 1
101 118 7
101 102 4
101 104 1
101 117 2
102 102 15
102 143 1
102 131 2
102 114 6
102 121 2
102 103 5
102 104 3
102 116 1
103 104 28
103 103 19
103 116 6
103 122 1
103 105 7
103 110 3
103 111 2
103 109 1
103 117 2
103 121 2
103 113 3
104 104 13
104 113 1
104 110 2
104 117 1
104 116 1
104 109 3
104 105 5
104 114 6
104 125 1
104 140 2
104 144 5
104 131 1
104 122 1
104 152 1
104 123 1
105 114 1
105 105 22
105 124 12
105 122 1
105 108 1
105 123 3
105 126 1
105 112 1
105 125 2
105 109 1
105 106 5
106 106 42
106 124 2
106 123 6
106 125 14
106 109 2
106 128 1
106 107 13
106 127 3
106 131 1
106 108 1
107 107 34
107 127 1
107 108 10
107 125 6
107 123 1
107 109 13
107 128 2
107 129 8
107 126 6
107 110 5
107 144 1
107 145 1
107 111 3
108 126 7
108 108 31
108 129 3
108 111 4
108 125 4
108 144 3
108 109 11
108 118 1
108 138 3
108 131 2
108 139 1
108 151 1
108 115 1
108 128 1
108 127 3
109 111 4
109 109 25
109 126 2
109 140 1
109 145 2
109 116 4
109 110 2
109 150 2
109 113 1
110 126 5
110 110 17
110 113 3
110 114 1
110 116 1
110 144 2
110 112 1
110 141 1
111 111 22
111 141 7
111 112 2
111 126 2
111 140 1
111 151 2
111 144 1
111 142 1
111 136 1
111 147 1
112 112 14
112 131 2
112 141 1
112 145 1
112 143 1
112 113 2
112 114 1
113 113 7
113 114 3
113 116 1
113 147 1
113 124 1
114 114 24
114 122 1
114 152 1
114 126 1
114 115 1
114 116 1
115 116 9
115 115 24
115 117 1
115 155 1
115 119 1
115 150 1
115 138 1
116 116 30
116 119 5
116 138 1
116 123 4
116 124 3
116 117 4
116 152 2
116 129 1
116 137 2
116 133 3
116 149 2
117 141 3
117 117 29
117 152 2
117 123 1
117 129 3
117 133 1
117 118 11
117 147 1
117 119 5
117 134 1
117 122 1
117 121 2
117 146 1
117 131 3
118 147 3
118 121 5
118 118 24
118 132 2
118 124 3
118 123 1
118 133 2
118 119 23
118 120 9
118 137 1
119 119 56
119 129 1
119 120 7
119 149 1
119 135 1
119 137 5
119 136 3
120 120 33
120 137 2
120 121 8
120 122 1
120 124 3
120 130 1
120 149 1
120 128 5
120 147 1
121 124 4
121 128 3
121 147 3
121 132 1
121 131 6
121 122 7
121 121 11
121 134 1
122 122 14
122 141 1
122 130 1
122 147 1
122 126 1
122 124 1
122 134 2
122 131 1
122 128 1
122 133 1
123 133 2
123 123 23
123 124 10
123 128 2
123 126 5
123 125 3
123 145 1
123 129 1
123 150 2
123 127 1
123 141 1
124 124 34
124 126 7
124 125 9
124 128 3
124 150 3
124 142 1
125 132 2
125 128 2
125 125 52
125 126 8
125 129 6
125 151 4
125 143 1
126 151 1
126 129 4
126 147 1
126 126 25
126 152 1
126 132 1
126 127 1
126 144 3
126 140 1
127 127 45
127 150 1
127 140 4
127 131 2
127 145 5
127 139 7
127 144 2
127 142 6
127 153 2
127 138 4
127 143 1
127 128 8
127 130 1
127 148 2
127 135 2
128 138 7
128 142 1
128 128 29
128 144 2
128 135 9
128 140 6
128 139 15
128 131 9
128 155 2
128 129 5
128 153 1
128 152 1
129 129 56
129 155 2
129 132 12
129 137 1
129 152 2
129 135 1
129 148 2
129 130 5
129 156 1
130 130 39
130 147 7
130 148 2
130 132 2
130 156 4
130 134 10
130 136 1
130 138 4
130 133 1
130 149 2
130 152 1
130 142 1
130 131 6
130 140 1
130 139 3
131 138 7
131 131 43
131 139 23
131 144 2
131 146 2
131 140 4
131 149 1
131 134 6
131 147 1
131 132 2
132 132 29
132 137 3
132 134 5
132 138 5
132 148 8
132 149 3
132 151 5
132 133 5
133 133 62
133 151 1
133 152 3
133 134 2
133 137 1
133 143 1
134 134 44
134 149 3
134 138 4
134 141 4
134 135 3
134 148 1
134 143 3
134 139 5
134 140 2
135 135 47
135 143 3
135 140 5
135 139 9
135 144 1
135 155 7
135 152 1
135 149 1
135 136 2
136 136 59
136 155 3
136 137 21
136 148 1
136 149 1
136 150 1
136 138 1
136 151 3
136 152 1
137 137 45
137 152 8
137 150 1
137 151 1
137 139 2
137 149 5
137 138 4
137 156 1
138 143 3
138 149 3
138 138 36
138 156 4
138 155 1
138 140 7
138 148 1
138 142 5
138 154 1
138 139 14
138 153 1
139 139 46
139 140 5
139 143 2
139 144 8
139 142 8
140 143 5
140 140 50
140 142 6
140 141 7
140 145 4
140 152 2
140 144 3
140 153 7
140 146 1
140 154 1
140 148 1
141 141 51
141 144 2
141 145 4
141 149 12
141 147 2
141 142 6
141 150 1
141 148 2
142 142 52
142 148 5
142 145 3
142 153 9
142 147 2
142 143 8
143 143 30
143 148 1
143 150 4
143 153 2
143 155 1
144 144 20
144 147 1
144 145 5
145 145 22
145 146 3
145 153 2
145 152 2
145 156 1
145 154 2
145 148 1
145 147 3
145 151 1
146 154 1
146 155 1
146 151 2
146 146 4
146 149 1
146 147 5
147 147 15
147 154 3
147 151 6
147 155 2
147 148 8
147 156 1
148 151 13
148 154 2
148 148 42
148 152 1
148 150 3
148 153 10
148 149 18
149 149 45
149 155 1
149 150 9
149 151 4
150 150 61
150 151 8
150 153 1
150 154 1
151 151 50
151 153 1
151 154 7
151 155 2
151 152 1
152 152 36
152 155 5
152 154 6
152 156 2
152 153 18
153 153 44
153 155 2
153 154 22
153 156 2
154 154 34
154 155 3
155 155 51
155 156 5
156 156 10
