3 7 2
3 5 6
3 12 1
3 38 2
3 6 4
3 3 27
3 17 1
3 36 2
3 8 4
3 28 6
3 22 1
3 10 1
3 34 1
3 35 1
3 31 2
3 9 2
3 4 9
3 20 1
3 42 1
4 4 25
4 21 14
4 9 3
4 20 2
4 42 4
4 32 1
4 39 1
4 38 1
4 5 1
4 31 2
5 5 26
5 27 2
5 31 1
5 42 1
5 6 3
5 20 1
5 38 3
5 37 4
5 43 1
5 26 1
5 28 1
5 21 4
5 16 1
5 14 1
5 17 1
5 7 1
5 12 1
5 10 1
5 36 1
5 8 1
6 36 2
6 6 13
6 22 1
6 7 7
6 28 3
6 9 1
6 10 1
6 21 1
7 7 20
7 20 2
7 14 1
7 22 5
7 23 1
7 10 4
7 21 4
7 19 1
7 9 1
7 8 6
8 35 9
8 36 5
8 8 16
8 9 11
8 18 1
8 12 3
8 38 1
8 34 2
8 27 1
9 10 2
9 34 1
9 20 5
9 35 1
9 9 21
9 14 1
9 21 1
10 10 10
10 21 6
10 13 2
10 17 1
10 22 1
11 12 1
11 45 1
12 14 6
12 12 10
12 18 5
12 43 1
12 35 2
12 38 1
12 17 3
12 47 1
12 16 1
12 36 1
12 13 3
13 13 19
13 14 10
13 21 3
13 17 2
13 38 1
13 20 2
14 38 4
14 14 11
14 20 1
14 24 1
14 37 1
14 18 1
14 22 1
14 23 1
14 44 3
14 36 1
14 28 9
14 27 2
14 35 1
14 25 1
14 41 3
14 19 1
14 48 1
14 16 1
15 19 1
15 15 7
15 39 1
15 38 1
15 16 3
15 32 1
15 25 1
15 37 1
16 16 10
16 38 1
16 17 5
16 37 3
16 36 1
16 19 1
16 47 1
16 26 1
16 44 3
16 46 1
16 45 1
17 46 1
17 17 10
17 19 4
17 18 4
17 47 2
17 26 2
17 20 1
17 48 1
17 36 1
18 19 6
18 37 3
18 36 1
18 18 8
18 26 2
18 21 1
18 20 1
18 44 1
18 47 1
18 42 1
19 19 17
19 42 1
19 25 1
19 47 3
19 37 3
19 20 7
19 41 1
19 28 1
19 38 3
19 46 1
19 27 1
19 26 1
19 39 2
20 48 1
20 20 27
20 47 1
20 42 1
20 38 3
20 35 2
20 39 1
20 28 1
20 21 1
21 21 25
21 36 2
21 33 1
21 24 4
21 22 7
22 22 24
22 23 16
22 24 1
22 30 2
22 35 2
22 36 4
22 34 1
23 30 1
23 35 3
23 23 36
23 36 2
23 40 1
23 24 8
23 31 1
23 33 2
23 37 1
24 24 39
24 53 1
24 29 2
24 35 3
24 64 1
24 52 4
24 43 2
24 34 4
24 75 3
24 44 2
24 66 1
24 67 1
24 36 1
24 68 1
24 25 3
25 25 27
25 49 1
25 27 12
25 26 7
25 42 2
25 44 9
25 43 4
25 51 2
25 34 2
25 38 6
25 52 1
25 28 1
25 36 2
25 35 1
25 29 1
25 37 1
25 41 2
25 46 1
25 40 1
26 26 10
26 48 3
26 37 5
26 27 11
26 42 1
26 50 1
26 44 6
26 38 4
26 39 2
26 45 1
26 46 1
26 41 6
26 47 2
26 35 1
26 49 1
26 72 1
27 27 27
27 48 4
27 44 4
27 46 2
27 45 1
27 57 1
27 62 1
27 50 2
27 43 2
27 39 1
27 47 1
27 42 3
27 29 1
27 41 4
27 38 4
27 28 6
27 40 2
27 34 3
27 70 1
28 70 1
28 28 42
28 50 2
28 38 3
28 34 2
28 29 14
28 37 1
28 44 1
28 40 1
28 41 3
28 35 2
28 64 1
29 29 20
29 48 4
29 42 2
29 41 10
29 43 4
29 40 1
29 35 11
29 44 1
29 100 1
29 36 9
29 34 1
29 32 2
29 33 1
29 30 8
29 39 3
29 73 2
29 65 1
29 76 2
29 103 1
29 37 2
29 51 1
29 38 1
30 103 2
30 52 6
30 30 34
30 104 2
30 53 1
30 51 9
30 65 4
30 39 3
30 43 1
30 44 3
30 72 1
30 36 7
30 31 14
30 63 1
30 35 5
30 54 1
31 31 39
31 36 7
31 35 4
31 66 2
31 38 1
31 65 4
31 32 10
31 42 1
31 39 4
31 67 1
32 32 40
32 38 3
32 39 2
32 34 1
32 65 5
32 33 15
32 73 3
32 57 4
32 60 1
32 63 2
32 75 5
32 76 1
32 64 2
32 74 2
32 35 3
32 36 1
32 58 1
33 33 35
33 58 5
33 57 5
33 78 1
33 54 4
33 39 2
33 34 8
33 41 1
34 57 1
34 34 32
34 41 2
34 55 1
34 43 1
34 48 1
34 39 1
34 35 2
34 52 4
34 44 1
34 58 1
34 75 2
34 38 2
35 38 14
35 35 46
35 44 5
35 37 3
35 36 8
35 76 1
36 36 47
36 38 1
36 72 1
36 37 13
36 44 1
36 53 1
36 57 1
36 76 4
36 82 1
37 37 41
37 75 7
37 76 3
37 52 2
37 49 2
37 44 3
37 42 1
37 38 7
38 38 33
38 44 6
38 41 1
38 39 3
38 74 1
39 39 27
39 51 3
39 52 1
39 50 1
39 40 2
40 51 4
40 40 12
40 41 5
40 42 4
40 43 3
40 50 4
40 55 1
41 41 24
41 42 3
41 57 2
41 54 2
41 62 1
41 43 2
41 53 1
41 52 1
42 47 2
42 42 18
42 48 2
42 60 1
42 43 5
42 50 2
42 68 1
42 75 3
42 67 4
42 58 1
42 59 2
42 54 1
42 46 1
42 51 1
43 48 2
43 67 3
43 51 1
43 43 30
43 68 1
43 52 3
43 50 4
43 57 1
43 59 1
43 75 1
43 73 4
43 49 1
43 65 2
43 66 2
43 44 1
44 44 23
44 50 4
44 45 9
44 66 1
44 47 1
44 46 4
44 49 2
44 55 1
45 45 22
45 46 7
45 50 8
45 61 1
46 46 11
46 50 10
46 49 1
46 48 1
46 57 2
46 55 3
46 47 2
46 76 3
46 80 1
46 68 1
47 82 3
47 69 1
47 47 14
47 48 5
47 76 1
47 62 1
47 60 1
47 61 1
48 48 11
48 61 2
48 57 2
48 50 1
48 54 2
48 59 2
48 52 2
48 51 2
49 54 1
49 49 25
49 50 4
49 67 2
50 50 20
50 61 3
50 56 1
50 68 1
50 57 2
50 55 2
50 78 1
51 56 2
51 60 1
51 57 2
51 51 26
51 68 2
51 52 6
51 76 1
51 84 1
52 52 29
52 74 2
52 84 4
52 75 8
52 105 1
52 72 2
52 53 8
52 54 4
53 73 2
53 53 41
53 72 1
53 76 1
53 102 1
53 103 1
53 64 5
53 81 2
53 104 1
53 82 1
53 58 1
53 59 3
54 104 3
54 105 2
54 58 1
54 79 6
54 54 13
54 67 1
54 76 1
54 57 2
54 83 1
54 103 3
54 102 1
54 73 1
54 55 2
55 79 2
55 55 6
55 62 1
55 82 7
55 57 1
55 60 2
55 56 1
55 80 2
55 78 1
55 83 1
55 81 1
55 58 1
55 67 1
55 63 1
55 76 1
55 68 1
56 60 11
56 56 15
56 63 1
56 65 2
56 66 6
56 68 2
56 72 1
56 89 1
56 67 1
56 62 1
57 63 2
57 62 2
57 57 13
57 58 1
57 68 2
57 103 1
57 74 1
57 67 2
57 76 2
58 79 2
58 104 1
58 58 8
58 77 1
58 107 1
58 83 1
58 64 1
58 59 5
58 75 1
58 84 1
58 60 1
58 63 1
58 86 1
59 85 1
59 86 1
59 60 7
59 59 11
59 90 1
59 89 1
59 67 1
59 74 1
59 75 1
60 74 4
60 85 1
60 84 1
60 86 2
60 60 10
60 75 4
60 61 4
60 78 3
60 87 1
61 84 1
61 86 2
61 83 2
61 61 8
61 104 2
61 62 5
61 63 1
62 63 4
62 62 12
62 69 3
62 89 2
62 87 1
62 64 2
62 83 2
62 85 1
62 86 2
62 67 1
63 63 20
63 72 2
63 106 12
63 79 1
63 105 1
63 88 1
63 66 2
63 77 2
63 65 1
64 64 51
64 77 2
64 98 1
64 71 1
64 65 10
64 73 3
64 107 2
64 74 3
64 79 1
64 91 1
64 75 2
64 76 1
64 102 1
65 65 45
65 107 1
65 93 1
65 76 3
65 103 3
65 72 1
65 98 2
65 101 1
65 92 1
65 110 1
65 66 5
66 67 11
66 66 30
66 72 2
66 68 4
66 74 3
66 73 1
67 67 27
67 68 6
67 74 2
67 71 1
67 79 1
67 75 5
67 82 2
67 80 1
67 72 1
68 68 18
68 88 1
68 72 2
68 87 3
68 89 1
68 80 1
68 71 4
68 76 1
68 82 2
68 75 1
69 80 2
69 69 10
69 82 2
69 87 3
69 89 5
69 79 1
69 70 1
69 72 1
69 85 3
69 88 2
69 77 1
69 106 2
69 109 1
69 105 1
69 100 1
69 78 1
69 98 2
70 88 3
70 70 10
70 101 1
70 106 2
70 85 3
70 98 3
70 91 2
70 87 1
70 97 3
70 89 1
70 105 1
70 111 2
70 73 1
70 81 2
70 71 2
70 93 1
70 72 1
70 126 1
71 71 10
71 125 5
71 72 2
71 98 2
71 88 1
71 126 4
71 95 1
71 79 2
71 97 1
71 96 2
71 84 1
71 77 2
71 73 1
71 90 2
71 82 1
72 72 24
72 82 1
72 81 1
72 79 7
72 74 8
72 86 1
72 105 1
72 87 3
72 76 1
72 89 4
72 73 7
72 84 1
72 75 1
72 91 1
72 80 1
73 73 28
73 92 5
73 100 4
73 105 1
73 76 4
73 74 12
73 79 1
73 84 3
73 75 8
74 74 48
74 75 19
74 126 1
74 86 2
74 85 2
74 120 1
74 100 1
74 84 2
75 85 8
75 84 3
75 79 1
75 75 27
75 80 1
75 76 1
76 76 29
76 84 3
76 100 1
76 86 3
76 81 2
76 102 1
76 104 6
76 103 5
76 82 1
76 80 3
76 83 1
76 99 4
76 101 1
76 77 3
76 122 1
77 77 16
77 122 1
77 100 1
77 107 4
77 125 3
77 92 2
77 103 1
77 85 2
77 86 2
77 106 7
77 99 4
77 95 1
77 105 2
77 102 6
77 83 2
77 88 2
77 78 3
77 98 1
78 84 1
78 104 3
78 78 4
78 87 1
78 88 2
78 82 1
78 105 3
78 81 1
78 80 2
78 93 1
79 80 5
79 81 6
79 79 7
79 82 2
79 104 1
79 83 1
79 91 3
79 84 2
79 89 1
79 120 1
80 88 4
80 80 9
80 89 3
80 102 1
80 81 1
81 82 4
81 91 2
81 81 8
81 103 1
81 98 4
81 102 3
81 84 1
81 87 3
81 104 1
81 86 1
81 125 1
81 105 2
81 88 3
81 90 1
81 89 1
82 82 7
82 88 1
82 84 2
82 90 3
82 105 1
82 103 1
82 83 5
82 104 1
82 102 1
83 99 2
83 83 10
83 101 1
83 104 3
83 103 2
83 88 1
83 84 1
84 84 8
84 104 1
84 106 1
84 100 1
84 103 1
84 85 3
84 88 1
85 85 14
85 86 1
85 89 1
85 87 3
85 88 1
85 91 4
85 105 1
86 91 4
86 86 16
86 105 1
86 100 1
86 87 3
86 102 2
86 104 4
86 92 1
86 88 3
86 103 1
86 89 1
86 99 1
87 103 2
87 91 8
87 92 1
87 99 2
87 87 5
87 88 6
87 105 1
87 89 1
88 88 20
88 93 1
88 106 1
88 89 2
88 91 3
88 102 1
89 89 10
89 105 1
89 106 5
89 91 2
89 104 1
89 90 3
89 92 2
90 106 2
90 90 22
90 92 6
90 125 2
90 91 7
90 98 2
90 109 2
90 113 1
90 110 1
91 109 1
91 91 13
91 92 3
91 99 1
91 104 2
91 95 1
91 103 1
91 102 2
92 92 54
92 101 2
92 107 9
92 99 6
92 106 2
92 103 3
92 100 3
92 102 2
92 93 4
92 110 1
93 93 13
93 110 4
93 100 3
93 108 1
93 123 1
93 101 3
93 96 3
93 111 1
93 98 1
93 125 1
94 96 1
95 97 2
95 111 1
95 95 2
95 100 2
95 96 1
96 97 10
96 111 1
96 96 26
96 107 1
96 128 1
96 103 1
96 109 5
96 101 3
96 98 4
96 105 3
96 104 3
96 99 2
96 100 1
96 114 1
97 101 5
97 97 23
97 99 5
97 139 1
97 126 1
97 100 2
97 138 2
97 98 8
97 116 1
97 127 5
97 109 1
97 122 1
98 111 4
98 98 9
98 135 1
98 123 2
98 122 1
98 125 1
98 100 10
98 139 1
98 99 3
98 110 3
98 113 1
98 103 1
98 101 4
98 106 1
99 99 34
99 103 8
99 109 4
99 102 13
99 100 11
99 104 3
99 130 1
100 109 2
100 100 29
100 122 2
100 102 1
100 104 2
100 128 2
100 111 1
100 127 1
100 101 1
101 101 32
101 128 2
101 127 9
101 139 1
101 109 4
101 103 7
101 104 2
101 126 2
101 102 7
101 117 1
101 111 5
101 112 2
101 122 1
101 107 1
101 113 1
102 102 18
102 104 4
102 125 1
102 103 5
103 103 24
103 104 9
103 106 2
103 105 2
103 125 2
103 108 2
104 104 16
104 107 2
104 105 7
104 106 2
104 110 1
104 126 2
105 105 38
105 106 14
105 139 1
105 109 1
105 132 2
105 120 2
105 131 6
105 119 1
105 108 1
105 118 1
105 127 1
105 107 1
106 106 32
106 132 2
106 119 1
106 109 1
106 110 6
106 128 1
106 107 5
106 125 1
107 107 29
107 110 3
107 111 2
107 112 2
107 125 3
107 122 1
107 108 7
107 117 1
107 127 1
108 108 27
108 118 1
108 110 7
108 119 1
108 109 4
108 132 2
108 133 2
108 131 4
108 130 1
108 120 2
108 140 1
108 128 11
108 129 1
109 109 15
109 128 2
109 127 2
109 110 1
109 122 2
110 110 40
110 125 2
110 123 4
110 114 1
110 113 10
110 111 13
110 122 4
110 135 6
110 112 4
111 112 43
111 111 48
111 125 4
111 113 10
111 126 2
111 114 5
111 127 1
111 146 1
111 135 1
111 129 5
112 113 13
112 127 2
112 129 11
112 112 62
112 126 3
112 135 2
112 130 1
112 121 1
112 139 4
112 123 1
112 114 4
112 140 1
112 134 1
112 125 1
112 119 1
113 114 15
113 129 8
113 113 31
113 141 1
113 124 4
113 122 6
113 116 1
113 123 6
113 135 2
113 121 2
114 114 38
114 122 2
114 134 5
114 121 13
114 124 7
114 115 7
114 149 2
114 117 2
114 120 2
114 140 2
115 129 6
115 115 46
115 117 4
115 131 2
115 120 3
115 140 4
115 124 10
115 130 5
115 119 1
115 121 1
115 149 5
115 150 2
115 142 4
115 125 3
115 138 1
115 116 2
116 128 18
116 140 5
116 116 40
116 148 1
116 125 2
116 130 9
116 133 11
116 117 17
116 132 1
116 131 5
116 135 1
116 120 9
116 118 1
116 141 2
116 146 5
116 127 1
116 119 1
116 126 1
117 130 1
117 117 31
117 134 6
117 120 13
117 119 12
117 146 2
117 147 10
117 140 4
117 124 7
117 128 2
117 137 1
117 127 1
117 133 6
117 121 8
117 118 1
117 150 1
117 125 1
118 118 54
118 131 6
118 120 3
118 119 23
118 133 6
118 128 2
118 137 1
118 126 3
118 138 3
118 132 3
118 141 2
118 127 2
119 133 9
119 126 6
119 137 3
119 132 5
119 119 41
119 120 2
119 128 10
119 143 1
119 131 10
119 127 1
119 125 2
119 130 2
119 124 1
120 126 1
120 120 42
120 130 10
120 131 2
120 128 9
120 137 1
120 146 6
120 147 1
120 125 1
120 145 2
120 134 1
120 129 2
120 140 1
120 121 6
121 121 46
121 124 15
121 139 1
121 126 3
121 134 7
121 130 3
121 129 1
121 132 3
121 122 5
121 144 1
121 137 2
121 138 1
121 140 1
121 142 2
122 134 4
122 138 1
122 139 1
122 137 4
122 122 40
122 135 1
122 123 11
122 146 1
122 136 2
122 142 1
123 123 42
123 135 1
123 127 2
124 124 41
124 149 8
124 127 4
124 140 2
124 131 7
124 125 5
124 130 1
124 126 2
124 134 1
125 125 41
125 149 2
125 147 1
125 130 5
125 131 2
125 126 10
125 128 2
125 132 1
125 127 3
125 140 1
125 141 1
125 137 1
125 133 1
126 130 4
126 127 22
126 140 3
126 126 24
126 128 5
126 138 6
126 137 3
126 132 5
126 133 4
126 141 3
126 142 2
126 131 6
126 139 2
127 133 2
127 127 36
127 130 8
127 143 2
127 139 19
127 149 8
127 128 20
127 131 1
127 141 4
127 140 4
127 138 5
127 137 2
127 150 2
127 148 1
128 128 30
128 130 6
128 139 5
128 133 7
128 131 1
128 140 4
128 138 1
128 150 1
128 129 2
128 132 1
128 137 1
129 129 46
129 140 11
129 150 3
129 141 1
129 149 9
129 142 1
129 130 3
129 145 1
129 144 1
130 130 33
130 145 4
130 149 2
130 140 1
130 148 3
130 133 5
130 146 3
130 132 9
130 131 11
130 150 1
131 145 1
131 131 34
131 134 4
131 132 11
131 133 8
131 143 3
131 140 2
131 149 2
131 139 1
131 138 1
131 142 1
131 141 4
131 150 1
132 132 31
132 142 3
132 139 4
132 133 12
132 134 1
132 138 2
132 141 3
132 150 2
133 133 30
133 142 1
133 145 3
133 149 1
134 142 1
134 141 2
134 134 74
134 147 5
134 140 1
134 149 1
134 139 1
134 135 3
135 136 12
135 135 41
135 137 4
136 136 48
136 137 9
136 149 1
137 140 1
137 137 49
137 144 1
137 143 4
138 143 5
138 146 1
138 138 33
138 141 4
138 151 2
138 150 6
138 140 4
138 142 8
138 149 1
138 139 14
139 139 59
139 141 4
139 142 3
139 140 7
139 149 5
139 147 1
139 150 1
140 150 1
140 140 48
140 141 18
140 143 1
140 149 1
140 142 3
141 141 31
141 142 22
141 148 11
141 151 4
141 143 2
142 142 56
142 150 6
142 151 2
142 148 1
142 149 6
142 145 1
142 143 4
143 143 40
143 147 8
143 151 11
143 148 1
143 144 7
143 150 4
144 144 56
144 149 4
144 148 11
144 145 4
144 147 3
144 150 7
145 145 28
145 148 9
145 147 6
145 149 1
145 146 8
146 148 6
146 146 33
146 147 15
147 147 34
147 148 9
147 151 1
148 148 43
148 149 6
149 149 26
149 150 6
150 150 35
150 151 8
151 151 19
