3 3 12
3 14 1
3 24 1
3 20 4
3 22 1
3 6 2
3 4 3
3 15 1
3 18 3
3 21 4
3 19 1
4 4 22
4 15 1
4 11 2
4 29 1
4 18 4
4 23 3
4 14 1
4 5 9
4 22 2
4 12 1
4 13 1
4 6 1
5 35 1
5 5 20
5 18 1
5 16 1
5 10 1
5 12 3
5 6 6
5 23 1
5 11 1
6 6 26
6 8 7
6 32 1
6 30 1
6 21 2
6 35 1
6 36 3
6 29 1
6 34 1
6 23 3
6 24 3
6 12 4
6 37 1
6 38 1
6 7 5
6 14 1
6 17 1
7 7 27
7 8 9
7 16 4
7 9 3
7 15 1
7 33 2
7 17 3
7 34 2
7 19 1
7 23 1
7 21 1
8 22 2
8 14 4
8 8 21
8 9 10
8 12 11
8 26 1
8 23 8
8 11 1
8 10 1
9 9 11
9 21 2
9 25 4
9 23 3
9 24 2
9 10 4
9 27 1
9 13 2
9 34 1
9 11 1
9 15 2
9 32 3
9 22 2
9 33 1
9 12 1
10 10 9
10 13 5
10 12 1
10 32 1
10 24 1
10 14 2
10 38 2
10 23 1
11 22 4
11 13 4
11 25 1
11 21 1
11 37 1
11 23 2
11 32 9
11 11 8
11 31 1
11 12 2
11 36 2
12 14 5
12 12 16
12 35 2
12 15 3
12 13 6
12 22 1
12 17 1
12 24 2
13 13 11
13 22 3
13 24 5
13 36 3
13 23 4
13 35 1
13 16 1
13 45 1
13 44 1
14 22 7
14 25 4
14 16 1
14 43 4
14 27 1
14 14 4
14 15 6
14 19 1
14 20 3
14 24 1
14 29 1
15 15 16
15 22 9
15 21 2
15 17 3
15 28 1
15 27 1
15 20 1
15 19 2
15 16 4
15 33 1
15 25 1
16 31 3
16 16 25
16 32 4
16 27 5
16 29 3
16 28 2
16 22 2
16 41 1
16 42 3
16 21 1
16 19 1
16 20 1
16 17 1
17 17 23
17 33 5
17 34 1
17 31 5
17 27 3
17 23 1
17 24 3
17 42 2
17 18 5
17 41 1
17 40 1
17 32 2
17 26 1
18 26 1
18 23 4
18 24 4
18 18 9
18 25 3
18 22 1
18 45 1
18 19 5
18 40 4
18 41 4
18 21 6
18 35 1
18 27 2
18 28 1
18 36 1
19 19 13
19 32 1
19 25 3
19 26 6
19 20 2
19 21 1
19 42 1
19 40 1
19 37 1
20 26 4
20 23 2
20 25 3
20 27 2
20 20 9
20 21 1
21 21 13
21 25 2
21 35 4
21 36 2
21 27 1
21 24 1
21 23 1
21 22 4
21 32 1
21 33 2
22 32 2
22 22 21
22 28 1
22 33 3
22 27 1
22 24 6
22 25 2
23 23 13
23 25 2
23 26 5
23 27 3
23 24 1
24 25 9
24 24 12
24 32 1
24 40 1
24 35 2
24 42 1
24 27 1
25 25 7
25 27 2
25 26 3
26 26 14
26 41 1
26 32 1
26 28 1
27 27 16
27 52 1
27 28 1
28 32 10
28 52 2
28 28 12
28 42 1
28 40 3
28 51 6
28 64 1
28 45 1
28 66 1
28 67 2
28 44 2
28 29 3
28 50 2
28 39 2
28 33 1
28 37 2
28 31 4
29 32 15
29 37 3
29 31 14
29 29 42
29 51 2
29 35 4
29 53 1
29 34 4
29 39 1
29 30 5
29 50 1
29 56 1
29 48 2
29 33 1
29 38 1
30 34 4
30 31 6
30 30 38
30 39 2
30 66 1
30 33 1
30 59 1
31 31 39
31 50 3
31 48 1
31 34 3
31 33 1
31 37 8
31 38 2
31 32 16
31 40 1
31 51 1
32 37 10
32 32 30
32 39 1
32 50 1
32 51 2
32 38 1
32 33 3
33 33 29
33 39 13
33 37 3
33 67 3
33 40 2
33 60 1
33 38 1
33 48 9
33 47 3
33 34 17
33 35 1
33 50 1
34 34 37
34 47 3
34 48 5
34 39 3
34 50 4
34 38 2
34 51 4
34 36 2
35 36 18
35 35 26
35 87 1
35 42 1
35 43 2
35 59 1
35 58 1
35 46 2
35 47 1
36 36 14
36 43 2
36 47 5
36 51 3
36 42 1
36 63 1
36 59 1
36 39 3
36 60 1
36 53 1
36 44 2
36 41 1
36 55 1
37 51 1
37 37 37
37 54 3
37 38 10
37 88 12
37 56 4
37 39 2
37 55 1
37 50 2
37 62 1
37 85 1
37 90 1
38 38 39
38 68 1
38 90 2
38 49 2
38 67 1
38 88 1
38 39 7
38 54 6
38 69 2
38 56 1
38 60 1
38 50 5
38 41 3
38 55 2
38 65 1
38 48 1
38 66 1
38 44 1
39 39 35
39 48 3
39 65 3
39 58 1
39 47 6
39 59 7
39 85 1
39 71 1
39 60 2
39 53 1
39 67 4
39 46 2
39 68 1
39 50 1
39 40 2
40 40 13
40 58 1
40 48 4
40 43 3
40 65 3
40 67 3
40 59 1
40 51 3
40 41 6
40 69 2
40 44 3
40 49 7
40 42 2
40 66 3
40 63 1
40 50 1
40 64 2
40 52 1
40 77 1
40 70 2
40 79 3
40 78 1
40 61 1
40 76 1
41 70 3
41 76 1
41 41 13
41 49 1
41 50 1
41 55 5
41 42 1
41 52 1
41 68 2
41 43 5
41 56 2
41 65 3
41 58 1
41 54 1
41 69 2
41 44 1
41 60 1
41 53 1
41 67 1
42 42 13
42 69 6
42 48 8
42 43 5
42 67 1
42 68 1
42 70 5
42 49 5
42 53 1
42 57 3
42 66 1
42 54 2
42 55 1
42 65 2
42 56 2
43 66 2
43 57 2
43 75 1
43 69 2
43 43 15
43 45 1
43 55 7
43 58 3
43 54 2
43 44 8
43 67 2
43 60 1
43 46 1
43 59 1
44 67 4
44 44 4
44 58 1
44 51 3
44 61 3
44 56 1
44 60 1
44 49 1
44 64 2
44 48 1
44 52 1
44 66 5
44 65 3
44 45 1
44 46 1
44 57 1
44 59 1
45 65 1
45 45 7
45 57 2
45 53 1
45 62 1
45 81 1
45 55 1
45 58 1
45 78 3
45 46 1
45 63 3
45 82 2
45 64 1
45 66 1
45 88 1
46 60 3
46 46 12
46 78 1
46 82 2
46 73 1
46 64 1
46 56 4
46 61 4
46 77 1
46 59 3
46 47 3
47 61 2
47 58 2
47 47 37
47 59 1
47 64 1
47 60 1
47 55 1
47 63 1
47 56 1
47 54 4
47 53 1
47 71 2
47 70 1
47 48 4
47 49 1
47 51 1
47 52 1
47 50 1
48 59 3
48 48 24
48 60 3
48 57 2
48 50 2
48 91 2
48 66 1
48 58 2
48 68 5
48 65 3
48 53 2
48 67 3
48 83 1
48 69 2
48 51 1
48 98 1
48 49 2
49 50 11
49 70 7
49 63 1
49 52 5
49 49 32
49 68 1
49 53 14
49 77 1
49 72 1
49 71 6
49 88 1
49 54 1
49 80 1
49 55 2
49 67 1
49 64 1
50 53 7
50 50 29
50 71 3
50 69 6
50 61 1
50 65 1
50 54 3
50 66 1
50 68 3
50 67 1
50 51 4
50 76 1
50 79 1
50 52 1
50 70 1
50 56 1
51 51 30
51 54 1
51 99 1
51 71 2
51 67 2
51 53 4
51 75 4
51 76 1
51 56 1
51 81 7
51 52 5
51 91 2
51 66 2
51 80 1
51 84 1
51 65 1
51 74 2
51 90 1
52 52 27
52 90 9
52 81 6
52 88 1
52 91 17
52 53 3
52 65 4
52 64 5
52 85 1
52 82 1
52 61 1
52 55 3
52 62 2
52 83 3
52 84 4
52 54 6
52 71 2
52 63 1
52 86 1
52 60 1
52 74 2
53 71 13
53 54 15
53 53 26
53 76 2
53 69 1
53 55 6
53 70 2
53 81 4
53 57 8
53 67 1
53 56 1
53 65 3
53 72 1
53 82 1
53 88 1
53 59 1
53 92 1
53 61 1
54 54 49
54 57 3
54 55 12
54 56 9
54 70 2
54 78 1
54 82 1
54 72 1
54 90 1
54 66 4
54 65 1
54 94 1
54 88 3
55 56 6
55 55 28
55 81 5
55 82 3
55 88 3
55 60 1
55 80 7
55 57 1
55 65 3
55 67 2
55 64 2
55 71 2
55 62 6
55 58 1
55 68 1
55 69 3
55 77 1
55 70 1
56 82 5
56 56 16
56 81 1
56 62 1
56 61 3
56 65 3
56 60 3
56 57 6
56 71 2
56 99 1
56 67 1
56 94 1
56 70 2
56 58 3
56 74 1
56 80 1
57 80 3
57 70 2
57 59 4
57 57 8
57 63 2
57 60 4
57 81 1
57 58 7
57 68 1
57 82 1
57 75 1
57 66 1
58 58 10
58 80 2
58 70 1
58 60 4
58 65 1
58 59 8
58 61 2
58 63 1
59 59 19
59 72 1
59 63 3
59 61 1
59 60 5
59 77 1
60 60 19
60 61 1
60 63 2
60 82 2
60 74 2
60 70 1
60 69 1
60 80 4
60 62 4
60 81 4
60 65 1
60 66 1
61 61 10
61 88 1
61 67 4
61 78 2
61 64 5
61 68 1
61 76 1
61 63 1
61 62 1
62 64 1
62 66 1
62 65 1
62 62 14
62 70 1
62 63 2
62 81 1
62 85 1
62 72 1
62 80 2
62 73 1
62 71 2
62 79 1
63 81 1
63 64 2
63 63 15
63 82 2
63 77 2
63 78 6
63 73 1
63 71 1
64 64 11
64 78 1
64 82 2
64 112 5
64 77 1
64 109 1
64 80 1
64 65 9
64 66 1
64 67 3
64 69 3
65 65 19
65 66 4
65 71 1
66 66 12
66 69 2
66 71 1
66 67 2
67 67 19
67 69 1
67 68 6
68 68 13
68 71 1
68 100 1
68 70 1
68 81 1
68 69 1
69 69 7
69 70 4
69 71 6
69 73 1
69 101 1
69 94 1
70 70 21
70 94 3
70 101 3
70 93 2
70 71 2
70 74 4
70 73 1
70 72 1
70 79 1
70 76 2
71 80 1
71 71 28
71 72 6
71 81 1
71 75 1
71 76 2
71 94 1
71 82 1
71 99 1
71 83 3
72 95 1
72 72 61
72 83 3
72 87 6
72 96 1
72 99 4
72 98 1
72 94 1
72 97 1
72 93 4
72 102 1
72 91 1
72 86 2
72 74 2
72 101 1
72 88 1
72 73 2
73 78 1
73 73 21
73 81 3
73 76 4
73 80 1
73 79 4
73 74 2
73 89 1
73 108 2
73 86 1
73 106 2
73 101 1
73 99 1
73 97 1
73 95 4
73 94 2
73 77 1
73 114 1
73 107 1
73 93 4
74 74 17
74 92 3
74 93 2
74 95 2
74 97 5
74 85 1
74 84 1
74 90 1
74 98 1
74 110 1
74 75 2
74 81 2
74 103 1
75 75 13
75 81 5
75 103 2
75 76 2
75 80 5
75 77 1
75 101 2
75 90 2
75 129 1
75 104 1
76 76 13
76 78 4
76 79 1
76 77 1
76 80 3
76 103 2
76 90 1
77 77 24
77 79 5
77 110 2
77 87 9
77 126 2
77 107 1
77 78 2
77 130 1
77 125 1
77 80 1
77 86 1
78 79 5
78 109 1
78 130 1
78 80 4
78 78 6
78 101 1
78 89 1
78 129 2
78 102 1
78 105 2
78 133 1
78 82 2
78 108 2
78 106 1
78 111 2
78 99 1
78 86 2
78 85 2
78 98 1
78 103 1
78 104 1
79 79 11
79 98 2
79 104 1
79 107 2
79 86 2
79 85 1
79 83 1
79 82 1
79 124 1
79 110 1
79 133 1
79 129 1
79 112 2
79 130 2
79 87 3
79 80 2
80 80 10
80 81 6
80 84 1
80 91 2
80 127 1
80 89 3
80 86 2
80 111 1
81 111 2
81 81 14
81 82 6
81 89 1
81 90 2
81 91 1
81 100 1
81 102 1
82 82 21
82 86 2
82 89 5
82 107 1
82 111 6
82 112 7
82 105 2
82 91 1
82 129 3
82 83 13
82 98 2
82 110 1
82 108 1
82 94 1
82 106 1
82 92 1
83 83 39
83 97 7
83 94 1
83 111 2
83 92 2
83 95 4
83 85 5
83 84 13
83 96 4
83 125 1
83 87 5
83 100 1
84 84 27
84 96 3
84 111 4
84 110 1
84 97 4
84 91 4
84 94 2
84 86 7
84 100 1
84 114 2
84 90 4
84 115 2
84 85 15
84 138 1
84 105 1
85 85 36
85 86 2
85 87 3
85 88 5
85 90 1
85 97 3
85 100 5
85 91 2
85 135 2
85 98 1
85 104 2
85 111 2
85 107 1
85 103 1
85 96 2
85 136 1
85 134 2
86 108 3
86 86 27
86 98 2
86 96 1
86 122 1
86 111 1
86 88 8
86 105 2
86 110 1
86 107 3
86 87 2
86 106 2
86 103 1
86 133 1
86 128 5
86 127 2
86 129 3
86 124 3
86 89 3
86 123 3
86 113 1
86 112 2
86 92 3
86 93 5
86 95 1
86 97 4
87 87 32
87 130 1
87 100 1
87 118 2
87 99 16
87 98 1
87 135 2
87 125 2
87 117 2
87 97 9
87 95 2
87 96 2
87 93 1
87 111 3
87 139 1
88 88 41
88 118 11
88 104 1
88 130 2
88 112 3
88 129 1
88 115 1
88 108 2
88 132 1
88 109 4
88 113 1
88 122 2
88 114 1
88 98 1
88 121 1
88 116 3
88 100 1
88 89 4
88 111 1
88 90 1
89 116 8
89 89 16
89 117 2
89 91 7
89 113 1
89 111 1
89 90 7
89 112 3
89 133 3
89 105 1
89 95 2
89 118 3
89 109 2
89 110 1
89 98 2
89 107 1
90 90 24
90 116 4
90 91 12
90 115 5
90 114 10
90 117 1
90 118 6
90 140 1
90 104 1
90 105 1
90 92 4
90 125 1
90 95 1
91 91 35
91 114 5
91 115 3
91 113 5
91 116 5
91 105 3
91 92 11
91 106 1
91 137 10
91 117 4
91 94 1
91 95 1
91 138 1
91 93 4
92 92 38
92 113 2
92 95 4
92 137 2
92 93 7
92 110 1
92 114 1
92 115 1
92 124 4
92 128 8
92 98 1
92 127 1
92 120 1
92 123 1
92 130 4
92 94 3
93 93 30
93 95 16
93 96 2
93 119 1
93 124 2
93 128 1
93 94 9
93 113 1
93 98 2
93 130 1
93 116 1
93 107 1
93 101 2
93 100 1
94 94 28
94 101 5
94 106 1
94 95 11
94 98 2
94 97 9
94 96 13
94 125 2
94 140 3
94 118 1
95 96 4
95 109 9
95 116 2
95 95 19
95 117 2
95 113 2
95 107 3
95 114 4
95 141 2
95 110 1
95 124 2
95 115 1
95 125 1
95 99 2
95 97 1
96 96 17
96 123 1
96 124 1
96 99 1
96 125 4
96 109 1
96 104 1
96 139 4
96 115 1
96 111 1
97 97 23
97 125 3
97 111 1
97 99 7
97 100 2
97 102 1
97 124 1
97 98 2
97 101 4
98 101 5
98 111 1
98 99 11
98 124 2
98 103 1
98 98 14
98 100 7
98 106 1
98 102 1
98 129 1
98 134 1
98 135 5
99 99 19
99 100 19
99 123 3
99 103 5
99 142 3
99 135 2
99 101 4
99 134 6
99 128 1
99 108 2
99 104 3
99 124 4
100 100 42
100 104 2
100 142 3
100 124 3
100 103 3
100 101 3
100 129 2
100 128 1
101 101 25
101 102 8
101 128 3
101 135 2
101 130 1
101 123 1
101 124 1
101 103 5
101 122 3
101 138 2
102 102 13
102 124 1
102 131 1
102 126 1
102 105 2
102 106 2
102 107 1
102 103 2
102 122 2
103 103 12
103 123 1
103 122 1
103 124 1
103 130 1
103 134 1
103 135 5
103 129 1
103 136 1
103 106 1
103 111 1
103 107 1
103 104 1
104 107 3
104 104 11
104 148 1
104 134 8
104 106 2
104 133 2
104 122 1
104 130 3
104 137 1
104 147 2
104 105 4
104 144 1
104 110 1
104 129 1
104 132 1
105 105 11
105 133 4
105 147 3
105 134 8
105 132 2
105 124 1
105 110 1
105 107 1
105 112 1
105 106 5
105 111 1
105 108 1
105 131 1
106 134 2
106 109 1
106 106 12
106 127 1
106 131 5
106 123 2
106 111 2
106 129 1
106 108 8
106 107 5
106 122 4
106 146 3
107 107 17
107 147 1
107 131 1
107 146 1
107 122 1
107 108 5
107 119 1
107 141 2
107 140 1
107 120 3
107 118 1
107 137 1
107 109 2
107 111 1
108 134 4
108 137 10
108 120 4
108 108 29
108 133 3
108 138 3
108 135 6
108 110 2
108 111 1
108 139 1
108 112 2
108 109 1
108 132 2
109 113 2
109 115 1
109 109 18
109 138 2
109 111 2
109 141 1
109 110 3
109 118 2
109 117 3
109 130 2
109 129 1
110 110 12
110 116 1
110 117 1
110 114 1
110 112 4
110 113 1
110 129 4
110 133 4
110 130 2
110 134 5
110 135 1
110 111 3
111 111 12
111 114 2
111 115 5
111 125 1
111 124 1
111 112 4
111 116 1
112 112 33
112 117 2
112 131 1
112 116 3
112 113 7
112 133 1
112 130 4
112 125 2
113 125 2
113 113 41
113 117 1
113 126 1
113 116 8
113 127 1
113 118 8
113 115 2
113 119 6
113 145 6
113 124 2
113 133 2
113 135 1
113 114 12
114 114 37
114 115 7
114 116 5
114 129 1
114 141 1
114 126 1
114 128 1
115 115 43
115 125 7
115 116 1
115 136 4
115 128 1
115 146 1
115 127 6
115 122 1
115 126 2
115 149 1
115 135 1
115 137 1
116 116 31
116 126 5
116 129 1
116 117 6
116 118 1
117 117 42
117 125 10
117 138 2
117 126 6
117 137 8
117 127 2
117 130 5
117 118 2
118 118 23
118 130 3
118 129 2
118 140 1
118 145 12
118 122 4
118 141 3
118 142 3
118 133 1
118 124 2
118 127 7
118 121 8
118 146 12
118 147 5
118 119 11
118 125 1
118 144 1
118 128 2
119 146 5
119 121 7
119 119 37
119 145 9
119 149 1
119 122 3
119 142 4
119 125 3
119 128 4
119 126 1
119 144 1
119 141 4
119 140 5
119 148 1
119 127 3
119 120 2
120 141 1
120 120 47
120 146 2
120 145 1
120 147 2
120 122 1
120 139 1
120 133 3
120 126 1
121 121 23
121 148 1
121 143 1
121 149 2
121 140 3
121 142 3
121 122 5
121 145 2
121 146 6
121 141 3
121 136 1
121 125 1
121 126 2
121 144 1
121 139 1
121 123 2
122 136 1
122 124 2
122 122 12
122 146 8
122 145 7
122 125 3
122 141 1
122 123 8
122 148 1
122 131 2
122 127 1
122 133 1
123 131 1
123 127 5
123 123 8
123 126 1
123 141 2
123 124 3
123 129 1
123 142 1
123 147 1
124 149 1
124 141 1
124 147 1
124 124 21
124 136 1
124 128 3
124 126 1
124 134 1
124 127 3
124 129 1
124 146 1
125 125 36
125 144 3
125 149 1
125 147 1
125 131 1
125 146 1
125 127 2
125 145 4
125 126 18
125 133 1
125 128 1
125 129 1
125 130 2
125 139 1
125 140 3
126 126 36
126 144 6
126 127 17
126 130 3
126 140 2
126 141 3
126 131 3
126 137 1
126 149 1
126 135 1
126 129 1
126 128 3
126 145 2
127 137 3
127 146 8
127 127 43
127 131 12
127 129 2
127 145 4
127 128 10
128 128 37
128 146 2
128 145 2
128 131 1
128 134 2
128 136 4
128 135 4
128 129 9
128 130 1
128 148 2
128 149 1
129 135 4
129 130 6
129 134 1
129 129 11
129 148 1
129 133 2
129 132 1
129 141 1
130 130 7
130 131 2
130 134 3
131 131 21
131 135 1
131 137 3
131 146 1
131 132 2
131 143 1
132 132 14
132 133 6
132 147 5
132 136 4
133 133 13
133 148 1
133 134 6
133 147 1
134 134 20
134 147 4
134 148 4
134 135 2
135 137 6
135 135 39
135 148 3
135 136 18
135 149 1
136 136 38
136 137 4
136 149 5
136 148 1
136 138 3
136 139 2
136 147 1
136 141 1
137 141 1
137 137 28
137 143 7
137 138 8
137 147 1
137 145 2
137 144 10
137 146 1
138 146 1
138 138 27
138 147 6
138 139 6
138 148 3
138 140 7
138 142 2
139 140 11
139 141 4
139 139 19
139 147 7
139 145 1
139 149 2
140 140 26
140 141 7
140 142 9
140 148 1
140 145 3
140 149 1
141 141 13
141 143 5
141 142 1
141 145 1
141 146 1
141 144 2
141 149 1
142 142 30
142 143 5
142 144 1
143 143 37
143 144 15
143 148 10
143 147 1
143 149 2
143 146 1
144 146 3
144 144 41
144 145 4
144 147 1
144 149 2
145 145 39
145 146 18
145 147 1
145 149 1
146 146 36
146 148 3
146 147 9
147 147 25
147 148 11
147 149 1
148 148 35
148 149 7
149 149 8
