3 3 44
3 14 3
3 17 3
3 13 5
3 16 2
3 15 3
3 4 10
4 13 1
4 18 2
4 4 38
4 38 3
4 15 4
4 16 13
4 29 2
4 19 6
4 6 1
4 23 1
4 5 2
4 11 2
4 24 1
4 34 1
4 37 3
5 5 16
5 24 4
5 42 2
5 36 5
5 6 11
5 35 1
5 34 1
5 7 1
5 23 2
6 6 42
6 23 2
6 24 2
6 19 1
6 13 1
6 10 2
6 14 1
6 16 1
6 7 5
6 38 1
6 29 1
7 7 6
7 37 2
7 10 1
8 10 1
8 13 1
10 36 1
10 29 1
10 37 3
10 38 1
10 27 1
10 28 1
10 13 1
10 10 9
10 11 3
10 15 2
10 16 1
11 16 1
11 12 4
11 28 3
11 14 2
11 15 1
11 11 5
12 12 12
12 27 1
12 13 2
12 18 2
12 15 2
12 14 2
12 16 2
13 16 5
13 13 9
13 15 1
13 37 1
13 14 1
13 38 1
14 14 13
14 17 2
14 29 1
14 18 1
15 15 5
15 18 3
15 19 1
15 16 1
15 38 1
16 16 44
16 37 2
16 38 1
16 19 5
16 27 2
16 25 3
16 28 2
16 29 1
17 17 10
17 25 1
17 18 5
17 42 1
18 18 25
18 42 1
18 25 7
18 23 2
18 19 11
18 27 1
18 33 1
18 30 1
19 19 60
19 30 16
19 25 5
19 31 2
19 27 4
19 23 1
19 29 2
19 24 4
19 65 1
19 34 1
19 37 5
19 63 2
19 20 1
19 41 3
19 36 6
19 26 1
19 39 1
20 20 1
20 31 2
20 37 3
20 39 1
22 42 1
22 38 1
23 31 1
23 23 8
23 29 2
23 24 2
23 52 1
24 40 1
24 44 7
24 35 1
24 24 46
24 29 4
24 46 5
24 45 1
24 34 6
24 54 1
24 48 1
24 65 1
24 66 6
24 37 1
24 25 6
24 62 1
24 64 2
24 42 1
24 63 1
25 46 12
25 64 2
25 25 35
25 42 4
25 41 1
25 30 1
25 44 1
25 29 4
25 40 1
25 45 2
25 28 2
25 36 5
25 27 8
25 38 3
25 34 1
25 37 5
25 26 3
25 63 1
26 26 13
26 41 9
26 42 8
26 40 6
26 38 1
26 27 1
26 43 4
26 51 3
26 36 8
26 39 3
27 40 2
27 36 3
27 44 1
27 41 3
27 27 44
27 52 1
27 53 1
27 42 1
27 28 15
27 37 1
27 32 1
27 55 1
27 63 1
27 43 2
28 28 66
28 45 4
28 43 2
28 46 1
28 44 1
28 30 2
29 29 33
29 30 3
29 42 2
29 43 4
29 44 8
29 46 3
29 40 5
29 38 4
29 35 3
29 37 5
29 41 1
29 52 1
29 36 1
29 53 1
29 54 2
30 30 63
30 34 4
30 45 14
30 44 1
30 98 4
30 57 3
30 58 1
30 62 2
30 99 2
30 47 1
30 63 1
30 48 3
30 54 1
30 55 2
30 40 1
30 42 1
30 41 2
30 67 1
30 61 2
30 64 1
31 31 13
31 41 2
31 40 3
31 52 3
31 54 3
31 50 3
31 57 3
31 48 1
31 49 1
31 58 5
31 34 1
31 62 2
31 47 1
31 56 1
32 49 1
32 61 1
32 33 5
32 52 1
33 33 12
33 54 1
33 40 1
33 34 1
33 35 2
33 51 1
34 34 41
34 53 2
34 67 1
34 35 14
34 65 5
34 63 1
34 64 1
34 47 1
34 66 1
34 36 1
34 40 2
34 49 2
34 46 1
34 48 1
34 99 3
35 35 37
35 64 1
35 92 1
35 99 5
35 65 2
35 40 2
35 51 1
35 43 2
35 36 15
35 46 1
35 61 1
36 36 28
36 38 1
36 37 5
36 39 3
36 41 1
36 52 1
36 43 1
37 37 27
37 43 1
37 50 2
37 51 2
37 64 17
37 39 5
37 52 3
37 63 2
37 54 2
37 66 1
37 55 1
37 49 1
37 38 3
37 60 1
37 47 1
37 80 1
38 38 19
38 64 1
38 58 1
38 60 2
38 47 2
38 39 2
38 41 1
38 51 1
38 50 1
38 62 1
38 48 1
39 50 1
39 40 7
39 39 9
39 64 2
39 52 2
39 41 2
39 49 2
39 51 2
39 61 1
39 42 2
40 52 8
40 40 27
40 47 1
40 41 9
40 64 1
40 43 1
40 50 3
40 49 1
40 53 1
40 44 7
40 80 1
40 46 1
40 42 2
41 41 22
41 51 6
41 43 5
41 47 4
41 42 4
41 53 1
41 64 2
41 63 1
41 52 2
41 49 2
42 42 11
42 52 3
42 44 1
42 64 1
42 43 6
43 46 4
43 43 26
43 44 11
43 63 3
43 64 1
43 45 1
43 51 2
43 50 8
43 49 4
43 65 5
43 47 1
43 81 1
44 60 1
44 52 3
44 49 1
44 59 1
44 44 45
44 50 1
44 45 12
44 63 3
44 64 6
44 65 11
44 66 4
44 46 13
44 62 2
44 79 1
44 80 3
44 81 1
45 45 73
45 96 1
45 80 2
45 46 4
45 99 1
45 73 1
45 64 3
46 46 39
46 49 2
46 48 4
46 65 4
46 79 19
46 66 3
46 67 4
46 81 9
46 71 1
46 98 2
46 72 1
46 99 1
46 51 1
46 47 1
47 47 15
47 50 4
47 67 2
47 81 4
47 58 3
47 51 4
47 98 2
47 78 3
47 62 1
47 101 1
47 77 2
47 64 3
47 54 1
47 57 1
47 60 3
47 59 3
47 48 4
47 56 1
47 71 1
48 60 2
48 59 8
48 56 3
48 48 14
48 58 1
48 51 5
48 63 6
48 64 2
48 50 6
48 54 3
48 57 2
48 61 3
48 55 1
48 79 5
48 49 2
48 78 1
48 67 3
48 76 2
48 74 1
48 82 1
49 63 4
49 50 9
49 93 1
49 89 2
49 65 6
49 56 15
49 49 28
49 62 1
49 54 2
49 66 6
49 64 6
49 52 2
49 55 2
49 59 1
49 73 2
49 72 1
49 100 1
50 63 4
50 50 16
50 51 11
50 61 1
50 59 4
50 60 4
50 62 1
50 58 1
50 72 1
50 64 4
50 52 2
50 53 2
50 66 1
50 67 1
51 51 15
51 60 1
51 61 3
51 78 1
51 59 1
51 52 2
51 67 2
51 64 2
51 53 1
51 56 1
51 66 1
52 52 12
52 55 1
52 53 4
52 64 3
52 61 1
52 54 1
52 66 2
52 89 1
53 53 12
53 77 1
53 74 1
53 94 2
53 84 2
53 67 2
53 54 1
53 66 3
53 87 1
53 75 1
54 55 3
54 54 12
54 64 2
54 75 1
54 85 1
54 74 2
54 65 1
54 63 1
54 61 1
54 60 2
54 62 2
55 60 1
55 55 22
55 74 1
55 57 3
55 70 1
55 63 2
55 62 4
55 58 5
55 56 9
56 62 2
56 58 4
56 63 8
56 56 13
56 73 2
56 80 1
56 72 6
56 57 9
56 59 1
56 71 5
56 79 5
56 81 2
56 82 1
56 88 1
56 68 1
56 69 1
57 58 7
57 78 5
57 57 14
57 66 1
57 81 2
57 68 1
57 93 3
57 79 1
57 61 1
57 63 2
57 92 2
57 87 1
57 95 1
58 58 15
58 84 1
58 93 1
58 98 2
58 78 4
58 61 2
58 77 1
58 59 4
58 63 3
58 60 2
58 79 1
58 81 1
58 62 1
58 67 1
58 71 1
58 72 1
59 72 2
59 60 1
59 73 2
59 59 6
59 81 2
59 80 1
60 60 17
60 72 1
60 99 1
60 62 2
60 66 1
60 67 2
60 63 1
61 61 10
61 62 7
61 93 1
61 100 1
61 67 1
61 81 3
62 62 12
62 81 1
62 99 1
62 98 2
62 78 1
62 65 1
62 63 3
62 66 1
62 64 2
62 67 1
63 65 1
63 63 16
63 78 1
63 64 12
63 86 1
63 80 2
63 79 1
63 89 1
63 66 1
64 64 23
64 87 1
64 66 10
64 65 14
64 81 1
64 74 1
64 88 1
64 121 1
64 73 1
65 82 2
65 79 4
65 65 29
65 73 4
65 89 3
65 80 3
65 74 1
65 66 8
66 66 29
66 79 2
66 81 1
66 82 1
66 73 4
66 67 3
66 84 1
66 83 2
66 74 2
66 87 1
66 94 2
66 72 1
67 81 6
67 83 3
67 74 2
67 67 24
67 77 2
67 68 3
67 98 1
67 78 6
67 73 6
67 84 5
67 88 1
67 99 2
67 70 2
67 122 1
67 123 1
67 72 1
68 77 2
68 68 27
68 81 1
68 98 4
68 76 4
68 73 2
68 75 5
68 71 6
68 96 4
68 83 1
68 69 6
68 101 2
68 100 6
68 82 4
68 72 6
68 120 1
68 90 2
68 99 1
69 69 21
69 72 3
69 82 3
69 101 7
69 85 1
69 99 2
69 96 3
69 122 2
69 70 3
69 98 1
69 121 1
69 74 4
69 115 1
69 91 1
69 119 1
69 79 1
69 86 1
70 79 2
70 71 6
70 74 5
70 97 10
70 101 4
70 70 18
70 109 1
70 89 2
70 85 4
70 120 3
70 72 8
70 91 2
70 80 3
70 100 1
70 96 1
70 83 1
70 108 2
70 73 1
71 73 5
71 89 2
71 74 2
71 71 13
71 82 1
71 72 9
71 99 1
71 101 3
71 79 1
71 122 1
71 95 1
71 86 1
71 98 1
71 96 1
71 118 1
71 94 1
71 91 1
71 88 1
72 120 1
72 88 1
72 96 2
72 74 1
72 72 16
72 73 9
72 101 2
72 84 1
72 98 2
72 122 3
72 85 1
73 73 35
73 90 2
73 98 1
73 79 3
73 89 2
73 119 1
73 75 2
73 99 1
73 80 2
73 83 1
73 74 2
73 82 2
74 98 6
74 82 9
74 74 15
74 94 1
74 93 3
74 83 1
74 89 1
74 79 1
74 101 7
74 90 4
74 124 2
74 100 4
74 76 3
74 75 2
74 122 1
74 107 2
74 97 3
74 119 1
74 91 2
75 75 31
75 107 3
75 81 2
75 93 2
75 76 7
75 90 3
75 106 4
75 85 4
75 78 1
75 112 1
75 77 1
75 82 2
75 83 3
75 110 1
75 99 6
75 89 3
75 101 1
75 84 3
76 81 2
76 82 6
76 84 2
76 79 2
76 76 10
76 100 1
76 83 2
76 90 1
76 109 1
76 92 6
76 93 1
76 91 3
76 99 1
77 77 12
77 141 2
77 82 8
77 143 1
77 91 1
77 78 18
77 135 1
77 81 2
77 92 2
77 112 1
78 82 1
78 78 20
78 91 5
78 102 1
78 81 12
78 90 3
78 79 8
78 80 1
78 93 1
78 86 1
78 99 4
78 101 1
79 87 2
79 79 33
79 90 2
79 99 1
79 80 4
79 81 2
79 89 2
79 83 1
79 98 3
79 91 1
80 80 53
80 101 4
80 97 5
80 109 1
80 126 3
80 127 3
80 98 1
80 81 3
81 81 19
81 98 3
81 90 4
81 99 1
81 82 5
81 87 1
81 102 1
81 110 1
82 82 22
82 89 5
82 122 1
82 84 2
82 107 5
82 94 3
82 93 3
82 91 1
82 95 2
82 100 1
82 120 1
82 88 3
82 85 3
82 83 5
82 98 1
83 93 1
83 106 3
83 83 39
83 85 1
83 84 17
83 99 1
83 94 5
83 100 1
84 84 23
84 94 1
84 89 3
84 106 1
84 122 9
84 101 3
84 109 3
84 100 2
84 99 2
84 123 1
84 126 1
84 120 2
84 85 3
84 110 1
85 109 3
85 85 8
85 107 1
85 120 1
85 87 2
85 106 2
85 108 1
85 86 4
85 124 1
85 90 1
85 101 1
85 97 4
85 115 2
85 91 1
85 92 1
85 99 1
85 100 1
86 86 9
86 87 7
86 110 3
86 105 2
86 96 4
86 92 1
86 121 4
86 122 2
86 88 1
86 119 1
86 112 1
87 87 12
87 96 2
87 106 1
87 93 1
87 88 3
87 105 1
87 100 3
87 122 1
87 90 2
87 112 3
88 92 5
88 89 8
88 88 13
88 112 4
88 120 2
88 95 7
88 90 4
88 94 1
88 96 2
88 119 2
88 111 3
89 93 2
89 95 3
89 89 19
89 120 2
89 119 2
89 102 1
89 92 1
89 113 1
89 96 2
89 123 1
89 112 5
89 91 1
89 100 2
89 90 1
90 100 3
90 90 19
90 124 2
90 125 1
90 126 1
90 91 7
90 97 3
90 93 2
90 118 1
90 110 3
90 95 2
90 123 2
90 109 2
90 122 1
91 91 15
91 108 4
91 109 1
91 106 1
91 124 1
91 107 3
91 93 2
91 123 1
91 126 1
91 92 4
91 100 1
91 143 1
92 104 7
92 92 19
92 108 1
92 112 3
92 113 1
92 115 1
92 109 4
92 118 2
92 102 1
92 119 1
92 96 2
93 118 1
93 111 2
93 93 17
93 95 4
93 94 4
93 106 2
93 120 2
93 110 1
93 98 1
93 108 1
94 94 14
94 113 1
94 106 1
94 95 1
94 122 6
94 117 1
95 106 1
95 118 2
95 123 4
95 95 25
95 111 1
95 96 4
95 120 2
95 119 1
95 113 1
96 120 3
96 96 21
96 123 11
96 113 2
96 124 3
96 103 2
96 109 3
96 119 6
96 104 1
96 115 2
96 125 1
96 118 1
96 105 1
96 101 3
96 97 6
96 99 3
96 121 2
97 100 5
97 120 1
97 97 30
97 99 1
97 124 1
97 115 1
97 109 5
97 121 2
97 98 1
97 108 4
97 118 1
97 101 6
97 144 4
97 122 1
97 126 2
97 125 1
97 145 4
97 106 1
98 145 2
98 98 51
98 118 5
98 121 2
98 101 8
98 99 15
98 127 1
98 107 1
98 120 2
99 99 42
99 121 2
99 123 1
99 114 1
99 118 2
99 115 3
99 117 1
99 144 1
99 101 2
99 116 1
99 100 5
99 126 1
99 119 2
100 100 22
100 101 14
100 119 1
100 107 1
100 120 3
100 115 2
100 109 2
100 106 1
100 124 1
100 114 2
100 111 1
100 144 1
100 112 2
100 126 6
100 118 2
100 143 1
100 116 4
100 127 2
101 101 31
101 116 1
101 115 3
101 110 1
101 118 2
101 102 2
101 124 1
101 121 1
101 122 1
101 130 1
101 126 4
102 102 28
102 133 1
102 130 6
102 126 1
102 131 11
102 105 8
102 138 4
102 125 5
102 104 4
102 109 1
102 127 1
102 103 1
103 103 12
103 118 4
103 105 3
103 104 5
103 120 2
103 124 1
103 121 1
103 130 2
103 119 3
103 116 1
103 109 1
103 113 3
103 112 1
103 127 3
104 104 24
104 109 10
104 113 4
104 115 1
104 105 4
104 125 5
104 130 1
104 118 1
104 121 1
105 118 4
105 131 3
105 105 17
105 117 1
105 125 12
105 109 5
105 110 5
105 133 1
106 106 9
106 119 2
106 121 3
106 115 2
106 133 1
106 109 3
106 122 1
106 111 5
106 144 1
106 108 1
106 107 3
107 144 1
107 111 1
107 124 6
107 142 1
107 107 25
107 136 1
107 137 2
107 125 1
107 133 1
107 108 8
107 138 3
107 130 1
108 143 5
108 108 16
108 136 1
108 109 7
108 111 1
108 124 4
108 142 3
108 137 1
108 145 2
108 144 1
108 117 1
109 109 24
109 117 6
109 124 3
109 142 1
109 145 2
109 118 3
109 113 1
109 111 4
109 115 3
109 110 5
109 125 3
109 122 5
109 123 1
109 121 1
109 120 1
110 110 29
110 120 2
110 111 8
110 118 6
110 116 4
110 121 4
110 129 1
110 140 5
110 131 6
110 115 1
110 132 1
110 135 1
110 122 1
111 116 2
111 118 3
111 145 7
111 111 34
111 128 1
111 122 1
111 144 5
111 113 1
111 119 7
111 120 4
111 117 2
111 121 1
111 139 1
111 114 1
111 112 4
111 142 5
111 143 3
111 137 2
111 136 4
112 112 44
112 113 16
112 143 1
112 125 1
112 120 1
112 118 5
112 135 1
112 117 1
112 119 2
113 113 40
113 125 3
113 119 1
113 120 1
113 122 1
113 142 3
113 116 3
113 118 2
113 117 14
113 135 2
113 128 4
113 114 7
113 133 1
113 115 1
114 116 3
114 114 35
114 132 6
114 117 5
114 128 2
114 142 6
114 115 2
114 133 1
115 117 3
115 142 5
115 145 3
115 115 25
115 128 5
115 144 3
115 116 4
115 122 2
115 120 3
115 121 1
115 119 1
115 118 1
116 128 6
116 116 31
116 118 1
116 144 1
116 140 13
116 117 9
116 135 1
116 119 1
116 121 4
117 121 16
117 117 40
117 118 7
117 134 5
117 135 8
117 133 2
117 122 5
117 142 5
117 144 2
118 118 31
118 121 11
118 125 2
118 124 2
118 123 5
118 122 6
118 136 1
118 144 1
118 119 10
118 120 2
118 135 1
119 121 9
119 119 25
119 120 7
119 125 2
119 124 1
119 123 2
119 122 8
119 144 1
120 120 22
120 122 1
120 123 1
120 121 2
121 121 31
121 122 5
121 144 4
121 127 1
122 122 39
122 123 4
123 123 46
123 126 2
123 124 6
123 138 1
123 125 1
123 143 7
123 144 4
123 137 1
123 139 3
123 141 2
123 136 1
123 140 3
124 143 3
124 144 2
124 140 1
124 124 21
124 128 4
124 137 1
124 135 8
124 136 10
124 141 1
124 134 1
124 125 7
124 138 3
124 139 2
125 138 12
125 136 2
125 125 35
125 139 11
125 126 4
125 137 1
125 127 1
126 126 44
126 127 11
126 140 1
126 141 4
126 136 1
127 127 50
127 130 2
127 131 2
127 141 3
127 139 3
127 144 1
127 140 3
127 137 1
128 128 20
128 142 4
128 137 1
128 136 6
128 133 2
128 134 2
128 141 8
128 135 2
128 143 1
128 140 5
128 132 7
128 131 2
128 129 6
129 132 11
129 131 23
129 140 3
129 129 29
129 133 6
129 135 14
129 144 1
129 130 12
129 134 2
130 130 29
130 135 2
130 131 7
130 140 6
130 141 3
130 139 6
130 145 1
130 144 3
130 132 3
130 136 1
130 142 1
131 131 19
131 140 3
131 138 2
131 135 12
131 134 3
131 144 2
131 145 2
131 133 3
131 132 7
132 139 3
132 132 34
132 134 10
132 144 4
132 141 1
132 135 3
132 136 8
132 133 10
132 137 1
132 142 1
132 143 1
133 133 34
133 144 16
133 143 9
133 141 1
133 139 3
133 138 4
133 134 16
133 142 5
133 140 1
133 137 1
133 135 1
133 136 2
134 136 4
134 143 6
134 141 3
134 135 8
134 134 24
134 138 9
134 137 9
134 142 1
135 135 24
135 136 6
135 137 1
135 141 1
135 142 1
135 143 11
135 140 1
136 136 33
136 137 13
136 143 4
136 138 1
136 144 4
136 142 1
137 137 28
137 144 8
137 143 12
137 142 4
137 138 16
137 139 3
138 138 29
138 144 3
138 139 8
138 143 8
139 139 27
139 144 9
139 141 7
139 143 4
139 145 2
139 140 2
139 142 1
140 140 30
140 141 15
140 144 1
141 141 48
141 144 5
141 142 2
141 143 5
141 145 1
142 142 35
142 144 5
143 143 36
143 144 6
144 144 36
144 145 11
145 145 11
