3 4 16
3 3 34
3 20 1
3 8 1
3 9 4
3 17 1
3 33 3
3 16 1
3 30 1
3 27 2
3 31 6
3 21 3
3 22 1
3 24 1
3 35 1
4 4 22
4 21 5
4 20 1
4 33 1
4 31 3
4 6 2
4 9 3
4 8 2
4 27 3
4 17 1
4 5 2
5 5 13
5 6 3
5 31 1
5 7 3
5 16 2
5 17 1
6 6 10
6 36 1
6 17 7
6 27 1
6 7 2
7 16 2
7 17 1
7 27 1
7 8 8
7 7 18
7 18 1
7 24 1
7 14 1
7 23 1
7 9 1
8 14 8
8 8 30
8 24 1
8 11 1
8 25 2
8 9 6
8 12 4
8 16 4
8 18 2
8 36 2
8 30 1
8 17 1
9 9 35
9 17 4
9 18 1
9 13 2
9 21 1
9 24 9
9 29 2
9 28 4
9 20 1
9 10 2
9 22 1
9 23 4
9 12 1
10 11 8
10 10 38
10 27 1
10 18 4
10 14 11
10 24 3
10 25 2
10 22 2
10 66 1
10 74 1
10 67 1
10 20 1
11 11 32
11 25 5
11 13 1
11 23 5
11 12 9
11 22 4
11 24 1
11 16 1
11 33 1
12 12 33
12 15 2
12 23 2
12 22 9
12 47 1
12 36 3
12 18 2
12 33 1
12 37 1
12 17 1
12 69 1
12 73 2
12 39 3
12 24 1
12 25 1
12 13 2
12 35 1
13 13 44
13 22 5
13 36 2
13 18 2
13 26 13
13 34 1
13 33 1
13 31 1
13 86 1
13 25 2
13 77 1
13 20 2
13 27 2
13 40 2
13 14 3
13 21 1
14 40 7
14 18 14
14 73 1
14 14 27
14 21 2
14 88 3
14 15 8
14 31 3
14 23 1
14 24 3
14 16 1
14 36 1
14 17 1
15 15 28
15 38 3
15 88 3
15 40 2
15 30 5
15 16 8
15 31 5
15 18 1
15 17 1
15 36 2
15 35 5
15 28 2
15 47 1
15 27 2
15 22 3
15 39 3
15 20 1
15 34 2
15 37 1
16 38 4
16 37 5
16 22 3
16 23 5
16 17 7
16 31 1
16 73 1
16 16 12
16 36 1
16 19 1
16 76 3
16 30 1
16 21 2
16 39 1
16 27 1
17 41 1
17 76 1
17 27 2
17 30 3
17 17 10
17 36 4
17 46 1
17 31 1
17 32 1
17 75 1
17 18 4
18 36 8
18 18 28
18 37 1
18 22 3
18 39 1
18 88 2
18 40 2
18 35 4
18 47 2
18 34 3
18 19 3
18 33 1
19 32 5
19 34 2
19 19 17
19 40 5
19 26 1
19 46 1
19 28 1
19 21 3
19 41 1
19 44 2
19 42 1
19 20 1
19 33 2
19 47 2
19 30 3
19 36 2
19 31 1
20 29 1
20 47 1
20 26 2
20 34 1
20 20 1
20 21 2
20 28 1
21 22 4
21 36 1
21 27 2
21 21 2
21 23 3
22 23 9
22 22 44
22 25 4
22 36 3
22 47 1
22 37 3
22 24 1
23 37 2
23 23 39
23 25 2
23 26 3
23 24 11
24 24 33
24 29 1
24 25 15
24 26 1
25 25 41
25 26 6
25 29 1
25 27 1
25 34 1
25 35 1
26 26 34
26 34 12
26 40 3
26 35 2
26 27 4
26 29 1
26 41 1
26 47 2
26 28 1
27 34 3
27 27 22
27 29 5
27 35 5
27 30 12
27 47 5
27 28 3
27 39 1
27 38 1
27 31 1
28 28 13
28 30 1
28 29 3
28 44 8
28 45 2
28 31 7
28 46 2
28 32 3
29 29 12
29 44 2
29 31 1
29 46 1
29 30 2
29 38 1
30 30 17
30 66 1
30 74 1
30 35 2
30 125 1
30 88 1
30 31 2
31 120 1
31 40 1
31 35 7
31 36 1
31 46 5
31 31 9
31 33 5
31 44 2
31 45 4
31 34 1
31 32 1
31 50 2
31 49 3
32 33 4
32 32 16
32 35 6
32 47 3
32 42 1
32 38 2
32 37 2
32 45 1
32 36 4
32 40 2
32 39 1
32 48 1
32 46 4
32 41 3
33 33 27
33 41 7
33 35 8
33 42 2
33 76 1
33 34 7
33 36 5
33 40 2
33 44 1
33 37 1
34 34 39
34 70 1
34 35 13
34 50 1
34 75 1
34 41 1
34 47 1
35 35 33
35 69 1
35 72 1
35 47 2
35 88 1
35 36 4
36 36 28
36 40 2
36 88 1
36 50 1
36 38 2
36 37 3
37 37 14
37 68 2
37 47 1
37 38 5
37 67 2
37 45 1
37 53 1
38 39 5
38 38 9
38 69 1
38 65 3
38 68 3
38 50 1
38 64 1
38 67 2
38 78 1
38 43 1
38 106 1
38 40 1
38 88 1
38 87 1
38 66 1
38 89 1
39 39 15
39 72 1
39 89 5
39 88 1
39 70 1
39 40 2
39 68 3
39 43 1
39 67 1
39 73 2
39 44 1
39 66 1
40 43 4
40 68 1
40 67 2
40 40 14
40 49 1
40 44 11
40 88 1
40 106 1
40 41 6
40 42 1
40 77 1
40 50 1
40 65 1
40 47 1
41 66 1
41 41 23
41 43 1
41 59 1
41 85 1
41 77 7
41 46 2
41 65 2
41 64 3
41 78 2
41 42 2
41 44 1
41 76 2
41 70 1
42 48 1
42 42 11
42 107 1
42 54 1
42 43 7
42 77 1
42 55 2
42 50 1
42 52 1
42 51 1
42 65 3
42 76 1
42 67 1
42 66 1
42 92 3
42 45 1
43 43 18
43 61 3
43 66 1
43 44 5
43 50 3
43 54 2
43 101 1
43 91 2
43 104 1
43 53 1
43 64 4
43 77 1
43 68 1
44 44 9
44 65 5
44 53 3
44 69 1
44 51 1
44 52 1
44 45 1
44 68 7
44 47 1
44 50 1
44 66 2
44 46 4
44 55 1
44 67 1
44 70 1
45 90 1
45 47 1
45 45 30
45 67 5
45 49 9
45 66 5
45 56 1
45 53 1
45 85 1
45 46 4
45 48 3
45 50 1
46 77 1
46 46 30
46 66 3
46 50 1
46 47 10
46 49 2
46 48 7
46 65 2
46 121 1
46 61 1
46 70 1
46 112 1
46 117 6
46 68 1
46 55 1
46 56 1
46 100 1
46 84 1
47 117 4
47 65 3
47 47 24
47 49 2
47 50 1
47 87 1
47 119 1
47 100 1
47 51 1
47 48 1
47 68 1
47 112 1
47 72 1
48 48 24
48 67 1
48 49 2
49 49 21
49 85 5
49 50 4
49 53 1
49 84 1
49 55 1
49 51 1
49 52 1
50 57 3
50 50 18
50 71 1
50 52 2
50 54 4
50 53 6
50 55 3
50 65 4
50 51 3
50 67 1
50 66 1
50 79 2
50 56 2
50 68 1
50 58 2
50 99 1
50 59 1
50 92 1
51 54 1
51 59 4
51 51 7
51 101 1
51 52 3
51 76 2
51 57 3
51 84 1
51 85 1
51 58 3
51 53 1
51 77 1
52 57 1
52 55 3
52 56 3
52 52 13
52 77 6
52 71 1
52 78 3
53 53 9
53 110 1
53 78 1
53 68 4
53 56 1
53 70 1
53 59 2
53 58 1
53 55 2
53 71 1
53 65 2
53 89 2
53 92 1
53 87 1
53 64 5
53 54 1
54 89 1
54 68 1
54 77 7
54 54 8
54 65 2
54 64 13
54 78 1
54 55 5
54 73 1
54 85 1
54 88 1
54 61 1
54 66 1
54 90 1
55 64 1
55 55 13
55 79 1
55 66 2
55 56 5
55 78 1
55 92 3
55 63 1
55 59 2
55 88 1
56 65 1
56 56 12
56 57 3
56 72 2
56 71 2
56 58 2
56 76 1
56 79 3
56 70 1
56 78 3
56 66 2
56 84 1
56 77 3
56 74 1
56 90 3
56 64 1
56 82 2
56 61 1
56 87 1
57 90 3
57 57 22
57 89 1
57 74 10
57 58 6
57 62 1
57 64 2
57 82 1
57 73 2
57 71 6
57 84 1
57 79 4
57 78 1
58 58 11
58 65 1
58 71 1
58 78 2
58 70 2
58 79 1
58 85 1
58 76 1
58 68 3
58 59 2
58 74 1
58 67 1
58 90 1
58 84 2
58 110 1
58 109 2
59 66 1
59 77 1
59 59 9
59 70 1
59 109 1
59 68 2
59 63 3
59 94 1
59 65 1
59 92 3
59 110 6
59 82 1
59 78 1
59 84 1
59 62 2
59 71 1
59 85 1
59 93 1
59 83 2
60 60 26
60 61 6
60 70 3
60 80 2
60 93 2
60 82 2
60 91 2
60 71 2
60 63 2
60 89 3
60 87 1
60 92 4
61 61 35
61 89 9
61 87 4
61 92 1
61 107 1
61 88 5
61 69 3
61 62 4
61 110 1
61 63 3
61 83 2
61 71 5
61 86 1
61 64 3
61 70 1
61 93 1
62 62 12
62 71 1
62 78 4
62 110 1
62 91 2
62 75 1
62 84 2
62 86 7
62 93 4
62 83 5
62 79 2
62 108 1
62 87 1
62 92 5
62 77 1
62 88 3
62 81 2
62 80 2
62 109 1
62 82 1
62 85 1
63 68 1
63 86 4
63 79 1
63 63 12
63 109 1
63 84 1
63 71 3
63 78 1
63 91 1
63 108 2
63 93 1
63 64 1
63 85 1
63 74 1
63 107 3
63 105 1
64 80 2
64 66 2
64 67 7
64 77 6
64 85 1
64 64 12
64 73 2
64 119 1
64 93 2
64 79 2
64 94 1
64 78 6
64 105 1
64 65 3
64 111 1
64 70 2
64 69 1
65 69 2
65 68 3
65 65 11
65 66 6
65 90 1
65 103 1
65 105 1
65 74 1
65 73 2
66 66 19
66 74 1
66 67 4
66 103 2
66 122 1
66 68 4
66 78 2
66 110 1
66 88 1
66 71 1
66 82 1
67 67 25
67 87 1
67 77 1
67 68 3
67 123 1
67 76 1
67 69 2
67 71 1
68 77 3
68 68 27
68 71 2
68 76 2
68 69 6
68 120 5
68 85 2
68 109 1
68 84 1
68 70 2
68 110 1
68 78 2
68 108 1
69 69 32
69 70 8
69 88 1
69 80 5
69 79 2
69 71 2
70 70 56
70 95 4
70 121 1
70 104 2
70 110 3
70 78 3
70 79 2
70 84 2
70 93 5
70 81 1
70 71 1
71 71 16
71 76 2
71 77 4
71 78 6
71 79 1
71 74 1
71 105 1
71 85 3
71 104 1
71 75 2
71 107 1
71 103 1
71 94 4
71 84 2
71 80 1
71 82 2
71 100 1
71 110 1
71 91 1
71 95 1
71 119 1
71 72 2
71 121 1
72 72 36
72 85 1
72 109 1
72 95 1
72 126 1
72 119 2
72 73 4
72 125 8
72 105 3
72 124 4
72 120 1
72 88 3
72 83 2
72 77 1
72 89 4
72 129 1
73 73 10
73 82 1
73 88 4
73 84 1
73 108 1
73 90 3
73 74 13
73 91 1
73 76 1
73 96 2
73 105 1
74 74 20
74 90 3
74 76 2
74 97 1
74 93 1
74 75 10
74 77 1
74 122 1
74 79 1
74 96 1
74 85 1
75 94 4
75 75 23
75 85 1
75 81 1
75 106 1
75 104 4
75 119 1
75 121 2
75 95 4
75 76 3
75 118 1
75 116 3
75 101 1
75 98 2
75 100 2
75 114 1
76 76 17
76 96 7
76 97 1
76 121 3
76 102 2
76 98 1
76 104 2
76 99 1
76 106 1
76 122 1
76 103 1
76 95 1
76 110 2
76 85 1
76 78 1
76 77 2
77 77 33
77 82 2
77 107 4
77 110 1
77 105 1
77 78 9
77 84 3
77 114 1
77 79 3
78 78 28
78 82 1
78 83 3
78 110 1
78 84 1
78 79 15
78 93 6
78 81 3
78 80 1
79 84 1
79 79 24
79 93 4
79 103 1
79 82 8
79 83 2
79 80 4
79 111 1
80 109 3
80 80 18
80 107 3
80 108 8
80 104 2
80 84 3
80 81 9
80 103 4
80 87 3
80 93 2
80 83 5
80 82 4
80 111 2
81 81 19
81 84 4
81 109 3
81 111 2
81 92 9
81 86 6
81 87 3
81 88 3
81 103 1
81 110 1
81 90 1
81 82 1
82 84 1
82 86 2
82 103 2
82 82 20
82 85 1
82 109 1
82 87 1
82 93 3
82 110 1
82 111 3
82 83 4
82 101 1
82 88 1
82 89 1
83 89 1
83 87 3
83 83 41
83 88 4
83 84 1
83 93 6
83 86 2
83 92 1
83 94 1
83 121 4
83 95 1
83 120 1
84 120 2
84 84 30
84 123 2
84 119 4
84 125 2
84 109 3
84 103 2
84 110 10
84 108 5
84 95 2
84 86 1
84 88 2
84 97 1
84 94 1
84 85 5
84 104 1
84 93 1
84 117 2
85 85 17
85 108 2
85 104 11
85 87 2
85 119 1
85 107 2
85 93 1
85 94 3
85 103 2
85 120 1
85 95 2
85 86 7
85 121 1
85 91 4
85 109 1
85 111 1
85 88 2
86 103 3
86 86 17
86 109 5
86 114 2
86 108 5
86 107 4
86 94 5
86 91 1
86 105 1
86 120 3
86 88 3
86 119 2
86 121 7
86 104 5
86 90 2
86 118 1
87 114 12
87 106 2
87 126 4
87 116 1
87 108 1
87 93 1
87 117 6
87 91 2
87 87 36
87 112 2
87 89 9
87 118 6
87 127 3
87 103 1
87 88 11
87 90 6
87 119 4
88 89 9
88 88 30
88 110 1
88 109 1
88 93 1
88 92 2
88 113 1
88 91 1
89 89 34
89 91 1
89 92 2
89 108 1
89 112 1
89 93 2
89 119 2
89 118 3
89 90 4
89 103 3
89 114 1
90 103 8
90 90 26
90 126 6
90 114 1
90 93 3
90 105 1
90 118 3
90 117 3
90 119 1
90 116 1
90 104 3
90 91 2
90 106 1
91 91 33
91 117 1
91 121 3
91 119 1
91 93 4
91 94 3
91 122 1
91 120 3
91 105 2
91 109 2
91 92 15
91 108 4
91 104 1
91 111 1
92 111 11
92 92 47
92 120 1
92 94 7
92 105 4
92 104 11
92 93 2
92 110 1
92 108 1
93 93 25
93 111 2
93 104 3
93 110 2
93 94 1
93 108 1
93 105 1
94 94 35
94 110 1
94 95 5
94 121 3
94 104 5
94 107 4
94 111 2
94 105 4
94 120 4
94 119 1
94 103 2
95 95 31
95 103 5
95 109 1
95 104 8
95 122 4
95 119 1
95 117 8
95 121 14
95 126 7
95 116 2
95 125 8
95 115 1
95 96 2
95 120 1
96 115 7
96 97 12
96 121 2
96 96 22
96 122 8
96 125 4
96 106 1
96 103 4
96 117 4
96 127 3
96 114 2
96 119 3
96 99 1
96 100 2
96 116 3
96 101 3
96 113 1
96 102 1
96 118 1
96 120 1
96 105 1
97 101 3
97 97 11
97 120 1
97 117 3
97 115 3
97 119 3
97 116 3
97 122 1
97 127 1
97 100 4
97 102 3
97 99 1
97 98 2
97 112 2
97 118 2
97 126 1
98 101 7
98 102 2
98 116 2
98 118 4
98 98 11
98 99 3
98 115 2
98 127 1
98 114 1
98 100 3
98 113 5
98 112 2
99 99 12
99 113 7
99 114 4
99 103 3
99 127 5
99 110 1
99 102 1
99 100 2
99 115 1
100 100 11
100 101 2
100 110 2
100 118 1
101 101 18
101 102 3
101 118 2
101 116 1
102 102 12
102 116 1
102 103 6
102 119 3
102 121 1
102 113 1
103 103 19
103 116 3
103 106 2
103 120 1
103 121 2
103 113 2
103 122 4
103 125 1
103 104 3
103 126 5
103 108 1
103 109 2
103 117 1
103 112 1
104 104 33
104 121 7
104 117 1
104 116 1
104 120 3
104 107 3
104 126 1
104 108 4
104 111 1
104 105 4
105 105 46
105 111 9
105 107 2
105 120 6
105 118 1
105 122 3
105 124 3
105 125 1
105 110 1
105 106 1
106 110 1
106 106 28
106 123 5
106 117 3
106 114 1
106 115 4
106 120 5
106 121 3
106 119 1
106 111 1
106 107 1
106 108 3
107 108 11
107 107 28
107 120 13
107 109 5
107 111 3
107 121 1
107 112 1
107 123 1
107 117 1
107 128 1
107 119 1
108 108 33
108 109 4
108 123 1
109 109 28
109 119 4
109 120 2
109 117 1
109 126 1
109 127 1
109 110 1
110 127 4
110 110 24
110 128 3
110 121 1
110 123 2
110 111 3
111 111 39
111 119 2
111 123 3
111 126 4
111 112 2
111 115 8
111 127 2
111 113 3
111 118 2
111 122 2
111 117 1
111 116 1
112 123 2
112 116 3
112 112 36
112 126 3
112 117 1
112 113 12
112 127 4
112 114 15
112 125 1
112 124 2
112 115 2
112 128 1
112 129 1
113 113 25
113 115 2
113 127 2
113 114 15
113 123 2
113 118 2
113 125 1
114 114 27
114 128 2
114 127 3
114 115 9
114 126 2
114 117 3
114 118 2
114 123 1
115 115 30
115 118 16
115 127 7
115 126 4
115 128 1
115 116 9
115 121 2
115 119 3
115 120 7
115 125 5
115 117 3
115 123 3
116 116 33
116 118 6
116 127 4
116 119 6
116 122 3
116 123 4
116 117 7
116 126 2
116 120 1
116 125 4
117 118 15
117 117 45
117 126 15
117 125 4
117 121 5
117 122 1
117 119 9
117 120 3
118 126 9
118 118 39
118 123 2
118 125 1
118 119 7
119 119 50
119 121 5
119 120 4
119 123 2
119 122 7
119 125 1
120 120 52
120 127 2
120 121 12
120 126 9
120 123 1
121 121 38
121 126 6
121 122 7
122 125 4
122 122 44
122 126 9
122 123 2
123 123 42
123 126 4
123 124 3
123 127 1
123 125 2
124 125 21
124 124 40
124 128 11
124 127 9
124 126 5
125 125 44
125 126 9
126 126 34
126 127 7
127 127 28
127 128 3
127 129 1
128 128 28
128 129 1
129 129 7
