3 3 19
3 30 6
3 19 1
3 29 4
3 4 9
3 14 1
3 15 1
3 13 1
3 18 2
3 16 1
4 16 2
4 4 15
4 17 1
4 14 2
4 6 1
4 7 3
4 5 10
4 27 1
4 11 2
4 35 1
4 26 1
4 28 1
4 25 4
4 12 1
4 41 1
4 29 1
4 43 1
4 8 1
5 67 5
5 40 1
5 5 12
5 36 3
5 41 1
5 6 1
5 66 1
5 35 2
5 25 3
5 32 1
5 11 1
5 28 1
5 26 1
5 23 2
5 22 1
5 20 2
5 8 1
6 25 2
6 43 3
6 24 2
6 6 19
6 11 1
6 20 8
6 12 4
6 23 1
6 8 3
6 28 3
6 29 3
6 22 4
6 7 9
6 18 1
6 35 5
7 20 3
7 7 23
7 8 2
7 43 2
7 25 1
7 34 1
7 21 1
7 12 1
7 44 1
7 22 1
7 42 1
8 8 13
8 20 5
8 24 3
8 25 1
8 11 3
8 12 1
8 27 4
8 19 3
8 13 7
8 10 1
8 38 1
8 35 2
8 18 1
8 31 1
8 23 3
9 9 29
9 31 2
9 28 3
9 11 2
9 29 5
9 42 3
9 16 2
9 30 14
9 43 1
9 17 4
9 10 10
9 19 1
9 39 2
9 15 1
10 10 17
10 18 4
10 29 4
10 15 3
10 17 2
10 30 1
10 27 1
10 39 1
10 38 3
10 42 1
11 19 5
11 18 1
11 11 12
11 38 1
11 15 1
11 13 8
11 42 1
11 12 7
11 35 1
11 20 1
11 14 1
12 12 20
12 13 10
12 14 3
12 18 2
13 14 13
13 18 1
13 19 3
13 13 18
13 20 2
13 42 1
13 27 9
13 28 2
13 30 1
13 29 1
13 15 2
13 16 1
14 14 26
14 42 3
14 16 1
14 19 4
14 21 1
14 15 10
14 20 1
14 26 1
15 15 19
15 30 1
15 50 1
15 42 1
15 56 2
15 29 6
15 31 3
15 16 6
15 19 2
15 39 3
15 40 1
15 18 4
15 28 1
15 17 3
15 61 1
16 29 6
16 16 22
16 19 1
16 17 11
16 43 1
16 42 1
16 18 3
16 47 1
16 22 1
16 28 2
16 30 3
16 38 1
17 17 10
17 40 1
17 29 4
17 18 6
17 45 1
17 22 2
17 30 3
18 46 1
18 18 14
18 30 3
18 29 1
18 19 13
18 26 1
18 31 1
18 28 1
19 19 10
19 38 4
19 28 1
19 29 1
19 27 1
19 43 2
19 20 1
19 37 1
19 24 1
20 20 21
20 35 5
20 47 1
20 26 1
20 41 1
20 51 1
20 27 4
20 62 1
20 23 1
20 22 1
20 21 3
20 46 1
21 63 6
21 31 4
21 21 56
21 66 1
21 64 8
21 45 2
21 54 2
21 61 7
21 44 6
21 62 1
21 26 1
21 46 5
21 50 1
21 32 1
21 22 5
21 48 2
21 58 1
21 55 2
21 68 1
21 47 1
22 22 31
22 55 1
22 32 1
22 46 2
22 47 2
22 33 1
22 23 8
22 30 1
22 35 5
22 56 2
22 43 5
22 44 3
22 50 2
22 28 3
22 24 2
22 40 2
22 41 1
22 51 4
22 39 2
22 42 1
22 31 1
22 52 1
23 43 6
23 23 9
23 31 2
23 42 4
23 39 1
23 40 2
23 33 3
23 28 4
23 30 1
23 51 10
23 35 3
23 52 2
23 56 1
23 27 5
23 24 4
23 32 3
23 53 1
23 60 1
23 29 2
23 38 1
23 54 1
23 34 1
24 54 1
24 27 2
24 52 3
24 50 2
24 24 15
24 29 8
24 42 1
24 56 5
24 40 1
24 35 7
24 33 5
24 34 5
24 51 1
24 39 2
24 43 1
24 25 8
24 28 1
24 31 1
24 70 1
25 25 12
25 41 6
25 27 1
25 40 1
25 43 4
25 37 1
25 67 1
25 28 2
25 29 1
25 26 3
25 68 2
26 26 19
26 51 2
26 38 2
26 44 1
26 39 3
26 28 2
26 41 1
26 29 4
26 37 1
26 27 1
27 27 23
27 29 6
27 32 3
27 30 1
27 53 3
27 40 3
27 38 2
27 39 1
27 28 2
27 50 1
27 52 4
27 54 1
27 37 1
27 36 1
27 43 1
27 68 1
28 29 5
28 46 1
28 38 5
28 28 17
28 39 5
28 33 2
28 43 2
28 56 1
28 30 5
28 31 5
28 40 2
29 30 10
29 33 1
29 40 2
29 29 20
29 39 1
29 35 3
29 56 4
29 51 1
29 55 2
29 37 1
30 56 2
30 30 17
30 31 14
30 32 2
30 33 6
30 37 1
30 39 3
30 43 2
30 34 2
30 67 1
31 31 47
31 36 1
31 66 1
31 32 7
31 33 2
31 67 7
31 52 1
31 43 6
31 40 4
31 39 2
32 67 10
32 33 1
32 32 19
32 45 7
32 59 2
32 40 8
32 53 1
32 66 1
32 68 2
32 37 1
32 51 2
32 52 3
32 54 4
32 46 4
32 38 1
32 36 1
32 69 1
33 36 9
33 45 1
33 39 1
33 33 15
33 43 5
33 53 3
33 54 1
33 56 1
33 55 2
33 60 1
33 61 1
33 35 1
33 47 1
33 34 4
33 51 2
33 52 1
34 34 42
34 43 14
34 40 2
34 41 6
34 56 22
34 35 10
34 69 1
34 46 1
34 55 5
34 54 5
34 44 2
34 36 1
34 47 1
34 42 1
35 43 7
35 35 19
35 55 5
35 42 6
35 41 4
35 56 5
35 47 1
35 46 3
35 40 4
35 36 6
35 54 2
35 51 5
35 52 3
35 37 1
36 55 2
36 40 6
36 36 14
36 54 3
36 58 1
36 43 1
36 45 6
36 51 4
36 37 6
36 59 2
36 70 1
36 67 1
37 37 34
37 38 5
37 39 1
37 67 1
37 47 1
37 40 9
37 45 1
37 41 3
38 38 16
38 39 3
38 53 1
38 45 1
38 51 1
38 40 1
39 39 7
39 51 1
39 69 1
39 66 1
39 53 1
39 43 1
39 40 2
39 56 1
40 53 6
40 40 19
40 67 1
40 45 1
40 65 1
40 41 7
40 52 3
40 56 1
40 44 1
40 50 2
40 43 2
41 46 1
41 41 38
41 42 14
41 66 1
41 56 1
41 43 3
41 47 2
42 47 6
42 42 32
42 43 13
42 46 1
42 51 1
43 43 36
43 46 3
43 51 3
43 47 1
43 56 5
43 67 1
43 55 1
43 44 1
43 69 1
44 56 4
44 44 44
44 46 1
44 64 1
44 50 3
44 69 3
44 68 2
44 45 8
44 62 3
44 57 11
44 70 1
44 59 1
44 66 2
44 58 2
44 51 1
45 45 56
45 66 2
45 46 20
45 57 1
45 70 3
45 65 4
45 59 2
45 48 8
45 67 8
45 50 4
45 49 3
45 68 9
45 64 4
45 56 3
45 47 1
45 58 2
45 120 1
45 51 1
46 46 42
46 50 5
46 51 8
46 64 5
46 56 5
46 70 1
46 54 2
46 47 6
46 67 5
46 55 1
46 48 8
46 58 1
46 68 3
46 59 1
46 69 4
47 47 32
47 69 3
47 51 4
47 59 2
47 56 3
47 67 1
47 55 2
47 70 2
47 54 1
47 48 16
47 49 7
47 77 2
47 120 4
47 71 1
47 72 2
47 53 1
47 52 1
48 48 35
48 77 3
48 49 19
48 56 6
48 71 10
48 50 10
48 78 1
48 52 1
48 65 6
48 72 1
48 69 1
48 64 10
48 120 1
48 74 1
48 61 1
49 64 8
49 120 12
49 49 39
49 65 6
49 78 2
49 71 3
49 54 7
49 50 17
49 90 6
49 82 1
49 72 3
49 73 1
49 79 1
49 63 1
49 59 3
49 83 1
49 85 1
49 76 1
49 55 2
49 70 1
49 93 1
49 95 1
50 55 2
50 71 5
50 50 31
50 59 1
50 120 7
50 84 1
50 87 4
50 85 3
50 90 1
50 76 1
50 58 8
50 65 2
50 70 7
50 83 1
50 56 1
51 70 2
51 51 22
51 54 2
51 52 7
51 66 1
51 68 2
51 53 4
51 120 1
51 57 1
52 52 13
52 71 3
52 54 3
52 53 5
52 77 4
52 76 3
52 84 4
52 80 4
52 114 1
52 88 1
52 75 1
52 79 1
52 95 2
53 95 2
53 53 24
53 74 5
53 54 4
53 80 5
53 98 5
53 61 2
53 114 2
53 121 3
53 69 1
53 120 2
53 78 8
53 119 1
53 107 2
53 84 1
53 60 1
53 79 2
54 95 1
54 54 24
54 79 5
54 78 1
54 80 3
54 82 2
54 84 2
54 77 2
54 59 2
54 72 6
54 71 3
54 55 7
54 56 2
54 83 2
54 70 2
54 93 2
54 92 1
54 63 3
54 69 1
54 75 1
55 55 20
55 92 1
55 58 4
55 59 2
55 56 5
55 72 1
55 90 1
55 86 1
55 76 2
56 56 32
56 80 1
56 88 1
56 64 10
56 70 1
56 106 1
57 57 61
57 58 7
57 59 1
57 70 4
57 69 1
57 66 3
57 107 1
57 79 1
57 80 1
57 89 1
58 58 25
58 66 4
58 107 1
58 69 3
58 88 1
58 78 2
58 80 3
58 103 1
58 104 1
58 77 2
58 89 1
58 79 2
58 59 3
58 85 7
58 82 2
58 84 1
58 86 1
58 120 1
58 65 2
58 87 2
58 63 3
58 60 2
58 68 1
59 59 25
59 98 3
59 69 2
59 87 2
59 90 1
59 75 1
59 68 4
59 96 1
59 71 1
59 61 2
59 66 13
59 65 5
59 72 1
59 63 2
59 62 2
59 82 3
59 79 2
59 60 2
59 83 1
59 81 2
59 80 1
59 85 1
60 81 3
60 85 1
60 60 29
60 80 5
60 69 11
60 90 1
60 68 9
60 77 1
60 79 6
60 115 6
60 104 3
60 88 2
60 67 1
60 72 3
60 61 1
60 95 2
60 89 2
60 75 1
60 83 3
60 66 1
60 62 1
60 63 2
60 84 2
60 87 1
60 86 1
61 84 1
61 61 70
61 87 2
61 83 4
61 62 8
61 80 1
61 78 1
61 101 1
61 86 1
61 114 11
61 115 2
61 113 2
62 62 63
62 83 2
62 68 1
62 63 3
62 84 6
62 86 4
62 65 1
62 66 2
63 63 42
63 83 6
63 68 1
63 87 2
63 85 3
63 65 7
63 86 1
63 75 1
63 93 3
63 67 2
63 76 1
63 90 1
63 92 1
63 120 1
63 64 1
64 64 40
64 66 1
64 65 3
64 107 1
65 104 1
65 67 1
65 65 40
65 66 7
65 114 1
65 88 1
65 90 2
65 121 2
65 72 1
66 66 36
66 122 1
66 90 2
66 70 5
66 69 3
66 88 1
66 89 1
66 104 1
67 95 3
67 67 30
67 123 1
67 69 5
67 98 1
67 97 1
67 70 1
67 71 2
67 96 8
67 104 1
67 88 5
67 75 2
67 105 4
67 80 2
67 92 1
67 89 2
67 68 9
67 87 2
67 101 3
67 102 1
68 102 1
68 68 29
68 107 4
68 106 2
68 80 3
68 79 6
68 81 1
68 104 2
68 103 1
68 105 1
68 69 15
68 87 2
68 78 1
68 89 2
68 82 1
69 69 36
69 70 1
69 79 2
69 105 2
69 81 1
69 87 1
69 89 4
69 113 1
69 80 1
69 88 1
70 70 36
70 109 1
70 89 8
70 97 5
70 121 1
70 88 4
70 72 2
70 98 5
70 96 3
70 107 1
70 71 5
70 104 4
70 95 1
71 71 17
71 111 5
71 77 2
71 91 1
71 104 2
71 96 1
71 72 7
71 92 2
71 99 9
71 74 2
71 112 2
71 120 7
71 98 2
71 97 3
71 94 1
71 76 1
71 90 1
72 120 1
72 72 20
72 82 1
72 74 1
72 99 2
72 96 3
72 97 2
72 83 1
72 111 8
72 113 1
72 119 1
72 79 1
72 77 3
72 73 1
72 78 1
73 119 8
73 79 3
73 73 20
73 120 10
73 98 3
73 99 3
73 77 4
73 76 4
73 122 1
73 85 3
73 74 3
73 111 6
73 92 2
73 91 4
73 112 2
74 74 27
74 78 2
74 88 2
74 77 1
74 85 1
74 112 1
74 111 4
74 99 1
74 98 4
74 76 5
74 84 2
74 86 2
74 79 1
74 87 1
74 115 1
74 75 1
75 113 4
75 114 2
75 76 7
75 75 18
75 123 1
75 102 2
75 115 4
75 95 4
75 116 2
75 99 1
75 77 5
75 112 2
75 121 1
75 98 4
75 87 4
75 96 1
75 92 3
75 88 2
75 78 2
75 120 1
75 93 1
75 94 1
75 79 3
75 90 1
75 80 2
76 88 2
76 121 1
76 87 1
76 98 7
76 76 11
76 96 2
76 78 2
76 90 2
76 82 2
76 79 1
76 93 1
76 85 1
76 92 4
76 94 1
76 95 1
76 112 4
76 77 3
77 77 16
77 79 9
77 82 1
77 96 1
77 88 3
77 89 2
77 104 5
77 107 1
77 84 1
77 103 4
77 105 2
77 83 2
77 106 1
77 78 4
77 98 1
78 98 2
78 78 11
78 88 5
78 83 4
78 106 1
78 102 5
78 103 4
78 107 2
78 95 2
78 120 1
78 119 1
78 80 7
78 93 1
78 89 1
78 79 2
78 82 1
79 102 1
79 79 15
79 80 3
79 84 4
79 82 2
79 120 1
79 98 1
79 81 1
79 92 1
79 88 1
79 89 2
79 103 1
80 80 14
80 83 4
80 115 1
80 82 3
80 85 2
80 95 2
80 103 1
80 102 2
80 101 1
80 84 1
80 81 5
80 98 1
81 102 1
81 81 9
81 100 4
81 94 2
81 99 1
81 91 1
81 95 4
81 82 1
81 105 3
82 94 1
82 93 2
82 82 16
82 112 1
82 102 1
82 85 2
82 84 8
82 86 1
82 104 1
82 106 1
83 104 3
83 83 20
83 107 1
83 105 5
83 106 6
83 102 1
83 100 1
83 84 2
83 85 1
84 86 7
84 84 12
84 102 2
84 87 4
84 85 8
85 87 6
85 85 14
85 89 1
85 86 11
85 98 2
85 105 1
86 86 25
86 87 3
86 97 1
86 98 1
86 88 3
87 87 10
87 89 1
87 98 2
87 88 3
87 95 1
88 95 5
88 99 1
88 94 1
88 88 10
88 98 9
88 89 7
88 96 2
88 92 1
88 101 1
88 91 1
88 90 1
89 102 1
89 89 14
89 114 1
89 104 1
89 94 1
89 92 3
89 91 5
89 93 3
89 98 6
89 97 2
89 96 1
89 90 3
90 90 30
90 92 6
90 91 8
90 93 3
90 118 1
90 111 2
90 94 2
90 104 1
90 112 1
91 91 10
91 112 1
91 111 2
91 97 1
91 99 2
91 92 1
91 94 1
92 105 1
92 95 2
92 94 7
92 118 3
92 109 1
92 101 2
92 116 1
92 111 2
92 97 1
92 92 12
92 93 5
93 93 6
93 94 4
93 95 1
94 94 21
94 95 12
94 118 2
94 106 2
94 117 3
94 112 2
94 104 2
94 109 2
94 116 1
94 103 3
94 101 1
94 105 3
94 96 1
95 95 21
95 110 1
95 109 1
95 104 10
95 96 6
95 105 7
95 121 2
95 103 11
95 118 2
95 97 4
95 101 1
95 112 2
95 99 10
95 120 1
95 102 1
95 116 2
95 98 6
96 96 34
96 105 2
96 114 1
96 112 1
96 98 8
96 97 17
96 102 7
96 110 1
96 111 2
96 116 3
96 99 2
96 100 1
97 99 6
97 97 27
97 98 3
97 100 7
97 101 3
97 112 7
97 111 5
97 113 5
97 102 6
97 103 2
97 121 1
97 108 1
97 106 2
97 116 3
97 115 1
97 114 1
98 115 3
98 107 1
98 98 24
98 117 1
98 111 3
98 112 5
98 119 2
98 110 2
98 113 2
98 116 3
98 121 1
99 99 34
99 102 7
99 113 6
99 108 4
99 111 5
99 119 4
99 112 3
99 103 9
99 106 1
99 107 2
99 120 12
99 100 4
99 121 1
100 100 21
100 121 2
100 112 4
100 101 13
100 113 2
100 102 1
100 119 4
100 120 1
100 111 1
101 112 6
101 102 9
101 111 3
101 123 1
101 101 24
101 118 4
101 121 3
101 124 1
101 105 1
101 107 1
101 109 1
101 116 1
101 103 2
101 106 1
102 102 30
102 112 1
102 106 6
102 107 3
102 103 11
102 105 1
102 115 1
102 116 7
102 121 1
102 120 2
102 104 3
102 114 1
103 103 39
103 110 3
103 106 2
103 109 5
103 112 2
103 104 5
103 107 2
103 105 4
103 121 2
103 113 1
104 104 20
104 118 4
104 107 1
104 106 5
104 109 7
104 105 16
104 121 1
104 120 1
104 116 4
104 117 4
104 123 2
104 111 1
104 113 1
104 122 3
105 105 25
105 117 5
105 123 1
105 109 11
105 116 6
105 107 7
105 112 1
105 106 4
105 121 3
105 108 1
106 118 6
106 106 36
106 109 1
106 108 8
106 107 2
106 121 2
106 113 1
107 107 57
107 113 5
107 118 6
107 110 2
107 121 2
107 108 10
107 119 2
108 108 68
108 119 1
108 109 6
108 123 1
108 118 5
108 122 1
108 121 2
109 116 3
109 109 30
109 121 3
109 118 3
109 122 7
109 117 3
109 124 1
109 123 5
109 114 3
110 110 39
110 121 1
110 115 1
110 111 1
110 113 1
110 116 1
111 113 3
111 116 1
111 111 30
111 112 8
111 119 3
111 115 1
111 123 1
111 124 2
112 112 25
112 123 1
112 124 4
112 117 1
112 113 10
112 119 3
112 120 1
112 114 1
113 113 26
113 119 13
113 120 1
113 116 7
113 121 3
113 122 7
113 117 6
113 114 5
113 124 1
114 116 5
114 117 3
114 114 36
114 123 5
114 115 13
115 115 30
115 116 6
115 117 7
115 123 8
116 116 35
116 124 2
116 117 8
116 121 3
116 118 1
117 117 45
117 123 9
117 120 4
117 124 3
117 122 9
117 121 1
118 122 3
118 120 6
118 118 41
118 121 5
118 119 3
119 119 57
119 120 6
119 121 5
120 120 44
120 122 3
120 121 8
121 121 46
121 122 3
122 123 19
122 122 28
122 124 1
123 123 23
123 124 1
124 124 7
