4 21 1
5 5 6
5 10 9
5 39 4
5 11 3
5 14 2
5 38 1
5 37 1
5 17 1
6 10 1
6 37 1
6 11 6
6 38 1
6 17 2
6 18 4
6 6 8
6 19 1
6 23 1
6 24 2
7 7 17
7 8 6
7 13 3
7 38 1
7 19 1
7 20 1
7 12 2
7 23 1
8 8 6
8 16 3
8 38 1
8 41 1
8 48 1
8 47 1
8 9 3
8 40 1
8 17 2
8 44 1
9 9 5
9 16 1
9 40 2
9 15 1
9 10 3
9 17 1
9 37 1
10 10 12
10 17 3
10 38 2
10 39 3
10 11 2
10 36 2
11 11 12
11 39 2
11 17 3
11 38 4
11 18 1
11 15 1
11 12 3
12 12 17
12 39 1
12 19 7
12 37 2
12 38 1
12 23 2
12 18 1
12 43 1
12 21 1
12 36 1
12 13 4
12 41 1
13 13 11
13 36 2
13 38 4
13 41 1
13 47 1
13 19 3
13 37 1
14 47 1
14 38 4
14 14 8
14 16 2
14 22 1
14 40 1
14 37 1
14 15 2
14 25 1
15 15 7
15 17 3
15 23 1
15 22 1
15 26 1
16 19 1
16 23 1
16 16 7
16 22 5
16 47 1
16 21 2
16 40 1
16 17 3
16 38 1
17 40 2
17 17 7
17 22 1
17 36 1
17 21 2
17 18 2
17 25 1
18 18 9
18 22 1
18 38 2
18 19 4
18 24 2
18 23 3
18 25 1
18 37 1
18 47 1
19 47 3
19 19 7
19 38 1
19 25 1
19 24 1
19 41 2
19 36 2
20 44 3
20 20 17
20 48 1
20 49 2
20 47 2
21 44 1
21 21 9
21 41 2
21 43 1
21 26 2
21 42 2
21 47 1
21 22 1
22 22 4
22 47 2
22 43 2
22 40 1
22 41 1
22 23 1
23 23 11
23 24 1
24 24 1
25 47 1
33 42 2
35 35 2
36 47 1
36 44 2
36 36 9
36 48 3
36 43 2
36 37 1
37 37 11
37 38 8
38 38 7
38 48 2
39 39 5
39 40 2
40 40 1
40 43 1
40 41 3
40 56 1
40 48 2
41 41 9
41 43 3
41 42 5
41 44 1
41 48 1
42 42 6
42 44 2
42 43 1
43 48 2
43 43 7
43 47 4
44 44 3
45 45 5
45 56 1
45 55 4
45 75 1
45 46 2
45 53 1
46 46 4
46 49 1
46 73 1
46 52 1
46 47 1
47 47 7
47 56 1
47 48 1
48 48 6
48 49 1
48 56 2
48 75 2
49 75 1
49 76 1
49 50 4
49 49 4
49 67 1
49 60 1
49 55 1
50 51 1
50 78 1
50 76 9
50 62 2
50 74 1
50 59 1
50 67 2
50 75 4
50 50 4
50 52 1
50 60 1
50 64 1
50 54 2
51 67 4
51 51 6
51 57 1
51 71 6
51 70 3
51 75 3
51 76 1
51 59 2
51 56 1
51 74 1
51 99 2
52 71 4
52 101 1
52 100 9
52 52 9
52 65 1
52 94 1
52 99 3
52 59 3
52 96 2
52 95 3
52 93 2
52 109 1
52 64 1
52 67 1
52 57 5
52 74 1
52 60 1
52 58 1
53 100 1
53 60 2
53 62 3
53 53 3
53 57 1
53 55 3
53 74 3
53 63 2
53 97 1
53 54 1
53 61 1
53 94 1
54 75 1
54 59 1
54 76 2
55 55 1
56 56 10
56 73 3
56 75 1
56 71 1
56 66 1
56 57 1
56 59 2
57 59 1
57 60 1
57 64 1
57 100 3
57 66 3
57 70 1
57 67 1
57 89 1
57 76 2
57 57 8
57 109 1
57 58 4
57 80 1
57 81 2
57 69 2
57 83 3
57 87 1
58 109 3
58 58 10
58 85 1
58 86 1
58 87 1
58 67 1
58 59 2
58 68 1
58 95 1
58 100 2
58 66 1
58 64 1
58 94 1
58 97 1
58 96 1
58 65 1
59 60 4
59 59 2
59 66 1
59 67 2
59 65 1
59 86 1
59 76 1
60 60 7
60 67 1
60 64 3
60 95 2
60 75 1
60 73 1
60 76 1
61 61 5
61 76 2
61 96 2
61 80 1
61 63 2
61 79 1
61 62 3
61 75 1
62 62 15
62 74 1
62 75 1
63 63 5
63 79 1
63 77 2
63 78 1
63 80 1
63 98 1
63 75 1
63 64 1
64 64 4
64 75 1
64 96 4
64 65 2
64 97 1
64 98 1
64 66 1
65 76 1
65 96 2
65 65 8
65 66 1
65 109 2
65 88 1
65 84 1
65 80 1
66 86 2
66 81 1
66 109 1
66 110 1
66 95 1
66 100 2
66 98 1
66 67 3
66 83 1
66 68 4
66 66 4
66 72 2
66 70 2
66 71 1
67 70 1
67 76 4
67 75 1
67 67 8
67 83 1
67 101 2
67 68 1
67 93 1
67 99 4
67 82 1
67 86 1
67 112 1
67 88 1
67 100 2
67 72 1
68 68 6
68 103 1
68 83 1
68 99 2
68 72 2
68 70 2
68 100 2
69 72 2
69 101 2
69 84 2
69 89 3
69 69 5
69 111 2
69 70 5
69 80 1
69 88 1
70 72 2
70 70 4
70 71 8
70 99 1
70 74 1
71 71 15
71 76 1
71 72 5
71 99 11
71 100 3
72 72 6
72 73 1
73 73 18
73 74 2
73 103 1
74 74 6
75 75 8
75 96 1
75 95 1
75 82 1
75 76 2
76 76 3
76 80 2
76 96 1
76 122 1
76 77 2
76 85 2
77 77 10
77 91 2
77 122 1
77 113 1
77 95 4
77 93 1
77 137 1
77 79 1
77 78 3
77 80 1
78 78 6
78 115 3
78 79 2
78 95 2
78 102 1
78 119 2
79 122 2
79 113 1
79 79 1
79 110 1
79 85 2
79 109 1
79 95 1
80 112 1
80 80 3
80 95 3
80 109 1
80 81 2
81 107 1
81 81 3
81 110 5
81 85 3
81 89 1
81 113 1
81 83 1
81 84 1
81 86 1
82 113 1
82 89 4
82 121 2
82 84 1
82 82 4
82 90 1
82 85 1
82 86 2
82 83 1
82 97 1
82 87 2
83 88 3
83 84 2
83 89 1
83 86 3
83 98 1
83 83 3
84 121 2
84 101 2
84 84 3
84 113 1
84 85 2
84 97 2
84 96 1
84 86 1
84 99 1
84 112 1
85 85 10
85 91 2
85 109 2
85 102 2
85 119 1
85 110 1
85 86 1
86 112 3
86 89 1
86 98 1
86 99 1
86 96 2
86 86 2
86 109 1
87 112 1
87 87 6
87 97 2
87 99 1
87 98 1
87 120 2
87 105 1
87 88 1
88 88 4
88 120 2
88 90 1
88 107 6
88 97 1
88 112 6
88 98 2
88 94 1
88 95 1
88 121 1
88 111 1
89 113 2
89 112 2
89 110 1
89 89 1
89 90 4
89 121 1
90 121 3
90 90 2
90 102 6
90 91 1
90 107 1
90 119 2
90 92 1
91 104 2
91 115 1
91 91 5
91 123 1
91 122 2
91 119 4
91 93 2
91 92 2
92 115 2
92 105 2
92 92 6
92 103 3
92 93 2
92 104 1
92 119 1
93 104 1
93 93 8
93 122 1
93 105 1
93 121 1
93 94 3
93 100 1
93 96 2
93 103 2
94 94 6
94 99 1
94 109 3
94 98 2
94 100 1
94 108 1
94 96 1
94 101 1
95 113 2
95 95 7
95 107 1
95 110 1
95 99 1
95 100 1
96 96 6
96 100 2
96 106 1
96 112 1
96 109 1
96 101 1
96 107 1
96 120 1
97 97 4
97 108 3
97 107 2
97 119 1
97 121 2
97 103 1
97 137 1
97 120 1
97 98 1
97 112 1
97 122 1
98 106 2
98 98 5
98 107 3
98 100 2
98 99 1
99 99 11
100 100 7
100 109 1
100 112 1
100 101 1
101 101 19
101 103 1
101 112 1
101 120 1
101 111 1
101 134 1
101 110 1
101 108 1
102 126 2
102 102 13
102 105 2
102 107 1
102 131 1
102 122 2
102 121 2
102 113 1
102 119 3
103 105 2
103 144 1
103 137 2
103 113 1
103 118 4
103 142 2
103 103 11
103 104 1
104 104 7
104 143 4
104 136 2
104 109 1
104 138 2
104 142 1
104 121 2
104 117 2
104 113 1
105 144 1
105 105 9
105 142 1
105 114 1
105 122 1
105 131 1
105 135 2
105 115 1
105 145 1
105 121 1
106 108 3
106 106 9
106 128 2
106 130 2
106 131 2
107 126 1
107 108 1
107 107 4
107 112 3
107 119 1
107 113 1
107 120 2
108 108 4
108 112 2
108 111 1
108 120 1
108 109 1
108 113 1
109 109 3
109 110 3
110 110 2
111 120 2
111 111 2
111 121 1
111 112 2
112 112 3
112 113 4
112 120 1
112 118 1
112 115 1
113 119 1
113 113 4
113 122 2
114 114 5
114 133 5
114 126 1
114 115 2
115 137 1
115 131 2
115 138 3
115 118 1
115 132 2
115 121 1
115 143 1
115 116 4
115 134 1
116 145 4
116 117 1
116 116 4
116 138 1
116 144 1
117 117 4
117 139 4
117 136 1
117 138 1
117 147 2
117 148 1
117 142 3
117 143 2
117 118 4
118 137 1
118 140 1
118 118 1
118 144 1
118 132 1
119 119 8
119 122 1
119 120 1
120 120 5
120 130 1
121 134 1
121 121 6
121 126 1
121 122 2
121 132 1
121 128 1
121 131 1
122 138 1
122 122 3
122 134 1
122 143 1
123 133 1
124 132 1
126 126 3
126 133 3
126 134 4
126 127 2
127 134 5
127 130 1
127 132 2
127 127 6
127 133 1
127 128 2
127 131 1
128 128 8
128 131 2
128 130 1
128 136 1
129 154 1
129 135 2
129 129 10
129 132 1
130 130 4
131 132 3
131 154 1
131 134 2
131 135 1
131 131 1
132 132 5
132 143 2
133 133 2
133 134 1
134 134 21
134 144 5
134 135 2
134 163 1
135 144 1
135 135 4
135 136 2
135 154 1
135 160 1
135 159 1
136 155 4
136 136 13
136 154 2
136 160 3
136 137 1
136 144 1
136 142 2
137 139 1
137 138 4
137 143 2
137 137 6
137 145 1
138 139 4
138 138 4
138 144 2
138 145 1
138 143 3
139 142 1
139 139 17
139 152 2
139 140 3
140 140 12
140 152 3
140 141 1
140 142 1
141 141 9
141 142 1
142 152 1
142 142 5
142 150 1
142 143 8
143 143 8
143 144 1
144 144 5
144 166 2
144 150 2
144 152 1
144 169 1
144 145 1
145 145 4
145 147 2
145 146 7
145 163 3
145 150 4
145 151 2
145 153 1
145 166 1
145 165 2
146 146 7
146 151 1
146 166 1
146 161 1
146 163 3
146 147 1
147 147 6
147 148 1
147 153 4
147 150 3
147 152 1
147 165 1
147 169 1
147 167 1
148 150 2
149 152 1
150 152 1
150 153 2
150 150 5
150 166 9
150 167 2
150 169 1
150 151 1
151 151 9
151 153 1
151 161 1
151 167 2
151 168 7
152 152 6
152 166 1
152 169 1
153 153 14
153 166 1
153 163 1
153 161 1
153 160 2
153 162 1
153 157 5
154 155 3
154 154 9
155 155 5
155 162 1
155 159 2
155 156 2
156 158 1
156 156 6
156 159 1
157 157 7
157 167 1
157 160 4
157 161 1
157 162 1
157 166 1
157 165 1
157 164 2
157 158 1
158 158 5
158 159 2
159 161 4
159 159 7
159 162 7
159 160 8
159 163 1
159 166 1
160 161 3
160 160 16
160 162 4
161 161 9
161 162 14
161 163 1
161 166 1
162 162 10
162 166 3
162 163 2
162 165 1
163 163 7
163 166 2
163 169 1
163 165 1
163 164 6
163 167 2
164 164 12
164 168 2
164 167 3
164 169 1
164 165 3
164 166 1
165 168 2
165 165 13
165 167 5
165 170 1
165 169 1
165 166 2
166 167 6
166 166 15
167 167 10
167 169 7
167 168 4
168 168 10
168 169 5
169 169 12
170 170 1
